0 0 1
-1.0 -1.0 -1.0
-0.76505532392946469285100297395934 -1.0 -1.0
-0.28523151648064509631415099404088 -1.0 -1.0
0.28523151648064509631415099404088 -1.0 -1.0
0.76505532392946469285100297395934 -1.0 -1.0
1.0 -1.0 -1.0
-1.0 -0.76505532392946469285100297395934 -1.0
-0.76505532392946469285100297395934 -0.76505532392946469285100297395934 -1.0
-0.28523151648064509631415099404088 -0.76505532392946469285100297395934 -1.0
0.28523151648064509631415099404088 -0.76505532392946469285100297395934 -1.0
0.76505532392946469285100297395934 -0.76505532392946469285100297395934 -1.0
1.0 -0.76505532392946469285100297395934 -1.0
-1.0 -0.28523151648064509631415099404088 -1.0
-0.76505532392946469285100297395934 -0.28523151648064509631415099404088 -1.0
-0.28523151648064509631415099404088 -0.28523151648064509631415099404088 -1.0
0.28523151648064509631415099404088 -0.28523151648064509631415099404088 -1.0
0.76505532392946469285100297395934 -0.28523151648064509631415099404088 -1.0
1.0 -0.28523151648064509631415099404088 -1.0
-1.0 0.28523151648064509631415099404088 -1.0
-0.76505532392946469285100297395934 0.28523151648064509631415099404088 -1.0
-0.28523151648064509631415099404088 0.28523151648064509631415099404088 -1.0
0.28523151648064509631415099404088 0.28523151648064509631415099404088 -1.0
0.76505532392946469285100297395934 0.28523151648064509631415099404088 -1.0
1.0 0.28523151648064509631415099404088 -1.0
-1.0 0.76505532392946469285100297395934 -1.0
-0.76505532392946469285100297395934 0.76505532392946469285100297395934 -1.0
-0.28523151648064509631415099404088 0.76505532392946469285100297395934 -1.0
0.28523151648064509631415099404088 0.76505532392946469285100297395934 -1.0
0.76505532392946469285100297395934 0.76505532392946469285100297395934 -1.0
1.0 0.76505532392946469285100297395934 -1.0
-1.0 1.0 -1.0
-0.76505532392946469285100297395934 1.0 -1.0
-0.28523151648064509631415099404088 1.0 -1.0
0.28523151648064509631415099404088 1.0 -1.0
0.76505532392946469285100297395934 1.0 -1.0
1.0 1.0 -1.0
-0.8825276619647323464255014869795 -0.8825276619647323464255014869795 -0.765055323929464692851002973959
-0.57774997340654085459594207839922 -0.8825276619647323464255014869795 -0.765055323929464692851002973959
0.0 -0.8825276619647323464255014869795 -0.765055323929464692851002973959
0.57774997340654085459594207839922 -0.8825276619647323464255014869795 -0.765055323929464692851002973959
0.8825276619647323464255014869795 -0.8825276619647323464255014869795 -0.765055323929464692851002973959
-0.8825276619647323464255014869795 -0.57774997340654085459594207839922 -0.765055323929464692851002973959
-0.57774997340654085459594207839922 -0.57774997340654085459594207839922 -0.765055323929464692851002973959
0.0 -0.57774997340654085459594207839922 -0.765055323929464692851002973959
0.57774997340654085459594207839922 -0.57774997340654085459594207839922 -0.765055323929464692851002973959
0.8825276619647323464255014869795 -0.57774997340654085459594207839922 -0.765055323929464692851002973959
-0.8825276619647323464255014869795 0.0 -0.765055323929464692851002973959
-0.57774997340654085459594207839922 0.0 -0.765055323929464692851002973959
0.0 0.0 -0.765055323929464692851002973959
0.57774997340654085459594207839922 0.0 -0.765055323929464692851002973959
0.8825276619647323464255014869795 0.0 -0.765055323929464692851002973959
-0.8825276619647323464255014869795 0.57774997340654085459594207839922 -0.765055323929464692851002973959
-0.57774997340654085459594207839922 0.57774997340654085459594207839922 -0.765055323929464692851002973959
0.0 0.57774997340654085459594207839922 -0.765055323929464692851002973959
0.57774997340654085459594207839922 0.57774997340654085459594207839922 -0.765055323929464692851002973959
0.8825276619647323464255014869795 0.57774997340654085459594207839922 -0.765055323929464692851002973959
-0.8825276619647323464255014869795 0.8825276619647323464255014869795 -0.765055323929464692851002973959
-0.57774997340654085459594207839922 0.8825276619647323464255014869795 -0.765055323929464692851002973959
0.0 0.8825276619647323464255014869795 -0.765055323929464692851002973959
0.57774997340654085459594207839922 0.8825276619647323464255014869795 -0.765055323929464692851002973959
0.8825276619647323464255014869795 0.8825276619647323464255014869795 -0.765055323929464692851002973959
-0.6426157582403225481570754970205 -0.6426157582403225481570754970205 -0.285231516480645096314150994041
-0.2873865037675863709607517267056 -0.6426157582403225481570754970205 -0.285231516480645096314150994041
0.2873865037675863709607517267056 -0.6426157582403225481570754970205 -0.285231516480645096314150994041
0.6426157582403225481570754970205 -0.6426157582403225481570754970205 -0.285231516480645096314150994041
-0.6426157582403225481570754970205 -0.2873865037675863709607517267056 -0.285231516480645096314150994041
-0.2873865037675863709607517267056 -0.2873865037675863709607517267056 -0.285231516480645096314150994041
0.2873865037675863709607517267056 -0.2873865037675863709607517267056 -0.285231516480645096314150994041
0.6426157582403225481570754970205 -0.2873865037675863709607517267056 -0.285231516480645096314150994041
-0.6426157582403225481570754970205 0.2873865037675863709607517267056 -0.285231516480645096314150994041
-0.2873865037675863709607517267056 0.2873865037675863709607517267056 -0.285231516480645096314150994041
0.2873865037675863709607517267056 0.2873865037675863709607517267056 -0.285231516480645096314150994041
0.6426157582403225481570754970205 0.2873865037675863709607517267056 -0.285231516480645096314150994041
-0.6426157582403225481570754970205 0.6426157582403225481570754970205 -0.285231516480645096314150994041
-0.2873865037675863709607517267056 0.6426157582403225481570754970205 -0.285231516480645096314150994041
0.2873865037675863709607517267056 0.6426157582403225481570754970205 -0.285231516480645096314150994041
0.6426157582403225481570754970205 0.6426157582403225481570754970205 -0.285231516480645096314150994041
-0.3573842417596774518429245029795 -0.3573842417596774518429245029795 0.285231516480645096314150994041
0.0 -0.3573842417596774518429245029795 0.285231516480645096314150994041
0.3573842417596774518429245029795 -0.3573842417596774518429245029795 0.285231516480645096314150994041
-0.3573842417596774518429245029795 0.0 0.285231516480645096314150994041
0.0 0.0 0.285231516480645096314150994041
0.3573842417596774518429245029795 0.0 0.285231516480645096314150994041
-0.3573842417596774518429245029795 0.3573842417596774518429245029795 0.285231516480645096314150994041
0.0 0.3573842417596774518429245029795 0.285231516480645096314150994041
0.3573842417596774518429245029795 0.3573842417596774518429245029795 0.285231516480645096314150994041
-0.1174723380352676535744985130205 -0.1174723380352676535744985130205 0.765055323929464692851002973959
0.1174723380352676535744985130205 -0.1174723380352676535744985130205 0.765055323929464692851002973959
-0.1174723380352676535744985130205 0.1174723380352676535744985130205 0.765055323929464692851002973959
0.1174723380352676535744985130205 0.1174723380352676535744985130205 0.765055323929464692851002973959
