0 0 1
-1.0 -1.0 -1.0
-0.83022389627856692987203221396747 -1.0 -1.0
-0.46884879347071421380377188190877 -1.0 -1.0
0.0 -1.0 -1.0
0.46884879347071421380377188190877 -1.0 -1.0
0.83022389627856692987203221396747 -1.0 -1.0
1.0 -1.0 -1.0
-1.0 -0.83022389627856692987203221396747 -1.0
-0.83022389627856692987203221396747 -0.83022389627856692987203221396747 -1.0
-0.46884879347071421380377188190877 -0.83022389627856692987203221396747 -1.0
0.0 -0.83022389627856692987203221396747 -1.0
0.46884879347071421380377188190877 -0.83022389627856692987203221396747 -1.0
0.83022389627856692987203221396747 -0.83022389627856692987203221396747 -1.0
1.0 -0.83022389627856692987203221396747 -1.0
-1.0 -0.46884879347071421380377188190877 -1.0
-0.83022389627856692987203221396747 -0.46884879347071421380377188190877 -1.0
-0.46884879347071421380377188190877 -0.46884879347071421380377188190877 -1.0
0.0 -0.46884879347071421380377188190877 -1.0
0.46884879347071421380377188190877 -0.46884879347071421380377188190877 -1.0
0.83022389627856692987203221396747 -0.46884879347071421380377188190877 -1.0
1.0 -0.46884879347071421380377188190877 -1.0
-1.0 0.0 -1.0
-0.83022389627856692987203221396747 0.0 -1.0
-0.46884879347071421380377188190877 0.0 -1.0
0.0 0.0 -1.0
0.46884879347071421380377188190877 0.0 -1.0
0.83022389627856692987203221396747 0.0 -1.0
1.0 0.0 -1.0
-1.0 0.46884879347071421380377188190877 -1.0
-0.83022389627856692987203221396747 0.46884879347071421380377188190877 -1.0
-0.46884879347071421380377188190877 0.46884879347071421380377188190877 -1.0
0.0 0.46884879347071421380377188190877 -1.0
0.46884879347071421380377188190877 0.46884879347071421380377188190877 -1.0
0.83022389627856692987203221396747 0.46884879347071421380377188190877 -1.0
1.0 0.46884879347071421380377188190877 -1.0
-1.0 0.83022389627856692987203221396747 -1.0
-0.83022389627856692987203221396747 0.83022389627856692987203221396747 -1.0
-0.46884879347071421380377188190877 0.83022389627856692987203221396747 -1.0
0.0 0.83022389627856692987203221396747 -1.0
0.46884879347071421380377188190877 0.83022389627856692987203221396747 -1.0
0.83022389627856692987203221396747 0.83022389627856692987203221396747 -1.0
1.0 0.83022389627856692987203221396747 -1.0
-1.0 1.0 -1.0
-0.83022389627856692987203221396747 1.0 -1.0
-0.46884879347071421380377188190877 1.0 -1.0
0.0 1.0 -1.0
0.46884879347071421380377188190877 1.0 -1.0
0.83022389627856692987203221396747 1.0 -1.0
1.0 1.0 -1.0
-0.9151119481392834649360161069835 -0.9151119481392834649360161069835 -0.830223896278566929872032213967
-0.70011126791542300605674504527117 -0.9151119481392834649360161069835 -0.830223896278566929872032213967
-0.26101876871732527230906896773735 -0.9151119481392834649360161069835 -0.830223896278566929872032213967
0.26101876871732527230906896773735 -0.9151119481392834649360161069835 -0.830223896278566929872032213967
0.70011126791542300605674504527117 -0.9151119481392834649360161069835 -0.830223896278566929872032213967
0.9151119481392834649360161069835 -0.9151119481392834649360161069835 -0.830223896278566929872032213967
-0.9151119481392834649360161069835 -0.70011126791542300605674504527117 -0.830223896278566929872032213967
-0.70011126791542300605674504527117 -0.70011126791542300605674504527117 -0.830223896278566929872032213967
-0.26101876871732527230906896773735 -0.70011126791542300605674504527117 -0.830223896278566929872032213967
0.26101876871732527230906896773735 -0.70011126791542300605674504527117 -0.830223896278566929872032213967
0.70011126791542300605674504527117 -0.70011126791542300605674504527117 -0.830223896278566929872032213967
0.9151119481392834649360161069835 -0.70011126791542300605674504527117 -0.830223896278566929872032213967
-0.9151119481392834649360161069835 -0.26101876871732527230906896773735 -0.830223896278566929872032213967
-0.70011126791542300605674504527117 -0.26101876871732527230906896773735 -0.830223896278566929872032213967
-0.26101876871732527230906896773735 -0.26101876871732527230906896773735 -0.830223896278566929872032213967
0.26101876871732527230906896773735 -0.26101876871732527230906896773735 -0.830223896278566929872032213967
0.70011126791542300605674504527117 -0.26101876871732527230906896773735 -0.830223896278566929872032213967
0.9151119481392834649360161069835 -0.26101876871732527230906896773735 -0.830223896278566929872032213967
-0.9151119481392834649360161069835 0.26101876871732527230906896773735 -0.830223896278566929872032213967
-0.70011126791542300605674504527117 0.26101876871732527230906896773735 -0.830223896278566929872032213967
-0.26101876871732527230906896773735 0.26101876871732527230906896773735 -0.830223896278566929872032213967
0.26101876871732527230906896773735 0.26101876871732527230906896773735 -0.830223896278566929872032213967
0.70011126791542300605674504527117 0.26101876871732527230906896773735 -0.830223896278566929872032213967
0.9151119481392834649360161069835 0.26101876871732527230906896773735 -0.830223896278566929872032213967
-0.9151119481392834649360161069835 0.70011126791542300605674504527117 -0.830223896278566929872032213967
-0.70011126791542300605674504527117 0.70011126791542300605674504527117 -0.830223896278566929872032213967
-0.26101876871732527230906896773735 0.70011126791542300605674504527117 -0.830223896278566929872032213967
0.26101876871732527230906896773735 0.70011126791542300605674504527117 -0.830223896278566929872032213967
0.70011126791542300605674504527117 0.70011126791542300605674504527117 -0.830223896278566929872032213967
0.9151119481392834649360161069835 0.70011126791542300605674504527117 -0.830223896278566929872032213967
-0.9151119481392834649360161069835 0.9151119481392834649360161069835 -0.830223896278566929872032213967
-0.70011126791542300605674504527117 0.9151119481392834649360161069835 -0.830223896278566929872032213967
-0.26101876871732527230906896773735 0.9151119481392834649360161069835 -0.830223896278566929872032213967
0.26101876871732527230906896773735 0.9151119481392834649360161069835 -0.830223896278566929872032213967
0.70011126791542300605674504527117 0.9151119481392834649360161069835 -0.830223896278566929872032213967
0.9151119481392834649360161069835 0.9151119481392834649360161069835 -0.830223896278566929872032213967
-0.7344243967353571069018859409545 -0.7344243967353571069018859409545 -0.468848793470714213803771881909
-0.48079362718029323553038406839389 -0.7344243967353571069018859409545 -0.468848793470714213803771881909
0.0 -0.7344243967353571069018859409545 -0.468848793470714213803771881909
0.48079362718029323553038406839389 -0.7344243967353571069018859409545 -0.468848793470714213803771881909
0.7344243967353571069018859409545 -0.7344243967353571069018859409545 -0.468848793470714213803771881909
-0.7344243967353571069018859409545 -0.48079362718029323553038406839389 -0.468848793470714213803771881909
-0.48079362718029323553038406839389 -0.48079362718029323553038406839389 -0.468848793470714213803771881909
0.0 -0.48079362718029323553038406839389 -0.468848793470714213803771881909
0.48079362718029323553038406839389 -0.48079362718029323553038406839389 -0.468848793470714213803771881909
0.7344243967353571069018859409545 -0.48079362718029323553038406839389 -0.468848793470714213803771881909
-0.7344243967353571069018859409545 0.0 -0.468848793470714213803771881909
-0.48079362718029323553038406839389 0.0 -0.468848793470714213803771881909
0.0 0.0 -0.468848793470714213803771881909
0.48079362718029323553038406839389 0.0 -0.468848793470714213803771881909
0.7344243967353571069018859409545 0.0 -0.468848793470714213803771881909
-0.7344243967353571069018859409545 0.48079362718029323553038406839389 -0.468848793470714213803771881909
-0.48079362718029323553038406839389 0.48079362718029323553038406839389 -0.468848793470714213803771881909
0.0 0.48079362718029323553038406839389 -0.468848793470714213803771881909
0.48079362718029323553038406839389 0.48079362718029323553038406839389 -0.468848793470714213803771881909
0.7344243967353571069018859409545 0.48079362718029323553038406839389 -0.468848793470714213803771881909
-0.7344243967353571069018859409545 0.7344243967353571069018859409545 -0.468848793470714213803771881909
-0.48079362718029323553038406839389 0.7344243967353571069018859409545 -0.468848793470714213803771881909
0.0 0.7344243967353571069018859409545 -0.468848793470714213803771881909
0.48079362718029323553038406839389 0.7344243967353571069018859409545 -0.468848793470714213803771881909
0.7344243967353571069018859409545 0.7344243967353571069018859409545 -0.468848793470714213803771881909
-0.5 -0.5 0.0
-0.22360679774997896964091736687313 -0.5 0.0
0.22360679774997896964091736687313 -0.5 0.0
0.5 -0.5 0.0
-0.5 -0.22360679774997896964091736687313 0.0
-0.22360679774997896964091736687313 -0.22360679774997896964091736687313 0.0
0.22360679774997896964091736687313 -0.22360679774997896964091736687313 0.0
0.5 -0.22360679774997896964091736687313 0.0
-0.5 0.22360679774997896964091736687313 0.0
-0.22360679774997896964091736687313 0.22360679774997896964091736687313 0.0
0.22360679774997896964091736687313 0.22360679774997896964091736687313 0.0
0.5 0.22360679774997896964091736687313 0.0
-0.5 0.5 0.0
-0.22360679774997896964091736687313 0.5 0.0
0.22360679774997896964091736687313 0.5 0.0
0.5 0.5 0.0
-0.2655756032646428930981140590455 -0.2655756032646428930981140590455 0.468848793470714213803771881909
0.0 -0.2655756032646428930981140590455 0.468848793470714213803771881909
0.2655756032646428930981140590455 -0.2655756032646428930981140590455 0.468848793470714213803771881909
-0.2655756032646428930981140590455 0.0 0.468848793470714213803771881909
0.0 0.0 0.468848793470714213803771881909
0.2655756032646428930981140590455 0.0 0.468848793470714213803771881909
-0.2655756032646428930981140590455 0.2655756032646428930981140590455 0.468848793470714213803771881909
0.0 0.2655756032646428930981140590455 0.468848793470714213803771881909
0.2655756032646428930981140590455 0.2655756032646428930981140590455 0.468848793470714213803771881909
-0.0848880518607165350639838930165 -0.0848880518607165350639838930165 0.830223896278566929872032213967
0.0848880518607165350639838930165 -0.0848880518607165350639838930165 0.830223896278566929872032213967
-0.0848880518607165350639838930165 0.0848880518607165350639838930165 0.830223896278566929872032213967
0.0848880518607165350639838930165 0.0848880518607165350639838930165 0.830223896278566929872032213967
