0 0 1
-1.0 -1.0 -1.0
-0.44721359549995793928183473374626 -1.0 -1.0
0.44721359549995793928183473374626 -1.0 -1.0
1.0 -1.0 -1.0
-1.0 -0.44721359549995793928183473374626 -1.0
-0.44721359549995793928183473374626 -0.44721359549995793928183473374626 -1.0
0.44721359549995793928183473374626 -0.44721359549995793928183473374626 -1.0
1.0 -0.44721359549995793928183473374626 -1.0
-1.0 0.44721359549995793928183473374626 -1.0
-0.44721359549995793928183473374626 0.44721359549995793928183473374626 -1.0
0.44721359549995793928183473374626 0.44721359549995793928183473374626 -1.0
1.0 0.44721359549995793928183473374626 -1.0
-1.0 1.0 -1.0
-0.44721359549995793928183473374626 1.0 -1.0
0.44721359549995793928183473374626 1.0 -1.0
1.0 1.0 -1.0
-0.723606797749978969640917366873 -0.723606797749978969640917366873 -0.447213595499957939281834733746
0.0 -0.723606797749978969640917366873 -0.447213595499957939281834733746
0.723606797749978969640917366873 -0.723606797749978969640917366873 -0.447213595499957939281834733746
-0.723606797749978969640917366873 0.0 -0.447213595499957939281834733746
0.0 0.0 -0.447213595499957939281834733746
0.723606797749978969640917366873 0.0 -0.447213595499957939281834733746
-0.723606797749978969640917366873 0.723606797749978969640917366873 -0.447213595499957939281834733746
0.0 0.723606797749978969640917366873 -0.447213595499957939281834733746
0.723606797749978969640917366873 0.723606797749978969640917366873 -0.447213595499957939281834733746
-0.276393202250021030359082633127 -0.276393202250021030359082633127 0.447213595499957939281834733746
0.276393202250021030359082633127 -0.276393202250021030359082633127 0.447213595499957939281834733746
-0.276393202250021030359082633127 0.276393202250021030359082633127 0.447213595499957939281834733746
0.276393202250021030359082633127 0.276393202250021030359082633127 0.447213595499957939281834733746
