-0.92495687080719396185508922543428 -0.92495687080719396185508922543428 -0.949107912342758524526189684048
-0.72266215055034315010683579313175 -0.92495687080719396185508922543428 -0.949107912342758524526189684048
-0.39551799786781470062813793735776 -0.92495687080719396185508922543428 -0.949107912342758524526189684048
0.0 -0.92495687080719396185508922543428 -0.949107912342758524526189684048
0.39551799786781470062813793735776 -0.92495687080719396185508922543428 -0.949107912342758524526189684048
0.72266215055034315010683579313175 -0.92495687080719396185508922543428 -0.949107912342758524526189684048
0.92495687080719396185508922543428 -0.92495687080719396185508922543428 -0.949107912342758524526189684048
-0.92495687080719396185508922543428 -0.72266215055034315010683579313175 -0.949107912342758524526189684048
-0.72266215055034315010683579313175 -0.72266215055034315010683579313175 -0.949107912342758524526189684048
-0.39551799786781470062813793735776 -0.72266215055034315010683579313175 -0.949107912342758524526189684048
0.0 -0.72266215055034315010683579313175 -0.949107912342758524526189684048
0.39551799786781470062813793735776 -0.72266215055034315010683579313175 -0.949107912342758524526189684048
0.72266215055034315010683579313175 -0.72266215055034315010683579313175 -0.949107912342758524526189684048
0.92495687080719396185508922543428 -0.72266215055034315010683579313175 -0.949107912342758524526189684048
-0.92495687080719396185508922543428 -0.39551799786781470062813793735776 -0.949107912342758524526189684048
-0.72266215055034315010683579313175 -0.39551799786781470062813793735776 -0.949107912342758524526189684048
-0.39551799786781470062813793735776 -0.39551799786781470062813793735776 -0.949107912342758524526189684048
0.0 -0.39551799786781470062813793735776 -0.949107912342758524526189684048
0.39551799786781470062813793735776 -0.39551799786781470062813793735776 -0.949107912342758524526189684048
0.72266215055034315010683579313175 -0.39551799786781470062813793735776 -0.949107912342758524526189684048
0.92495687080719396185508922543428 -0.39551799786781470062813793735776 -0.949107912342758524526189684048
-0.92495687080719396185508922543428 0.0 -0.949107912342758524526189684048
-0.72266215055034315010683579313175 0.0 -0.949107912342758524526189684048
-0.39551799786781470062813793735776 0.0 -0.949107912342758524526189684048
0.0 0.0 -0.949107912342758524526189684048
0.39551799786781470062813793735776 0.0 -0.949107912342758524526189684048
0.72266215055034315010683579313175 0.0 -0.949107912342758524526189684048
0.92495687080719396185508922543428 0.0 -0.949107912342758524526189684048
-0.92495687080719396185508922543428 0.39551799786781470062813793735776 -0.949107912342758524526189684048
-0.72266215055034315010683579313175 0.39551799786781470062813793735776 -0.949107912342758524526189684048
-0.39551799786781470062813793735776 0.39551799786781470062813793735776 -0.949107912342758524526189684048
0.0 0.39551799786781470062813793735776 -0.949107912342758524526189684048
0.39551799786781470062813793735776 0.39551799786781470062813793735776 -0.949107912342758524526189684048
0.72266215055034315010683579313175 0.39551799786781470062813793735776 -0.949107912342758524526189684048
0.92495687080719396185508922543428 0.39551799786781470062813793735776 -0.949107912342758524526189684048
-0.92495687080719396185508922543428 0.72266215055034315010683579313175 -0.949107912342758524526189684048
-0.72266215055034315010683579313175 0.72266215055034315010683579313175 -0.949107912342758524526189684048
-0.39551799786781470062813793735776 0.72266215055034315010683579313175 -0.949107912342758524526189684048
0.0 0.72266215055034315010683579313175 -0.949107912342758524526189684048
0.39551799786781470062813793735776 0.72266215055034315010683579313175 -0.949107912342758524526189684048
0.72266215055034315010683579313175 0.72266215055034315010683579313175 -0.949107912342758524526189684048
0.92495687080719396185508922543428 0.72266215055034315010683579313175 -0.949107912342758524526189684048
-0.92495687080719396185508922543428 0.92495687080719396185508922543428 -0.949107912342758524526189684048
-0.72266215055034315010683579313175 0.92495687080719396185508922543428 -0.949107912342758524526189684048
-0.39551799786781470062813793735776 0.92495687080719396185508922543428 -0.949107912342758524526189684048
0.0 0.92495687080719396185508922543428 -0.949107912342758524526189684048
0.39551799786781470062813793735776 0.92495687080719396185508922543428 -0.949107912342758524526189684048
0.72266215055034315010683579313175 0.92495687080719396185508922543428 -0.949107912342758524526189684048
0.92495687080719396185508922543428 0.92495687080719396185508922543428 -0.949107912342758524526189684048
-0.81196236930275336194351944549804 -0.81196236930275336194351944549804 -0.741531185599394439863864773281
-0.57575838337102091541693111639808 -0.81196236930275336194351944549804 -0.741531185599394439863864773281
-0.20778137702311621712936175898226 -0.81196236930275336194351944549804 -0.741531185599394439863864773281
0.20778137702311621712936175898226 -0.81196236930275336194351944549804 -0.741531185599394439863864773281
0.57575838337102091541693111639808 -0.81196236930275336194351944549804 -0.741531185599394439863864773281
0.81196236930275336194351944549804 -0.81196236930275336194351944549804 -0.741531185599394439863864773281
-0.81196236930275336194351944549804 -0.57575838337102091541693111639808 -0.741531185599394439863864773281
-0.57575838337102091541693111639808 -0.57575838337102091541693111639808 -0.741531185599394439863864773281
-0.20778137702311621712936175898226 -0.57575838337102091541693111639808 -0.741531185599394439863864773281
0.20778137702311621712936175898226 -0.57575838337102091541693111639808 -0.741531185599394439863864773281
0.57575838337102091541693111639808 -0.57575838337102091541693111639808 -0.741531185599394439863864773281
0.81196236930275336194351944549804 -0.57575838337102091541693111639808 -0.741531185599394439863864773281
-0.81196236930275336194351944549804 -0.20778137702311621712936175898226 -0.741531185599394439863864773281
-0.57575838337102091541693111639808 -0.20778137702311621712936175898226 -0.741531185599394439863864773281
-0.20778137702311621712936175898226 -0.20778137702311621712936175898226 -0.741531185599394439863864773281
0.20778137702311621712936175898226 -0.20778137702311621712936175898226 -0.741531185599394439863864773281
0.57575838337102091541693111639808 -0.20778137702311621712936175898226 -0.741531185599394439863864773281
0.81196236930275336194351944549804 -0.20778137702311621712936175898226 -0.741531185599394439863864773281
-0.81196236930275336194351944549804 0.20778137702311621712936175898226 -0.741531185599394439863864773281
-0.57575838337102091541693111639808 0.20778137702311621712936175898226 -0.741531185599394439863864773281
-0.20778137702311621712936175898226 0.20778137702311621712936175898226 -0.741531185599394439863864773281
0.20778137702311621712936175898226 0.20778137702311621712936175898226 -0.741531185599394439863864773281
0.57575838337102091541693111639808 0.20778137702311621712936175898226 -0.741531185599394439863864773281
0.81196236930275336194351944549804 0.20778137702311621712936175898226 -0.741531185599394439863864773281
-0.81196236930275336194351944549804 0.57575838337102091541693111639808 -0.741531185599394439863864773281
-0.57575838337102091541693111639808 0.57575838337102091541693111639808 -0.741531185599394439863864773281
-0.20778137702311621712936175898226 0.57575838337102091541693111639808 -0.741531185599394439863864773281
0.20778137702311621712936175898226 0.57575838337102091541693111639808 -0.741531185599394439863864773281
0.57575838337102091541693111639808 0.57575838337102091541693111639808 -0.741531185599394439863864773281
0.81196236930275336194351944549804 0.57575838337102091541693111639808 -0.741531185599394439863864773281
-0.81196236930275336194351944549804 0.81196236930275336194351944549804 -0.741531185599394439863864773281
-0.57575838337102091541693111639808 0.81196236930275336194351944549804 -0.741531185599394439863864773281
-0.20778137702311621712936175898226 0.81196236930275336194351944549804 -0.741531185599394439863864773281
0.20778137702311621712936175898226 0.81196236930275336194351944549804 -0.741531185599394439863864773281
0.57575838337102091541693111639808 0.81196236930275336194351944549804 -0.741531185599394439863864773281
0.81196236930275336194351944549804 0.81196236930275336194351944549804 -0.741531185599394439863864773281
-0.63697427134439376212897976534774 -0.63697427134439376212897976534774 -0.405845151377397166906606412077
-0.37850223438880333158806694077624 -0.63697427134439376212897976534774 -0.405845151377397166906606412077
0.0 -0.63697427134439376212897976534774 -0.405845151377397166906606412077
0.37850223438880333158806694077624 -0.63697427134439376212897976534774 -0.405845151377397166906606412077
0.63697427134439376212897976534774 -0.63697427134439376212897976534774 -0.405845151377397166906606412077
-0.63697427134439376212897976534774 -0.37850223438880333158806694077624 -0.405845151377397166906606412077
-0.37850223438880333158806694077624 -0.37850223438880333158806694077624 -0.405845151377397166906606412077
0.0 -0.37850223438880333158806694077624 -0.405845151377397166906606412077
0.37850223438880333158806694077624 -0.37850223438880333158806694077624 -0.405845151377397166906606412077
0.63697427134439376212897976534774 -0.37850223438880333158806694077624 -0.405845151377397166906606412077
-0.63697427134439376212897976534774 0.0 -0.405845151377397166906606412077
-0.37850223438880333158806694077624 0.0 -0.405845151377397166906606412077
0.0 0.0 -0.405845151377397166906606412077
0.37850223438880333158806694077624 0.0 -0.405845151377397166906606412077
0.63697427134439376212897976534774 0.0 -0.405845151377397166906606412077
-0.63697427134439376212897976534774 0.37850223438880333158806694077624 -0.405845151377397166906606412077
-0.37850223438880333158806694077624 0.37850223438880333158806694077624 -0.405845151377397166906606412077
0.0 0.37850223438880333158806694077624 -0.405845151377397166906606412077
0.37850223438880333158806694077624 0.37850223438880333158806694077624 -0.405845151377397166906606412077
0.63697427134439376212897976534774 0.37850223438880333158806694077624 -0.405845151377397166906606412077
-0.63697427134439376212897976534774 0.63697427134439376212897976534774 -0.405845151377397166906606412077
-0.37850223438880333158806694077624 0.63697427134439376212897976534774 -0.405845151377397166906606412077
0.0 0.63697427134439376212897976534774 -0.405845151377397166906606412077
0.37850223438880333158806694077624 0.63697427134439376212897976534774 -0.405845151377397166906606412077
0.63697427134439376212897976534774 0.63697427134439376212897976534774 -0.405845151377397166906606412077
-0.4305681557970262876119732444464 -0.4305681557970262876119732444464 0.0
-0.16999052179242813240133287955162 -0.4305681557970262876119732444464 0.0
0.16999052179242813240133287955162 -0.4305681557970262876119732444464 0.0
0.4305681557970262876119732444464 -0.4305681557970262876119732444464 0.0
-0.4305681557970262876119732444464 -0.16999052179242813240133287955162 0.0
-0.16999052179242813240133287955162 -0.16999052179242813240133287955162 0.0
0.16999052179242813240133287955162 -0.16999052179242813240133287955162 0.0
0.4305681557970262876119732444464 -0.16999052179242813240133287955162 0.0
-0.4305681557970262876119732444464 0.16999052179242813240133287955162 0.0
-0.16999052179242813240133287955162 0.16999052179242813240133287955162 0.0
0.16999052179242813240133287955162 0.16999052179242813240133287955162 0.0
0.4305681557970262876119732444464 0.16999052179242813240133287955162 0.0
-0.4305681557970262876119732444464 0.4305681557970262876119732444464 0.0
-0.16999052179242813240133287955162 0.4305681557970262876119732444464 0.0
0.16999052179242813240133287955162 0.4305681557970262876119732444464 0.0
0.4305681557970262876119732444464 0.4305681557970262876119732444464 0.0
-0.23011518337837295597585892553524 -0.23011518337837295597585892553524 0.405845151377397166906606412077
0.0 -0.23011518337837295597585892553524 0.405845151377397166906606412077
0.23011518337837295597585892553524 -0.23011518337837295597585892553524 0.405845151377397166906606412077
-0.23011518337837295597585892553524 0.0 0.405845151377397166906606412077
0.0 0.0 0.405845151377397166906606412077
0.23011518337837295597585892553524 0.0 0.405845151377397166906606412077
-0.23011518337837295597585892553524 0.23011518337837295597585892553524 0.405845151377397166906606412077
0.0 0.23011518337837295597585892553524 0.405845151377397166906606412077
0.23011518337837295597585892553524 0.23011518337837295597585892553524 0.405845151377397166906606412077
-0.074613519785656520219990731409954 -0.074613519785656520219990731409954 0.741531185599394439863864773281
0.074613519785656520219990731409954 -0.074613519785656520219990731409954 0.741531185599394439863864773281
-0.074613519785656520219990731409954 0.074613519785656520219990731409954 0.741531185599394439863864773281
0.074613519785656520219990731409954 0.074613519785656520219990731409954 0.741531185599394439863864773281
0.0 0.0 0.949107912342758524526189684048
