-0.90098445456070718456903746418958 -0.90098445456070718456903746418958 -0.932469514203152027812301554494
-0.63888349092551319488992032574448 -0.90098445456070718456903746418958 -0.932469514203152027812301554494
-0.23056215130487353255760522304419 -0.90098445456070718456903746418958 -0.932469514203152027812301554494
0.23056215130487353255760522304419 -0.90098445456070718456903746418958 -0.932469514203152027812301554494
0.63888349092551319488992032574448 -0.90098445456070718456903746418958 -0.932469514203152027812301554494
0.90098445456070718456903746418958 -0.90098445456070718456903746418958 -0.932469514203152027812301554494
-0.90098445456070718456903746418958 -0.63888349092551319488992032574448 -0.932469514203152027812301554494
-0.63888349092551319488992032574448 -0.63888349092551319488992032574448 -0.932469514203152027812301554494
-0.23056215130487353255760522304419 -0.63888349092551319488992032574448 -0.932469514203152027812301554494
0.23056215130487353255760522304419 -0.63888349092551319488992032574448 -0.932469514203152027812301554494
0.63888349092551319488992032574448 -0.63888349092551319488992032574448 -0.932469514203152027812301554494
0.90098445456070718456903746418958 -0.63888349092551319488992032574448 -0.932469514203152027812301554494
-0.90098445456070718456903746418958 -0.23056215130487353255760522304419 -0.932469514203152027812301554494
-0.63888349092551319488992032574448 -0.23056215130487353255760522304419 -0.932469514203152027812301554494
-0.23056215130487353255760522304419 -0.23056215130487353255760522304419 -0.932469514203152027812301554494
0.23056215130487353255760522304419 -0.23056215130487353255760522304419 -0.932469514203152027812301554494
0.63888349092551319488992032574448 -0.23056215130487353255760522304419 -0.932469514203152027812301554494
0.90098445456070718456903746418958 -0.23056215130487353255760522304419 -0.932469514203152027812301554494
-0.90098445456070718456903746418958 0.23056215130487353255760522304419 -0.932469514203152027812301554494
-0.63888349092551319488992032574448 0.23056215130487353255760522304419 -0.932469514203152027812301554494
-0.23056215130487353255760522304419 0.23056215130487353255760522304419 -0.932469514203152027812301554494
0.23056215130487353255760522304419 0.23056215130487353255760522304419 -0.932469514203152027812301554494
0.63888349092551319488992032574448 0.23056215130487353255760522304419 -0.932469514203152027812301554494
0.90098445456070718456903746418958 0.23056215130487353255760522304419 -0.932469514203152027812301554494
-0.90098445456070718456903746418958 0.63888349092551319488992032574448 -0.932469514203152027812301554494
-0.63888349092551319488992032574448 0.63888349092551319488992032574448 -0.932469514203152027812301554494
-0.23056215130487353255760522304419 0.63888349092551319488992032574448 -0.932469514203152027812301554494
0.23056215130487353255760522304419 0.63888349092551319488992032574448 -0.932469514203152027812301554494
0.63888349092551319488992032574448 0.63888349092551319488992032574448 -0.932469514203152027812301554494
0.90098445456070718456903746418958 0.63888349092551319488992032574448 -0.932469514203152027812301554494
-0.90098445456070718456903746418958 0.90098445456070718456903746418958 -0.932469514203152027812301554494
-0.63888349092551319488992032574448 0.90098445456070718456903746418958 -0.932469514203152027812301554494
-0.23056215130487353255760522304419 0.90098445456070718456903746418958 -0.932469514203152027812301554494
0.23056215130487353255760522304419 0.90098445456070718456903746418958 -0.932469514203152027812301554494
0.63888349092551319488992032574448 0.90098445456070718456903746418958 -0.932469514203152027812301554494
0.90098445456070718456903746418958 0.90098445456070718456903746418958 -0.932469514203152027812301554494
-0.75267723294993105514600367317419 -0.75267723294993105514600367317419 -0.66120938646626451366139959502
-0.44725513613578726688451683556166 -0.75267723294993105514600367317419 -0.66120938646626451366139959502
0.0 -0.75267723294993105514600367317419 -0.66120938646626451366139959502
0.44725513613578726688451683556166 -0.75267723294993105514600367317419 -0.66120938646626451366139959502
0.75267723294993105514600367317419 -0.75267723294993105514600367317419 -0.66120938646626451366139959502
-0.75267723294993105514600367317419 -0.44725513613578726688451683556166 -0.66120938646626451366139959502
-0.44725513613578726688451683556166 -0.44725513613578726688451683556166 -0.66120938646626451366139959502
0.0 -0.44725513613578726688451683556166 -0.66120938646626451366139959502
0.44725513613578726688451683556166 -0.44725513613578726688451683556166 -0.66120938646626451366139959502
0.75267723294993105514600367317419 -0.44725513613578726688451683556166 -0.66120938646626451366139959502
-0.75267723294993105514600367317419 0.0 -0.66120938646626451366139959502
-0.44725513613578726688451683556166 0.0 -0.66120938646626451366139959502
0.0 0.0 -0.66120938646626451366139959502
0.44725513613578726688451683556166 0.0 -0.66120938646626451366139959502
0.75267723294993105514600367317419 0.0 -0.66120938646626451366139959502
-0.75267723294993105514600367317419 0.44725513613578726688451683556166 -0.66120938646626451366139959502
-0.44725513613578726688451683556166 0.44725513613578726688451683556166 -0.66120938646626451366139959502
0.0 0.44725513613578726688451683556166 -0.66120938646626451366139959502
0.44725513613578726688451683556166 0.44725513613578726688451683556166 -0.66120938646626451366139959502
0.75267723294993105514600367317419 0.44725513613578726688451683556166 -0.66120938646626451366139959502
-0.75267723294993105514600367317419 0.75267723294993105514600367317419 -0.66120938646626451366139959502
-0.44725513613578726688451683556166 0.75267723294993105514600367317419 -0.66120938646626451366139959502
0.0 0.75267723294993105514600367317419 -0.66120938646626451366139959502
0.44725513613578726688451683556166 0.75267723294993105514600367317419 -0.66120938646626451366139959502
0.75267723294993105514600367317419 0.75267723294993105514600367317419 -0.66120938646626451366139959502
-0.53330997868665582109959301014506 -0.53330997868665582109959301014506 -0.238619186083196908630501721681
-0.21055352174439528022805511167285 -0.53330997868665582109959301014506 -0.238619186083196908630501721681
0.21055352174439528022805511167285 -0.53330997868665582109959301014506 -0.238619186083196908630501721681
0.53330997868665582109959301014506 -0.53330997868665582109959301014506 -0.238619186083196908630501721681
-0.53330997868665582109959301014506 -0.21055352174439528022805511167285 -0.238619186083196908630501721681
-0.21055352174439528022805511167285 -0.21055352174439528022805511167285 -0.238619186083196908630501721681
0.21055352174439528022805511167285 -0.21055352174439528022805511167285 -0.238619186083196908630501721681
0.53330997868665582109959301014506 -0.21055352174439528022805511167285 -0.238619186083196908630501721681
-0.53330997868665582109959301014506 0.21055352174439528022805511167285 -0.238619186083196908630501721681
-0.21055352174439528022805511167285 0.21055352174439528022805511167285 -0.238619186083196908630501721681
0.21055352174439528022805511167285 0.21055352174439528022805511167285 -0.238619186083196908630501721681
0.53330997868665582109959301014506 0.21055352174439528022805511167285 -0.238619186083196908630501721681
-0.53330997868665582109959301014506 0.53330997868665582109959301014506 -0.238619186083196908630501721681
-0.21055352174439528022805511167285 0.53330997868665582109959301014506 -0.238619186083196908630501721681
0.21055352174439528022805511167285 0.53330997868665582109959301014506 -0.238619186083196908630501721681
0.53330997868665582109959301014506 0.53330997868665582109959301014506 -0.238619186083196908630501721681
-0.29488152124216266392932603466688 -0.29488152124216266392932603466688 0.238619186083196908630501721681
0.0 -0.29488152124216266392932603466688 0.238619186083196908630501721681
0.29488152124216266392932603466688 -0.29488152124216266392932603466688 0.238619186083196908630501721681
-0.29488152124216266392932603466688 0.0 0.238619186083196908630501721681
0.0 0.0 0.238619186083196908630501721681
0.29488152124216266392932603466688 0.0 0.238619186083196908630501721681
-0.29488152124216266392932603466688 0.29488152124216266392932603466688 0.238619186083196908630501721681
0.0 0.29488152124216266392932603466688 0.238619186083196908630501721681
0.29488152124216266392932603466688 0.29488152124216266392932603466688 0.238619186083196908630501721681
-0.097800425961310326356147463997896 -0.097800425961310326356147463997896 0.66120938646626451366139959502
0.097800425961310326356147463997896 -0.097800425961310326356147463997896 0.66120938646626451366139959502
-0.097800425961310326356147463997896 0.097800425961310326356147463997896 0.66120938646626451366139959502
0.097800425961310326356147463997896 0.097800425961310326356147463997896 0.66120938646626451366139959502
0.0 0.0 0.932469514203152027812301554494
