-0.80134602936993089145682175381814 -0.80134602936993089145682175381814 -0.861136311594052575223946488893
-0.31637553273470810930449057498767 -0.80134602936993089145682175381814 -0.861136311594052575223946488893
0.31637553273470810930449057498767 -0.80134602936993089145682175381814 -0.861136311594052575223946488893
0.80134602936993089145682175381814 -0.80134602936993089145682175381814 -0.861136311594052575223946488893
-0.80134602936993089145682175381814 -0.31637553273470810930449057498767 -0.861136311594052575223946488893
-0.31637553273470810930449057498767 -0.31637553273470810930449057498767 -0.861136311594052575223946488893
0.31637553273470810930449057498767 -0.31637553273470810930449057498767 -0.861136311594052575223946488893
0.80134602936993089145682175381814 -0.31637553273470810930449057498767 -0.861136311594052575223946488893
-0.80134602936993089145682175381814 0.31637553273470810930449057498767 -0.861136311594052575223946488893
-0.31637553273470810930449057498767 0.31637553273470810930449057498767 -0.861136311594052575223946488893
0.31637553273470810930449057498767 0.31637553273470810930449057498767 -0.861136311594052575223946488893
0.80134602936993089145682175381814 0.31637553273470810930449057498767 -0.861136311594052575223946488893
-0.80134602936993089145682175381814 0.80134602936993089145682175381814 -0.861136311594052575223946488893
-0.31637553273470810930449057498767 0.80134602936993089145682175381814 -0.861136311594052575223946488893
0.31637553273470810930449057498767 0.80134602936993089145682175381814 -0.861136311594052575223946488893
0.80134602936993089145682175381814 0.80134602936993089145682175381814 -0.861136311594052575223946488893
-0.51897242660377831456441228185075 -0.51897242660377831456441228185075 -0.339981043584856264802665759103
0.0 -0.51897242660377831456441228185075 -0.339981043584856264802665759103
0.51897242660377831456441228185075 -0.51897242660377831456441228185075 -0.339981043584856264802665759103
-0.51897242660377831456441228185075 0.0 -0.339981043584856264802665759103
0.0 0.0 -0.339981043584856264802665759103
0.51897242660377831456441228185075 0.0 -0.339981043584856264802665759103
-0.51897242660377831456441228185075 0.51897242660377831456441228185075 -0.339981043584856264802665759103
0.0 0.51897242660377831456441228185075 -0.339981043584856264802665759103
0.51897242660377831456441228185075 0.51897242660377831456441228185075 -0.339981043584856264802665759103
-0.19053106107826955519529893539417 -0.19053106107826955519529893539417 0.339981043584856264802665759103
0.19053106107826955519529893539417 -0.19053106107826955519529893539417 0.339981043584856264802665759103
-0.19053106107826955519529893539417 0.19053106107826955519529893539417 0.339981043584856264802665759103
0.19053106107826955519529893539417 0.19053106107826955519529893539417 0.339981043584856264802665759103
0.0 0.0 0.861136311594052575223946488893
