0 0 1
-1.0 -1.0 -1.0
-0.65465367070797714379829245624686 -1.0 -1.0
0.0 -1.0 -1.0
0.65465367070797714379829245624686 -1.0 -1.0
1.0 -1.0 -1.0
-1.0 -0.65465367070797714379829245624686 -1.0
-0.65465367070797714379829245624686 -0.65465367070797714379829245624686 -1.0
0.0 -0.65465367070797714379829245624686 -1.0
0.65465367070797714379829245624686 -0.65465367070797714379829245624686 -1.0
1.0 -0.65465367070797714379829245624686 -1.0
-1.0 0.0 -1.0
-0.65465367070797714379829245624686 0.0 -1.0
0.0 0.0 -1.0
0.65465367070797714379829245624686 0.0 -1.0
1.0 0.0 -1.0
-1.0 0.65465367070797714379829245624686 -1.0
-0.65465367070797714379829245624686 0.65465367070797714379829245624686 -1.0
0.0 0.65465367070797714379829245624686 -1.0
0.65465367070797714379829245624686 0.65465367070797714379829245624686 -1.0
1.0 0.65465367070797714379829245624686 -1.0
-1.0 1.0 -1.0
-0.65465367070797714379829245624686 1.0 -1.0
0.0 1.0 -1.0
0.65465367070797714379829245624686 1.0 -1.0
1.0 1.0 -1.0
-0.8273268353539885718991462281235 -0.8273268353539885718991462281235 -0.654653670707977143798292456247
-0.36999180869225894654407506230917 -0.8273268353539885718991462281235 -0.654653670707977143798292456247
0.36999180869225894654407506230917 -0.8273268353539885718991462281235 -0.654653670707977143798292456247
0.8273268353539885718991462281235 -0.8273268353539885718991462281235 -0.654653670707977143798292456247
-0.8273268353539885718991462281235 -0.36999180869225894654407506230917 -0.654653670707977143798292456247
-0.36999180869225894654407506230917 -0.36999180869225894654407506230917 -0.654653670707977143798292456247
0.36999180869225894654407506230917 -0.36999180869225894654407506230917 -0.654653670707977143798292456247
0.8273268353539885718991462281235 -0.36999180869225894654407506230917 -0.654653670707977143798292456247
-0.8273268353539885718991462281235 0.36999180869225894654407506230917 -0.654653670707977143798292456247
-0.36999180869225894654407506230917 0.36999180869225894654407506230917 -0.654653670707977143798292456247
0.36999180869225894654407506230917 0.36999180869225894654407506230917 -0.654653670707977143798292456247
0.8273268353539885718991462281235 0.36999180869225894654407506230917 -0.654653670707977143798292456247
-0.8273268353539885718991462281235 0.8273268353539885718991462281235 -0.654653670707977143798292456247
-0.36999180869225894654407506230917 0.8273268353539885718991462281235 -0.654653670707977143798292456247
0.36999180869225894654407506230917 0.8273268353539885718991462281235 -0.654653670707977143798292456247
0.8273268353539885718991462281235 0.8273268353539885718991462281235 -0.654653670707977143798292456247
-0.5 -0.5 0.0
0.0 -0.5 0.0
0.5 -0.5 0.0
-0.5 0.0 0.0
0.0 0.0 0.0
0.5 0.0 0.0
-0.5 0.5 0.0
0.0 0.5 0.0
0.5 0.5 0.0
-0.1726731646460114281008537718765 -0.1726731646460114281008537718765 0.654653670707977143798292456247
0.1726731646460114281008537718765 -0.1726731646460114281008537718765 0.654653670707977143798292456247
-0.1726731646460114281008537718765 0.1726731646460114281008537718765 0.654653670707977143798292456247
0.1726731646460114281008537718765 0.1726731646460114281008537718765 0.654653670707977143798292456247
