-0.68729833462074168851792653997805 -0.68729833462074168851792653997805 -0.774596669241483377035853079956
0.0 -0.68729833462074168851792653997805 -0.774596669241483377035853079956
0.68729833462074168851792653997805 -0.68729833462074168851792653997805 -0.774596669241483377035853079956
-0.68729833462074168851792653997805 0.0 -0.774596669241483377035853079956
0.0 0.0 -0.774596669241483377035853079956
0.68729833462074168851792653997805 0.0 -0.774596669241483377035853079956
-0.68729833462074168851792653997805 0.68729833462074168851792653997805 -0.774596669241483377035853079956
0.0 0.68729833462074168851792653997805 -0.774596669241483377035853079956
0.68729833462074168851792653997805 0.68729833462074168851792653997805 -0.774596669241483377035853079956
-0.28867513459481288225457439025098 -0.28867513459481288225457439025098 0.0
0.28867513459481288225457439025098 -0.28867513459481288225457439025098 0.0
-0.28867513459481288225457439025098 0.28867513459481288225457439025098 0.0
0.28867513459481288225457439025098 0.28867513459481288225457439025098 0.0
0.0 0.0 0.774596669241483377035853079956
