-0.86367087956204240083979312578209 -0.86367087956204240083979312578209 -0.906179845938663992797626878299
-0.51320967328997484035675336941002 -0.86367087956204240083979312578209 -0.906179845938663992797626878299
0.0 -0.86367087956204240083979312578209 -0.906179845938663992797626878299
0.51320967328997484035675336941002 -0.86367087956204240083979312578209 -0.906179845938663992797626878299
0.86367087956204240083979312578209 -0.86367087956204240083979312578209 -0.906179845938663992797626878299
-0.86367087956204240083979312578209 -0.51320967328997484035675336941002 -0.906179845938663992797626878299
-0.51320967328997484035675336941002 -0.51320967328997484035675336941002 -0.906179845938663992797626878299
0.0 -0.51320967328997484035675336941002 -0.906179845938663992797626878299
0.51320967328997484035675336941002 -0.51320967328997484035675336941002 -0.906179845938663992797626878299
0.86367087956204240083979312578209 -0.51320967328997484035675336941002 -0.906179845938663992797626878299
-0.86367087956204240083979312578209 0.0 -0.906179845938663992797626878299
-0.51320967328997484035675336941002 0.0 -0.906179845938663992797626878299
0.0 0.0 -0.906179845938663992797626878299
0.51320967328997484035675336941002 0.0 -0.906179845938663992797626878299
0.86367087956204240083979312578209 0.0 -0.906179845938663992797626878299
-0.86367087956204240083979312578209 0.51320967328997484035675336941002 -0.906179845938663992797626878299
-0.51320967328997484035675336941002 0.51320967328997484035675336941002 -0.906179845938663992797626878299
0.0 0.51320967328997484035675336941002 -0.906179845938663992797626878299
0.51320967328997484035675336941002 0.51320967328997484035675336941002 -0.906179845938663992797626878299
0.86367087956204240083979312578209 0.51320967328997484035675336941002 -0.906179845938663992797626878299
-0.86367087956204240083979312578209 0.86367087956204240083979312578209 -0.906179845938663992797626878299
-0.51320967328997484035675336941002 0.86367087956204240083979312578209 -0.906179845938663992797626878299
0.0 0.86367087956204240083979312578209 -0.906179845938663992797626878299
0.51320967328997484035675336941002 0.86367087956204240083979312578209 -0.906179845938663992797626878299
0.86367087956204240083979312578209 0.86367087956204240083979312578209 -0.906179845938663992797626878299
-0.66241589360252730636068916495465 -0.66241589360252730636068916495465 -0.5384693101056830910363144207
-0.26152520078650199586996701103501 -0.66241589360252730636068916495465 -0.5384693101056830910363144207
0.26152520078650199586996701103501 -0.66241589360252730636068916495465 -0.5384693101056830910363144207
0.66241589360252730636068916495465 -0.66241589360252730636068916495465 -0.5384693101056830910363144207
-0.66241589360252730636068916495465 -0.26152520078650199586996701103501 -0.5384693101056830910363144207
-0.26152520078650199586996701103501 -0.26152520078650199586996701103501 -0.5384693101056830910363144207
0.26152520078650199586996701103501 -0.26152520078650199586996701103501 -0.5384693101056830910363144207
0.66241589360252730636068916495465 -0.26152520078650199586996701103501 -0.5384693101056830910363144207
-0.66241589360252730636068916495465 0.26152520078650199586996701103501 -0.5384693101056830910363144207
-0.26152520078650199586996701103501 0.26152520078650199586996701103501 -0.5384693101056830910363144207
0.26152520078650199586996701103501 0.26152520078650199586996701103501 -0.5384693101056830910363144207
0.66241589360252730636068916495465 0.26152520078650199586996701103501 -0.5384693101056830910363144207
-0.66241589360252730636068916495465 0.66241589360252730636068916495465 -0.5384693101056830910363144207
-0.26152520078650199586996701103501 0.66241589360252730636068916495465 -0.5384693101056830910363144207
0.26152520078650199586996701103501 0.66241589360252730636068916495465 -0.5384693101056830910363144207
0.66241589360252730636068916495465 0.66241589360252730636068916495465 -0.5384693101056830910363144207
-0.38729833462074168851792653997824 -0.38729833462074168851792653997824 0.0
0.0 -0.38729833462074168851792653997824 0.0
0.38729833462074168851792653997824 -0.38729833462074168851792653997824 0.0
-0.38729833462074168851792653997824 0.0 0.0
0.0 0.0 0.0
0.38729833462074168851792653997824 0.0 0.0
-0.38729833462074168851792653997824 0.38729833462074168851792653997824 0.0
0.0 0.38729833462074168851792653997824 0.0
0.38729833462074168851792653997824 0.38729833462074168851792653997824 0.0
-0.13323243402487877943853854574228 -0.13323243402487877943853854574228 0.5384693101056830910363144207
0.13323243402487877943853854574228 -0.13323243402487877943853854574228 0.5384693101056830910363144207
-0.13323243402487877943853854574228 0.13323243402487877943853854574228 0.5384693101056830910363144207
0.13323243402487877943853854574228 0.13323243402487877943853854574228 0.5384693101056830910363144207
0.0 0.0 0.906179845938663992797626878299
