                                        0                                          0   0.61529159538791884731954955103613269638  0.067901049767045421348323914977088073991
                                        0                                          0  -0.99647238229436073479434618269377000101  0.042809368467176804517723726702995063594
                                        0                                          0  -0.72347438707253884945296925394581802655   0.31887881187339684620076177026181758884
                                        0                                          0  -0.15715217612872593659809486760257994179   0.27482845386440493216991697942238502071
 0.83459535111470834854355609376418165506                                          0  -0.80510531794907605316224881154681003606   0.09853490116354529166000184266852321827
                                        0   0.83459535111470834854355609376418165506  -0.80510531794907605316224881154681003606   0.09853490116354529166000184266852321827
-0.83459535111470834854355609376418165506                                          0  -0.80510531794907605316224881154681003606   0.09853490116354529166000184266852321827
                                        0  -0.83459535111470834854355609376418165506  -0.80510531794907605316224881154681003606   0.09853490116354529166000184266852321827
  0.4339254093766990953588290760534534212                                          0   0.13214918124660180928234184789309315759  0.084233545301795354894729459206933067324
                                        0    0.4339254093766990953588290760534534212   0.13214918124660180928234184789309315759  0.084233545301795354894729459206933067324
 -0.4339254093766990953588290760534534212                                          0   0.13214918124660180928234184789309315759  0.084233545301795354894729459206933067324
                                        0   -0.4339254093766990953588290760534534212   0.13214918124660180928234184789309315759  0.084233545301795354894729459206933067324
   0.565680854425675497672813848515505886     0.565680854425675497672813848515505886  -0.94104453830855858213371584535608020131  0.099200345038528745418340651788127467643
   0.565680854425675497672813848515505886    -0.565680854425675497672813848515505886  -0.94104453830855858213371584535608020131  0.099200345038528745418340651788127467643
  -0.565680854425675497672813848515505886     0.565680854425675497672813848515505886  -0.94104453830855858213371584535608020131  0.099200345038528745418340651788127467643
  -0.565680854425675497672813848515505886    -0.565680854425675497672813848515505886  -0.94104453830855858213371584535608020131  0.099200345038528745418340651788127467643
 0.49807909178070594245642503041316019049   0.49807909178070594245642503041316019049  -0.47016827357574098280216051103358470857   0.19701969247180494546144986676345270691
 0.49807909178070594245642503041316019049  -0.49807909178070594245642503041316019049  -0.47016827357574098280216051103358470857   0.19701969247180494546144986676345270691
-0.49807909178070594245642503041316019049   0.49807909178070594245642503041316019049  -0.47016827357574098280216051103358470857   0.19701969247180494546144986676345270691
-0.49807909178070594245642503041316019049  -0.49807909178070594245642503041316019049  -0.47016827357574098280216051103358470857   0.19701969247180494546144986676345270691
 0.95089948721448243656573347456644144515   0.95089948721448243656573347456644144515  -0.90350185873612803037779492533363294921  0.011573761697986328172963248398558769736
 0.95089948721448243656573347456644144515  -0.95089948721448243656573347456644144515  -0.90350185873612803037779492533363294921  0.011573761697986328172963248398558769736
-0.95089948721448243656573347456644144515   0.95089948721448243656573347456644144515  -0.90350185873612803037779492533363294921  0.011573761697986328172963248398558769736
-0.95089948721448243656573347456644144515  -0.95089948721448243656573347456644144515  -0.90350185873612803037779492533363294921  0.011573761697986328172963248398558769736
