                                          0                                            0    -0.96793812076011198699299122337800813008    0.015589598684264189569866054814101793073
                                          0                                            0    -0.82924259730340728324136878071676630398    0.030786597819509800040912176561007112329
                                          0                                            0    -0.58340680071202290729159397028276854974    0.037225486326989766857945883627534224981
                                          0                                            0    -0.31951673727217640540861012815734308517    0.012554972794316861759010614665484089746
                                          0                                            0     0.10533627263482509429964562121157719282    0.025320139758152565793127625772949375916
                                          0                                            0     0.62670340803075602946955944755487218936   0.0045193141081652796657644958546359522966
                                          0                                            0     0.90007990275093724280602266369156436208   0.0012356612025433477371488227918146066449
    0.1012583528192059636018108697658780057                                            0     0.71933303743751377032254732257819167182   0.0028000242040960790282785668204550924991
                                          0      0.1012583528192059636018108697658780057     0.71933303743751377032254732257819167182   0.0028000242040960790282785668204550924991
   -0.1012583528192059636018108697658780057                                            0     0.71933303743751377032254732257819167182   0.0028000242040960790282785668204550924991
                                          0     -0.1012583528192059636018108697658780057     0.71933303743751377032254732257819167182   0.0028000242040960790282785668204550924991
   0.24568173058473672758478739465869272591                                            0     0.48657742573725479986417597072290363896    0.003426920900673864828684348008243499336
                                          0     0.24568173058473672758478739465869272591     0.48657742573725479986417597072290363896    0.003426920900673864828684348008243499336
  -0.24568173058473672758478739465869272591                                            0     0.48657742573725479986417597072290363896    0.003426920900673864828684348008243499336
                                          0    -0.24568173058473672758478739465869272591     0.48657742573725479986417597072290363896    0.003426920900673864828684348008243499336
   0.24718637297427881296550810632041611169                                            0     0.26170730783711237922885621467900281744    0.010964385679179312333204846266022899481
                                          0     0.24718637297427881296550810632041611169     0.26170730783711237922885621467900281744    0.010964385679179312333204846266022899481
  -0.24718637297427881296550810632041611169                                            0     0.26170730783711237922885621467900281744    0.010964385679179312333204846266022899481
                                          0    -0.24718637297427881296550810632041611169     0.26170730783711237922885621467900281744    0.010964385679179312333204846266022899481
   0.31418359260356417787387811154865761906                                            0    -0.34798948383112587839774969316002964546    0.025801091183926364549575445489008029728
                                          0     0.31418359260356417787387811154865761906    -0.34798948383112587839774969316002964546    0.025801091183926364549575445489008029728
  -0.31418359260356417787387811154865761906                                            0    -0.34798948383112587839774969316002964546    0.025801091183926364549575445489008029728
                                          0    -0.31418359260356417787387811154865761906    -0.34798948383112587839774969316002964546    0.025801091183926364549575445489008029728
   0.41946831394855066122026884155987766007                                            0     0.10727119124752957153517942303657563051    0.005914634669889967830691106750145884802
                                          0     0.41946831394855066122026884155987766007     0.10727119124752957153517942303657563051    0.005914634669889967830691106750145884802
  -0.41946831394855066122026884155987766007                                            0     0.10727119124752957153517942303657563051    0.005914634669889967830691106750145884802
                                          0    -0.41946831394855066122026884155987766007     0.10727119124752957153517942303657563051    0.005914634669889967830691106750145884802
   0.46265733570463106256845936453266309665                                            0    -0.74023070489522959265216192179428608384    0.024331368390987597633225638976545368185
                                          0     0.46265733570463106256845936453266309665    -0.74023070489522959265216192179428608384    0.024331368390987597633225638976545368185
  -0.46265733570463106256845936453266309665                                            0    -0.74023070489522959265216192179428608384    0.024331368390987597633225638976545368185
                                          0    -0.46265733570463106256845936453266309665    -0.74023070489522959265216192179428608384    0.024331368390987597633225638976545368185
   0.55041357471692426402037397480192622916                                            0     -0.3601764084076214683303384897123316715    0.010630315781177701240935477248374955446
                                          0     0.55041357471692426402037397480192622916     -0.3601764084076214683303384897123316715    0.010630315781177701240935477248374955446
  -0.55041357471692426402037397480192622916                                            0     -0.3601764084076214683303384897123316715    0.010630315781177701240935477248374955446
                                          0    -0.55041357471692426402037397480192622916     -0.3601764084076214683303384897123316715    0.010630315781177701240935477248374955446
   0.55134318185528097968151020605209174036                                            0     -0.9237631490537403809365022406712218531    0.018228430050180565013890444962293052249
                                          0     0.55134318185528097968151020605209174036     -0.9237631490537403809365022406712218531    0.018228430050180565013890444962293052249
  -0.55134318185528097968151020605209174036                                            0     -0.9237631490537403809365022406712218531    0.018228430050180565013890444962293052249
                                          0    -0.55134318185528097968151020605209174036     -0.9237631490537403809365022406712218531    0.018228430050180565013890444962293052249
   0.56606583708229566248766303755294521969                                            0    -0.16300024681604651443971016606266861781   0.0053381648722635049701976856679375059798
                                          0     0.56606583708229566248766303755294521969    -0.16300024681604651443971016606266861781   0.0053381648722635049701976856679375059798
  -0.56606583708229566248766303755294521969                                            0    -0.16300024681604651443971016606266861781   0.0053381648722635049701976856679375059798
                                          0    -0.56606583708229566248766303755294521969    -0.16300024681604651443971016606266861781   0.0053381648722635049701976856679375059798
   0.59321397548305582771224643698615080797                                            0    -0.99995862784492504904890877169385880786   0.0033228188631645996744998074752823422843
                                          0     0.59321397548305582771224643698615080797    -0.99995862784492504904890877169385880786   0.0033228188631645996744998074752823422843
  -0.59321397548305582771224643698615080797                                            0    -0.99995862784492504904890877169385880786   0.0033228188631645996744998074752823422843
                                          0    -0.59321397548305582771224643698615080797    -0.99995862784492504904890877169385880786   0.0033228188631645996744998074752823422843
   0.77157225484970761081099301065651430186                                            0    -0.69947668682229106580268470030830390186    0.012188523813979712098865037553962512886
                                          0     0.77157225484970761081099301065651430186    -0.69947668682229106580268470030830390186    0.012188523813979712098865037553962512886
  -0.77157225484970761081099301065651430186                                            0    -0.69947668682229106580268470030830390186    0.012188523813979712098865037553962512886
                                          0    -0.77157225484970761081099301065651430186    -0.69947668682229106580268470030830390186    0.012188523813979712098865037553962512886
   0.83310288690618377079487688919428133747                                            0    -0.67308366343803995761715278325377493015   0.0011084802479186964087966286837861319539
                                          0     0.83310288690618377079487688919428133747    -0.67308366343803995761715278325377493015   0.0011084802479186964087966286837861319539
  -0.83310288690618377079487688919428133747                                            0    -0.67308366343803995761715278325377493015   0.0011084802479186964087966286837861319539
                                          0    -0.83310288690618377079487688919428133747    -0.67308366343803995761715278325377493015   0.0011084802479186964087966286837861319539
   0.89489441845370613368929097585879774402                                            0    -0.90595396948988359491594723258622202003   0.0086516083171200667351476131833912818454
                                          0     0.89489441845370613368929097585879774402    -0.90595396948988359491594723258622202003   0.0086516083171200667351476131833912818454
  -0.89489441845370613368929097585879774402                                            0    -0.90595396948988359491594723258622202003   0.0086516083171200667351476131833912818454
                                          0    -0.89489441845370613368929097585879774402    -0.90595396948988359491594723258622202003   0.0086516083171200667351476131833912818454
   0.94757930451431400486060169092521424032                                            0    -0.99696250512519669853372073124133015794   0.0016570939289253372606292418385667026058
                                          0     0.94757930451431400486060169092521424032    -0.99696250512519669853372073124133015794   0.0016570939289253372606292418385667026058
  -0.94757930451431400486060169092521424032                                            0    -0.99696250512519669853372073124133015794   0.0016570939289253372606292418385667026058
                                          0    -0.94757930451431400486060169092521424032    -0.99696250512519669853372073124133015794   0.0016570939289253372606292418385667026058
  0.093389042867160852786980332570776305603    0.093389042867160852786980332570776305603     0.79252474573158930735847890238059586659  0.00055024172397493065387861483411713776638
  0.093389042867160852786980332570776305603   -0.093389042867160852786980332570776305603     0.79252474573158930735847890238059586659  0.00055024172397493065387861483411713776638
 -0.093389042867160852786980332570776305603    0.093389042867160852786980332570776305603     0.79252474573158930735847890238059586659  0.00055024172397493065387861483411713776638
 -0.093389042867160852786980332570776305603   -0.093389042867160852786980332570776305603     0.79252474573158930735847890238059586659  0.00055024172397493065387861483411713776638
  0.095825984673118029636533454828518537728    0.095825984673118029636533454828518537728     0.41901947719321126762051911597207738378   0.0082919991392051044149172567406022202882
  0.095825984673118029636533454828518537728   -0.095825984673118029636533454828518537728     0.41901947719321126762051911597207738378   0.0082919991392051044149172567406022202882
 -0.095825984673118029636533454828518537728    0.095825984673118029636533454828518537728     0.41901947719321126762051911597207738378   0.0082919991392051044149172567406022202882
 -0.095825984673118029636533454828518537728   -0.095825984673118029636533454828518537728     0.41901947719321126762051911597207738378   0.0082919991392051044149172567406022202882
   0.14558763681939133549966162926017096483     0.14558763681939133549966162926017096483    -0.16255048753804534502455941778967889484    0.017677333828310231545033842301082293529
   0.14558763681939133549966162926017096483    -0.14558763681939133549966162926017096483    -0.16255048753804534502455941778967889484    0.017677333828310231545033842301082293529
  -0.14558763681939133549966162926017096483     0.14558763681939133549966162926017096483    -0.16255048753804534502455941778967889484    0.017677333828310231545033842301082293529
  -0.14558763681939133549966162926017096483    -0.14558763681939133549966162926017096483    -0.16255048753804534502455941778967889484    0.017677333828310231545033842301082293529
   0.15440954732037573118626387302897861074     0.15440954732037573118626387302897861074     0.54011606598414437850073950188886915722   0.0050979177965815650477307816445703432406
   0.15440954732037573118626387302897861074    -0.15440954732037573118626387302897861074     0.54011606598414437850073950188886915722   0.0050979177965815650477307816445703432406
  -0.15440954732037573118626387302897861074     0.15440954732037573118626387302897861074     0.54011606598414437850073950188886915722   0.0050979177965815650477307816445703432406
  -0.15440954732037573118626387302897861074    -0.15440954732037573118626387302897861074     0.54011606598414437850073950188886915722   0.0050979177965815650477307816445703432406
   0.19306662809153859324691744293068053961     0.19306662809153859324691744293068053961     0.10829135400050671172968544635370225873    0.014388443553010830152513164922267816637
   0.19306662809153859324691744293068053961    -0.19306662809153859324691744293068053961     0.10829135400050671172968544635370225873    0.014388443553010830152513164922267816637
  -0.19306662809153859324691744293068053961     0.19306662809153859324691744293068053961     0.10829135400050671172968544635370225873    0.014388443553010830152513164922267816637
  -0.19306662809153859324691744293068053961    -0.19306662809153859324691744293068053961     0.10829135400050671172968544635370225873    0.014388443553010830152513164922267816637
   0.24419970458717897190451946752143529152     0.24419970458717897190451946752143529152     0.47844484039772523695651291238044898557   0.0010051540913507658171501321958525997631
   0.24419970458717897190451946752143529152    -0.24419970458717897190451946752143529152     0.47844484039772523695651291238044898557   0.0010051540913507658171501321958525997631
  -0.24419970458717897190451946752143529152     0.24419970458717897190451946752143529152     0.47844484039772523695651291238044898557   0.0010051540913507658171501321958525997631
  -0.24419970458717897190451946752143529152    -0.24419970458717897190451946752143529152     0.47844484039772523695651291238044898557   0.0010051540913507658171501321958525997631
    0.2456836348015369016346126136389849288      0.2456836348015369016346126136389849288    -0.53552079230929537132223997626111346593    0.026682673728547832490466189452380893337
    0.2456836348015369016346126136389849288     -0.2456836348015369016346126136389849288    -0.53552079230929537132223997626111346593    0.026682673728547832490466189452380893337
   -0.2456836348015369016346126136389849288      0.2456836348015369016346126136389849288    -0.53552079230929537132223997626111346593    0.026682673728547832490466189452380893337
   -0.2456836348015369016346126136389849288     -0.2456836348015369016346126136389849288    -0.53552079230929537132223997626111346593    0.026682673728547832490466189452380893337
   0.26900377917542907060398162837553177454     0.26900377917542907060398162837553177454    -0.76138722801914580933546217521565043102    0.023702063488322396039135480176657834859
   0.26900377917542907060398162837553177454    -0.26900377917542907060398162837553177454    -0.76138722801914580933546217521565043102    0.023702063488322396039135480176657834859
  -0.26900377917542907060398162837553177454     0.26900377917542907060398162837553177454    -0.76138722801914580933546217521565043102    0.023702063488322396039135480176657834859
  -0.26900377917542907060398162837553177454    -0.26900377917542907060398162837553177454    -0.76138722801914580933546217521565043102    0.023702063488322396039135480176657834859
    0.2921514693154716207935624703700974758      0.2921514693154716207935624703700974758    -0.92128554698216847335122325436384340762    0.019115064396197163553218546542453368063
    0.2921514693154716207935624703700974758     -0.2921514693154716207935624703700974758    -0.92128554698216847335122325436384340762    0.019115064396197163553218546542453368063
   -0.2921514693154716207935624703700974758      0.2921514693154716207935624703700974758    -0.92128554698216847335122325436384340762    0.019115064396197163553218546542453368063
   -0.2921514693154716207935624703700974758     -0.2921514693154716207935624703700974758    -0.92128554698216847335122325436384340762    0.019115064396197163553218546542453368063
   0.30881311804314536467177768840266261668     0.30881311804314536467177768840266261668    -0.99551476897711579071440218054980922609   0.0045709664581940033612297506018488924404
   0.30881311804314536467177768840266261668    -0.30881311804314536467177768840266261668    -0.99551476897711579071440218054980922609   0.0045709664581940033612297506018488924404
  -0.30881311804314536467177768840266261668     0.30881311804314536467177768840266261668    -0.99551476897711579071440218054980922609   0.0045709664581940033612297506018488924404
  -0.30881311804314536467177768840266261668    -0.30881311804314536467177768840266261668    -0.99551476897711579071440218054980922609   0.0045709664581940033612297506018488924404
   0.38677087013799775781931029098440497399     0.38677087013799775781931029098440497399    -0.33930736537475983787449886889649907471    0.023205224616315382063385962548002035832
   0.38677087013799775781931029098440497399    -0.38677087013799775781931029098440497399    -0.33930736537475983787449886889649907471    0.023205224616315382063385962548002035832
  -0.38677087013799775781931029098440497399     0.38677087013799775781931029098440497399    -0.33930736537475983787449886889649907471    0.023205224616315382063385962548002035832
  -0.38677087013799775781931029098440497399    -0.38677087013799775781931029098440497399    -0.33930736537475983787449886889649907471    0.023205224616315382063385962548002035832
   0.42943695612593424824897997747607242173     0.42943695612593424824897997747607242173   -0.077016402061916265164822208673402989874    0.009489032519171799100016058975269081521
   0.42943695612593424824897997747607242173    -0.42943695612593424824897997747607242173   -0.077016402061916265164822208673402989874    0.009489032519171799100016058975269081521
  -0.42943695612593424824897997747607242173     0.42943695612593424824897997747607242173   -0.077016402061916265164822208673402989874    0.009489032519171799100016058975269081521
  -0.42943695612593424824897997747607242173    -0.42943695612593424824897997747607242173   -0.077016402061916265164822208673402989874    0.009489032519171799100016058975269081521
   0.43040748068132172328290737007676450195     0.43040748068132172328290737007676450195      0.1171021769180305844067436091928444879   0.0012568470241037146257847129656105202954
   0.43040748068132172328290737007676450195    -0.43040748068132172328290737007676450195      0.1171021769180305844067436091928444879   0.0012568470241037146257847129656105202954
  -0.43040748068132172328290737007676450195     0.43040748068132172328290737007676450195      0.1171021769180305844067436091928444879   0.0012568470241037146257847129656105202954
  -0.43040748068132172328290737007676450195    -0.43040748068132172328290737007676450195      0.1171021769180305844067436091928444879   0.0012568470241037146257847129656105202954
   0.49432863845518136769177400000270552681     0.49432863845518136769177400000270552681    -0.65202095731672896192266202454252625721    0.019426188920052636385575122178196349465
   0.49432863845518136769177400000270552681    -0.49432863845518136769177400000270552681    -0.65202095731672896192266202454252625721    0.019426188920052636385575122178196349465
  -0.49432863845518136769177400000270552681     0.49432863845518136769177400000270552681    -0.65202095731672896192266202454252625721    0.019426188920052636385575122178196349465
  -0.49432863845518136769177400000270552681    -0.49432863845518136769177400000270552681    -0.65202095731672896192266202454252625721    0.019426188920052636385575122178196349465
   0.53143174567768248418720223002833773925     0.53143174567768248418720223002833773925    -0.84910075915513459298590275136369147415    0.016919641010854438684868633102648942264
   0.53143174567768248418720223002833773925    -0.53143174567768248418720223002833773925    -0.84910075915513459298590275136369147415    0.016919641010854438684868633102648942264
  -0.53143174567768248418720223002833773925     0.53143174567768248418720223002833773925    -0.84910075915513459298590275136369147415    0.016919641010854438684868633102648942264
  -0.53143174567768248418720223002833773925    -0.53143174567768248418720223002833773925    -0.84910075915513459298590275136369147415    0.016919641010854438684868633102648942264
   0.57546552948100618538353068778486722534     0.57546552948100618538353068778486722534     -0.9701923695192114615388691509623175523   0.0093946429404868936215499450665481479952
   0.57546552948100618538353068778486722534    -0.57546552948100618538353068778486722534     -0.9701923695192114615388691509623175523   0.0093946429404868936215499450665481479952
  -0.57546552948100618538353068778486722534     0.57546552948100618538353068778486722534     -0.9701923695192114615388691509623175523   0.0093946429404868936215499450665481479952
  -0.57546552948100618538353068778486722534    -0.57546552948100618538353068778486722534     -0.9701923695192114615388691509623175523   0.0093946429404868936215499450665481479952
   0.58176779821454098915578044509666131191     0.58176779821454098915578044509666131191    -0.44717854518216489878835784717281780795    0.012120431022719560033829379649148416412
   0.58176779821454098915578044509666131191    -0.58176779821454098915578044509666131191    -0.44717854518216489878835784717281780795    0.012120431022719560033829379649148416412
  -0.58176779821454098915578044509666131191     0.58176779821454098915578044509666131191    -0.44717854518216489878835784717281780795    0.012120431022719560033829379649148416412
  -0.58176779821454098915578044509666131191    -0.58176779821454098915578044509666131191    -0.44717854518216489878835784717281780795    0.012120431022719560033829379649148416412
   0.59299428717983980707340360475557529655     0.59299428717983980707340360475557529655    -0.25735008261130199555486726481075168493   0.0030372477270852170560569840852834218556
   0.59299428717983980707340360475557529655    -0.59299428717983980707340360475557529655    -0.25735008261130199555486726481075168493   0.0030372477270852170560569840852834218556
  -0.59299428717983980707340360475557529655     0.59299428717983980707340360475557529655    -0.25735008261130199555486726481075168493   0.0030372477270852170560569840852834218556
  -0.59299428717983980707340360475557529655    -0.59299428717983980707340360475557529655    -0.25735008261130199555486726481075168493   0.0030372477270852170560569840852834218556
    0.7019125640696033882347892113506315816      0.7019125640696033882347892113506315816    -0.73484186392831597072778376021333269354    0.010452756688692623261497207790808159492
    0.7019125640696033882347892113506315816     -0.7019125640696033882347892113506315816    -0.73484186392831597072778376021333269354    0.010452756688692623261497207790808159492
   -0.7019125640696033882347892113506315816      0.7019125640696033882347892113506315816    -0.73484186392831597072778376021333269354    0.010452756688692623261497207790808159492
   -0.7019125640696033882347892113506315816     -0.7019125640696033882347892113506315816    -0.73484186392831597072778376021333269354    0.010452756688692623261497207790808159492
   0.75118580997625265118505893637381279676     0.75118580997625265118505893637381279676    -0.58577464327809988987014530698983817174   0.0034635059945601946941136447337672817099
   0.75118580997625265118505893637381279676    -0.75118580997625265118505893637381279676    -0.58577464327809988987014530698983817174   0.0034635059945601946941136447337672817099
  -0.75118580997625265118505893637381279676     0.75118580997625265118505893637381279676    -0.58577464327809988987014530698983817174   0.0034635059945601946941136447337672817099
  -0.75118580997625265118505893637381279676    -0.75118580997625265118505893637381279676    -0.58577464327809988987014530698983817174   0.0034635059945601946941136447337672817099
   0.77882931028356260538406688374875093737     0.77882931028356260538406688374875093737    -0.94076880396732007221285419921073069853   0.0050209372265903477800763556384411077622
   0.77882931028356260538406688374875093737    -0.77882931028356260538406688374875093737    -0.94076880396732007221285419921073069853   0.0050209372265903477800763556384411077622
  -0.77882931028356260538406688374875093737     0.77882931028356260538406688374875093737    -0.94076880396732007221285419921073069853   0.0050209372265903477800763556384411077622
  -0.77882931028356260538406688374875093737    -0.77882931028356260538406688374875093737    -0.94076880396732007221285419921073069853   0.0050209372265903477800763556384411077622
   0.87551706569242719047214314986237073795     0.87551706569242719047214314986237073795    -0.84175111007380296308155942934845477209   0.0022189060034259171179542895633916864799
   0.87551706569242719047214314986237073795    -0.87551706569242719047214314986237073795    -0.84175111007380296308155942934845477209   0.0022189060034259171179542895633916864799
  -0.87551706569242719047214314986237073795     0.87551706569242719047214314986237073795    -0.84175111007380296308155942934845477209   0.0022189060034259171179542895633916864799
  -0.87551706569242719047214314986237073795    -0.87551706569242719047214314986237073795    -0.84175111007380296308155942934845477209   0.0022189060034259171179542895633916864799
   0.94878324356227755532886551455022332567     0.94878324356227755532886551455022332567    -0.98985218704249043028645943984864497208  0.00044621993595763418129393260866954328931
   0.94878324356227755532886551455022332567    -0.94878324356227755532886551455022332567    -0.98985218704249043028645943984864497208  0.00044621993595763418129393260866954328931
  -0.94878324356227755532886551455022332567     0.94878324356227755532886551455022332567    -0.98985218704249043028645943984864497208  0.00044621993595763418129393260866954328931
  -0.94878324356227755532886551455022332567    -0.94878324356227755532886551455022332567    -0.98985218704249043028645943984864497208  0.00044621993595763418129393260866954328931
   0.14545593856086084554179049588296515443     0.37781875431058373477518834607357223695   -0.080065032797510179760660589755396553383    0.017206442263589627863500071204081253127
   0.37781875431058373477518834607357223695     0.14545593856086084554179049588296515443   -0.080065032797510179760660589755396553383    0.017206442263589627863500071204081253127
   0.14545593856086084554179049588296515443    -0.37781875431058373477518834607357223695   -0.080065032797510179760660589755396553383    0.017206442263589627863500071204081253127
  -0.37781875431058373477518834607357223695     0.14545593856086084554179049588296515443   -0.080065032797510179760660589755396553383    0.017206442263589627863500071204081253127
  -0.14545593856086084554179049588296515443     0.37781875431058373477518834607357223695   -0.080065032797510179760660589755396553383    0.017206442263589627863500071204081253127
   0.37781875431058373477518834607357223695    -0.14545593856086084554179049588296515443   -0.080065032797510179760660589755396553383    0.017206442263589627863500071204081253127
  -0.14545593856086084554179049588296515443    -0.37781875431058373477518834607357223695   -0.080065032797510179760660589755396553383    0.017206442263589627863500071204081253127
  -0.37781875431058373477518834607357223695    -0.14545593856086084554179049588296515443   -0.080065032797510179760660589755396553383    0.017206442263589627863500071204081253127
   0.15223117419681511074704549843919789091     0.72977334337053049384063681710885105653    -0.49377191088004063210830291325211752292   0.0044199501962456312075953983736589389654
   0.72977334337053049384063681710885105653     0.15223117419681511074704549843919789091    -0.49377191088004063210830291325211752292   0.0044199501962456312075953983736589389654
   0.15223117419681511074704549843919789091    -0.72977334337053049384063681710885105653    -0.49377191088004063210830291325211752292   0.0044199501962456312075953983736589389654
  -0.72977334337053049384063681710885105653     0.15223117419681511074704549843919789091    -0.49377191088004063210830291325211752292   0.0044199501962456312075953983736589389654
  -0.15223117419681511074704549843919789091     0.72977334337053049384063681710885105653    -0.49377191088004063210830291325211752292   0.0044199501962456312075953983736589389654
   0.72977334337053049384063681710885105653    -0.15223117419681511074704549843919789091    -0.49377191088004063210830291325211752292   0.0044199501962456312075953983736589389654
  -0.15223117419681511074704549843919789091    -0.72977334337053049384063681710885105653    -0.49377191088004063210830291325211752292   0.0044199501962456312075953983736589389654
  -0.72977334337053049384063681710885105653    -0.15223117419681511074704549843919789091    -0.49377191088004063210830291325211752292   0.0044199501962456312075953983736589389654
    0.1651534296204608692172596835073008301     0.54561936023681145814651176757271854518    -0.56676171393659117692140394738875660237    0.018048077761912324250215162439227249057
   0.54561936023681145814651176757271854518      0.1651534296204608692172596835073008301    -0.56676171393659117692140394738875660237    0.018048077761912324250215162439227249057
    0.1651534296204608692172596835073008301    -0.54561936023681145814651176757271854518    -0.56676171393659117692140394738875660237    0.018048077761912324250215162439227249057
  -0.54561936023681145814651176757271854518      0.1651534296204608692172596835073008301    -0.56676171393659117692140394738875660237    0.018048077761912324250215162439227249057
   -0.1651534296204608692172596835073008301     0.54561936023681145814651176757271854518    -0.56676171393659117692140394738875660237    0.018048077761912324250215162439227249057
   0.54561936023681145814651176757271854518     -0.1651534296204608692172596835073008301    -0.56676171393659117692140394738875660237    0.018048077761912324250215162439227249057
   -0.1651534296204608692172596835073008301    -0.54561936023681145814651176757271854518    -0.56676171393659117692140394738875660237    0.018048077761912324250215162439227249057
  -0.54561936023681145814651176757271854518     -0.1651534296204608692172596835073008301    -0.56676171393659117692140394738875660237    0.018048077761912324250215162439227249057
   0.22223544531856781669439900014218489186     0.33866954553258019181481287433578054954     0.23746830489575851982252992470569213329   0.0073210106065161808667661851459290284791
   0.33866954553258019181481287433578054954     0.22223544531856781669439900014218489186     0.23746830489575851982252992470569213329   0.0073210106065161808667661851459290284791
   0.22223544531856781669439900014218489186    -0.33866954553258019181481287433578054954     0.23746830489575851982252992470569213329   0.0073210106065161808667661851459290284791
  -0.33866954553258019181481287433578054954     0.22223544531856781669439900014218489186     0.23746830489575851982252992470569213329   0.0073210106065161808667661851459290284791
  -0.22223544531856781669439900014218489186     0.33866954553258019181481287433578054954     0.23746830489575851982252992470569213329   0.0073210106065161808667661851459290284791
   0.33866954553258019181481287433578054954    -0.22223544531856781669439900014218489186     0.23746830489575851982252992470569213329   0.0073210106065161808667661851459290284791
  -0.22223544531856781669439900014218489186    -0.33866954553258019181481287433578054954     0.23746830489575851982252992470569213329   0.0073210106065161808667661851459290284791
  -0.33866954553258019181481287433578054954    -0.22223544531856781669439900014218489186     0.23746830489575851982252992470569213329   0.0073210106065161808667661851459290284791
   0.24634100399528322747709233382986682761     0.58736897204810106902509054094139502577    -0.34442265388890423522105472085708626441    0.012032979312996538771517995815900354344
   0.58736897204810106902509054094139502577     0.24634100399528322747709233382986682761    -0.34442265388890423522105472085708626441    0.012032979312996538771517995815900354344
   0.24634100399528322747709233382986682761    -0.58736897204810106902509054094139502577    -0.34442265388890423522105472085708626441    0.012032979312996538771517995815900354344
  -0.58736897204810106902509054094139502577     0.24634100399528322747709233382986682761    -0.34442265388890423522105472085708626441    0.012032979312996538771517995815900354344
  -0.24634100399528322747709233382986682761     0.58736897204810106902509054094139502577    -0.34442265388890423522105472085708626441    0.012032979312996538771517995815900354344
   0.58736897204810106902509054094139502577    -0.24634100399528322747709233382986682761    -0.34442265388890423522105472085708626441    0.012032979312996538771517995815900354344
  -0.24634100399528322747709233382986682761    -0.58736897204810106902509054094139502577    -0.34442265388890423522105472085708626441    0.012032979312996538771517995815900354344
  -0.58736897204810106902509054094139502577    -0.24634100399528322747709233382986682761    -0.34442265388890423522105472085708626441    0.012032979312996538771517995815900354344
   0.25987711687322439431249724238309180753     0.70555315444919210261136185193864932555    -0.82603889704986460197925904937907450013    0.017528168351685907308038646550892114582
   0.70555315444919210261136185193864932555     0.25987711687322439431249724238309180753    -0.82603889704986460197925904937907450013    0.017528168351685907308038646550892114582
   0.25987711687322439431249724238309180753    -0.70555315444919210261136185193864932555    -0.82603889704986460197925904937907450013    0.017528168351685907308038646550892114582
  -0.70555315444919210261136185193864932555     0.25987711687322439431249724238309180753    -0.82603889704986460197925904937907450013    0.017528168351685907308038646550892114582
  -0.25987711687322439431249724238309180753     0.70555315444919210261136185193864932555    -0.82603889704986460197925904937907450013    0.017528168351685907308038646550892114582
   0.70555315444919210261136185193864932555    -0.25987711687322439431249724238309180753    -0.82603889704986460197925904937907450013    0.017528168351685907308038646550892114582
  -0.25987711687322439431249724238309180753    -0.70555315444919210261136185193864932555    -0.82603889704986460197925904937907450013    0.017528168351685907308038646550892114582
  -0.70555315444919210261136185193864932555    -0.25987711687322439431249724238309180753    -0.82603889704986460197925904937907450013    0.017528168351685907308038646550892114582
    0.3002016884705220232849224009403278094     0.79013415255119927822513633074503644449    -0.96663596907583766074947341596686688331    0.008938493384198035761611657368451528296
   0.79013415255119927822513633074503644449      0.3002016884705220232849224009403278094    -0.96663596907583766074947341596686688331    0.008938493384198035761611657368451528296
    0.3002016884705220232849224009403278094    -0.79013415255119927822513633074503644449    -0.96663596907583766074947341596686688331    0.008938493384198035761611657368451528296
  -0.79013415255119927822513633074503644449      0.3002016884705220232849224009403278094    -0.96663596907583766074947341596686688331    0.008938493384198035761611657368451528296
   -0.3002016884705220232849224009403278094     0.79013415255119927822513633074503644449    -0.96663596907583766074947341596686688331    0.008938493384198035761611657368451528296
   0.79013415255119927822513633074503644449     -0.3002016884705220232849224009403278094    -0.96663596907583766074947341596686688331    0.008938493384198035761611657368451528296
   -0.3002016884705220232849224009403278094    -0.79013415255119927822513633074503644449    -0.96663596907583766074947341596686688331    0.008938493384198035761611657368451528296
  -0.79013415255119927822513633074503644449     -0.3002016884705220232849224009403278094    -0.96663596907583766074947341596686688331    0.008938493384198035761611657368451528296
   0.30785433453346178485640005147645616313     0.51503447314038164658586976729108899584   -0.085877692143790870412040304200123816319   0.0056925306243946980988187033294711093835
   0.51503447314038164658586976729108899584     0.30785433453346178485640005147645616313   -0.085877692143790870412040304200123816319   0.0056925306243946980988187033294711093835
   0.30785433453346178485640005147645616313    -0.51503447314038164658586976729108899584   -0.085877692143790870412040304200123816319   0.0056925306243946980988187033294711093835
  -0.51503447314038164658586976729108899584     0.30785433453346178485640005147645616313   -0.085877692143790870412040304200123816319   0.0056925306243946980988187033294711093835
  -0.30785433453346178485640005147645616313     0.51503447314038164658586976729108899584   -0.085877692143790870412040304200123816319   0.0056925306243946980988187033294711093835
   0.51503447314038164658586976729108899584    -0.30785433453346178485640005147645616313   -0.085877692143790870412040304200123816319   0.0056925306243946980988187033294711093835
  -0.30785433453346178485640005147645616313    -0.51503447314038164658586976729108899584   -0.085877692143790870412040304200123816319   0.0056925306243946980988187033294711093835
  -0.51503447314038164658586976729108899584    -0.30785433453346178485640005147645616313   -0.085877692143790870412040304200123816319   0.0056925306243946980988187033294711093835
   0.32597614149780827353171289409504586725     0.88363818349563246691977709635437476554     -0.7997041892492283232680989320609389845   0.0044473784928574655042897390909430438221
   0.88363818349563246691977709635437476554     0.32597614149780827353171289409504586725     -0.7997041892492283232680989320609389845   0.0044473784928574655042897390909430438221
   0.32597614149780827353171289409504586725    -0.88363818349563246691977709635437476554     -0.7997041892492283232680989320609389845   0.0044473784928574655042897390909430438221
  -0.88363818349563246691977709635437476554     0.32597614149780827353171289409504586725     -0.7997041892492283232680989320609389845   0.0044473784928574655042897390909430438221
  -0.32597614149780827353171289409504586725     0.88363818349563246691977709635437476554     -0.7997041892492283232680989320609389845   0.0044473784928574655042897390909430438221
   0.88363818349563246691977709635437476554    -0.32597614149780827353171289409504586725     -0.7997041892492283232680989320609389845   0.0044473784928574655042897390909430438221
  -0.32597614149780827353171289409504586725    -0.88363818349563246691977709635437476554     -0.7997041892492283232680989320609389845   0.0044473784928574655042897390909430438221
  -0.88363818349563246691977709635437476554    -0.32597614149780827353171289409504586725     -0.7997041892492283232680989320609389845   0.0044473784928574655042897390909430438221
   0.38106349451604304354451225761141238238     0.71562771546732867530198325688764197137    -0.63198143379641435940706137927499722912     0.01225193389744087832714337377134604702
   0.71562771546732867530198325688764197137     0.38106349451604304354451225761141238238    -0.63198143379641435940706137927499722912     0.01225193389744087832714337377134604702
   0.38106349451604304354451225761141238238    -0.71562771546732867530198325688764197137    -0.63198143379641435940706137927499722912     0.01225193389744087832714337377134604702
  -0.71562771546732867530198325688764197137     0.38106349451604304354451225761141238238    -0.63198143379641435940706137927499722912     0.01225193389744087832714337377134604702
  -0.38106349451604304354451225761141238238     0.71562771546732867530198325688764197137    -0.63198143379641435940706137927499722912     0.01225193389744087832714337377134604702
   0.71562771546732867530198325688764197137    -0.38106349451604304354451225761141238238    -0.63198143379641435940706137927499722912     0.01225193389744087832714337377134604702
  -0.38106349451604304354451225761141238238    -0.71562771546732867530198325688764197137    -0.63198143379641435940706137927499722912     0.01225193389744087832714337377134604702
  -0.71562771546732867530198325688764197137    -0.38106349451604304354451225761141238238    -0.63198143379641435940706137927499722912     0.01225193389744087832714337377134604702
     0.422806968999902228306631311630771593     0.96365751180144981269157969832750642586    -0.96051176591736640636120364930636290271   0.0024263354751922914194572783937533534585
   0.96365751180144981269157969832750642586       0.422806968999902228306631311630771593    -0.96051176591736640636120364930636290271   0.0024263354751922914194572783937533534585
     0.422806968999902228306631311630771593    -0.96365751180144981269157969832750642586    -0.96051176591736640636120364930636290271   0.0024263354751922914194572783937533534585
  -0.96365751180144981269157969832750642586       0.422806968999902228306631311630771593    -0.96051176591736640636120364930636290271   0.0024263354751922914194572783937533534585
    -0.422806968999902228306631311630771593     0.96365751180144981269157969832750642586    -0.96051176591736640636120364930636290271   0.0024263354751922914194572783937533534585
   0.96365751180144981269157969832750642586      -0.422806968999902228306631311630771593    -0.96051176591736640636120364930636290271   0.0024263354751922914194572783937533534585
    -0.422806968999902228306631311630771593    -0.96365751180144981269157969832750642586    -0.96051176591736640636120364930636290271   0.0024263354751922914194572783937533534585
  -0.96365751180144981269157969832750642586      -0.422806968999902228306631311630771593    -0.96051176591736640636120364930636290271   0.0024263354751922914194572783937533534585
   0.46946550114630577568631864681551836353     0.67611953376804290176560949351001534857    -0.37788386455634459638846519008837816494   0.0036072119505016786779734239754278519351
   0.67611953376804290176560949351001534857     0.46946550114630577568631864681551836353    -0.37788386455634459638846519008837816494   0.0036072119505016786779734239754278519351
   0.46946550114630577568631864681551836353    -0.67611953376804290176560949351001534857    -0.37788386455634459638846519008837816494   0.0036072119505016786779734239754278519351
  -0.67611953376804290176560949351001534857     0.46946550114630577568631864681551836353    -0.37788386455634459638846519008837816494   0.0036072119505016786779734239754278519351
  -0.46946550114630577568631864681551836353     0.67611953376804290176560949351001534857    -0.37788386455634459638846519008837816494   0.0036072119505016786779734239754278519351
   0.67611953376804290176560949351001534857    -0.46946550114630577568631864681551836353    -0.37788386455634459638846519008837816494   0.0036072119505016786779734239754278519351
  -0.46946550114630577568631864681551836353    -0.67611953376804290176560949351001534857    -0.37788386455634459638846519008837816494   0.0036072119505016786779734239754278519351
  -0.67611953376804290176560949351001534857    -0.46946550114630577568631864681551836353    -0.37788386455634459638846519008837816494   0.0036072119505016786779734239754278519351
   0.54177855864232125801455574758105578135     0.78681366440713212157629135511843302731     -0.6226110679174950957057290337807757562   0.0036430512229592555396267584281286978584
   0.78681366440713212157629135511843302731     0.54177855864232125801455574758105578135     -0.6226110679174950957057290337807757562   0.0036430512229592555396267584281286978584
   0.54177855864232125801455574758105578135    -0.78681366440713212157629135511843302731     -0.6226110679174950957057290337807757562   0.0036430512229592555396267584281286978584
  -0.78681366440713212157629135511843302731     0.54177855864232125801455574758105578135     -0.6226110679174950957057290337807757562   0.0036430512229592555396267584281286978584
  -0.54177855864232125801455574758105578135     0.78681366440713212157629135511843302731     -0.6226110679174950957057290337807757562   0.0036430512229592555396267584281286978584
   0.78681366440713212157629135511843302731    -0.54177855864232125801455574758105578135     -0.6226110679174950957057290337807757562   0.0036430512229592555396267584281286978584
  -0.54177855864232125801455574758105578135    -0.78681366440713212157629135511843302731     -0.6226110679174950957057290337807757562   0.0036430512229592555396267584281286978584
  -0.78681366440713212157629135511843302731    -0.54177855864232125801455574758105578135     -0.6226110679174950957057290337807757562   0.0036430512229592555396267584281286978584
   0.58942216785715863061329531629065821867     0.84486457539239697903992846359461661811    -0.87571100864982345167205223933231583712   0.0085401383758507019685950637505463470543
   0.84486457539239697903992846359461661811     0.58942216785715863061329531629065821867    -0.87571100864982345167205223933231583712   0.0085401383758507019685950637505463470543
   0.58942216785715863061329531629065821867    -0.84486457539239697903992846359461661811    -0.87571100864982345167205223933231583712   0.0085401383758507019685950637505463470543
  -0.84486457539239697903992846359461661811     0.58942216785715863061329531629065821867    -0.87571100864982345167205223933231583712   0.0085401383758507019685950637505463470543
  -0.58942216785715863061329531629065821867     0.84486457539239697903992846359461661811    -0.87571100864982345167205223933231583712   0.0085401383758507019685950637505463470543
   0.84486457539239697903992846359461661811    -0.58942216785715863061329531629065821867    -0.87571100864982345167205223933231583712   0.0085401383758507019685950637505463470543
  -0.58942216785715863061329531629065821867    -0.84486457539239697903992846359461661811    -0.87571100864982345167205223933231583712   0.0085401383758507019685950637505463470543
  -0.84486457539239697903992846359461661811    -0.58942216785715863061329531629065821867    -0.87571100864982345167205223933231583712   0.0085401383758507019685950637505463470543
     0.673723844458410648008177311117083276     0.89929160057120064351491499398494757781    -0.99387284714275576150572230412576418151   0.0019024731237986890124156262986583375962
   0.89929160057120064351491499398494757781       0.673723844458410648008177311117083276    -0.99387284714275576150572230412576418151   0.0019024731237986890124156262986583375962
     0.673723844458410648008177311117083276    -0.89929160057120064351491499398494757781    -0.99387284714275576150572230412576418151   0.0019024731237986890124156262986583375962
  -0.89929160057120064351491499398494757781       0.673723844458410648008177311117083276    -0.99387284714275576150572230412576418151   0.0019024731237986890124156262986583375962
    -0.673723844458410648008177311117083276     0.89929160057120064351491499398494757781    -0.99387284714275576150572230412576418151   0.0019024731237986890124156262986583375962
   0.89929160057120064351491499398494757781      -0.673723844458410648008177311117083276    -0.99387284714275576150572230412576418151   0.0019024731237986890124156262986583375962
    -0.673723844458410648008177311117083276    -0.89929160057120064351491499398494757781    -0.99387284714275576150572230412576418151   0.0019024731237986890124156262986583375962
  -0.89929160057120064351491499398494757781      -0.673723844458410648008177311117083276    -0.99387284714275576150572230412576418151   0.0019024731237986890124156262986583375962
   0.70691292905135304646284381204676222697     0.87300952467117564045073109372546061453     -0.7747843646935877150131482800378879158   0.0020184208824844471163268198111235241465
   0.87300952467117564045073109372546061453     0.70691292905135304646284381204676222697     -0.7747843646935877150131482800378879158   0.0020184208824844471163268198111235241465
   0.70691292905135304646284381204676222697    -0.87300952467117564045073109372546061453     -0.7747843646935877150131482800378879158   0.0020184208824844471163268198111235241465
  -0.87300952467117564045073109372546061453     0.70691292905135304646284381204676222697     -0.7747843646935877150131482800378879158   0.0020184208824844471163268198111235241465
  -0.70691292905135304646284381204676222697     0.87300952467117564045073109372546061453     -0.7747843646935877150131482800378879158   0.0020184208824844471163268198111235241465
   0.87300952467117564045073109372546061453    -0.70691292905135304646284381204676222697     -0.7747843646935877150131482800378879158   0.0020184208824844471163268198111235241465
  -0.70691292905135304646284381204676222697    -0.87300952467117564045073109372546061453     -0.7747843646935877150131482800378879158   0.0020184208824844471163268198111235241465
  -0.87300952467117564045073109372546061453    -0.70691292905135304646284381204676222697     -0.7747843646935877150131482800378879158   0.0020184208824844471163268198111235241465
   0.82561154369560929753573086438967626525     0.95671374402573882656597238368825363444    -0.94825400240263447653803934701046725165   0.0014561157053689795675205317040369830447
   0.95671374402573882656597238368825363444     0.82561154369560929753573086438967626525    -0.94825400240263447653803934701046725165   0.0014561157053689795675205317040369830447
   0.82561154369560929753573086438967626525    -0.95671374402573882656597238368825363444    -0.94825400240263447653803934701046725165   0.0014561157053689795675205317040369830447
  -0.95671374402573882656597238368825363444     0.82561154369560929753573086438967626525    -0.94825400240263447653803934701046725165   0.0014561157053689795675205317040369830447
  -0.82561154369560929753573086438967626525     0.95671374402573882656597238368825363444    -0.94825400240263447653803934701046725165   0.0014561157053689795675205317040369830447
   0.95671374402573882656597238368825363444    -0.82561154369560929753573086438967626525    -0.94825400240263447653803934701046725165   0.0014561157053689795675205317040369830447
  -0.82561154369560929753573086438967626525    -0.95671374402573882656597238368825363444    -0.94825400240263447653803934701046725165   0.0014561157053689795675205317040369830447
  -0.95671374402573882656597238368825363444    -0.82561154369560929753573086438967626525    -0.94825400240263447653803934701046725165   0.0014561157053689795675205317040369830447

