                                        0                                          0   0.35446557777227471722730849524904581806   0.30331168845504517111391728481208001144
                                        0                                          0  -0.74972609378250711033655604388057044149   0.55168907357213937275730716433358729608
  0.6505815563982325146829577797417295398                                          0  -0.35523170084357268589593075201816127231   0.28353223437153468006819777082540613962
                                        0    0.6505815563982325146829577797417295398  -0.35523170084357268589593075201816127231   0.28353223437153468006819777082540613962
 -0.6505815563982325146829577797417295398                                          0  -0.35523170084357268589593075201816127231   0.28353223437153468006819777082540613962
                                        0   -0.6505815563982325146829577797417295398  -0.35523170084357268589593075201816127231   0.28353223437153468006819777082540613962
 0.65796699712169008954533549931479427127   0.65796699712169008954533549931479427127  -0.92150343220236930457646242598412224897   0.16938424178833585063066278355484370017
 0.65796699712169008954533549931479427127  -0.65796699712169008954533549931479427127  -0.92150343220236930457646242598412224897   0.16938424178833585063066278355484370017
-0.65796699712169008954533549931479427127   0.65796699712169008954533549931479427127  -0.92150343220236930457646242598412224897   0.16938424178833585063066278355484370017
-0.65796699712169008954533549931479427127  -0.65796699712169008954533549931479427127  -0.92150343220236930457646242598412224897   0.16938424178833585063066278355484370017
