                                         0                                           0   -0.99876639691128207924406215445624091433   0.034040159666184751872587345970742284299
                                         0                                           0    -0.4778050175724238935326314183285750538    0.17135330283041337275750213642083121732
                                         0                                           0    0.17024032045848842218630163678751849652    0.07823584697812237081263455683387344264
                                         0                                           0    0.78250945297770524168389607186898946477   0.013320066567481668431909731810004083847
  0.44283760638590836526440787560438530073                                           0   0.043361433836441038370443195946444022646   0.032720140981177750441555402848695170449
                                         0    0.44283760638590836526440787560438530073   0.043361433836441038370443195946444022646   0.032720140981177750441555402848695170449
 -0.44283760638590836526440787560438530073                                           0   0.043361433836441038370443195946444022646   0.032720140981177750441555402848695170449
                                         0   -0.44283760638590836526440787560438530073   0.043361433836441038370443195946444022646   0.032720140981177750441555402848695170449
  0.48859173314617089706115826441743380205                                           0   -0.83333333333333333333333333333333333333    0.11864756324149282706141160011769273434
                                         0    0.48859173314617089706115826441743380205   -0.83333333333333333333333333333333333333    0.11864756324149282706141160011769273434
 -0.48859173314617089706115826441743380205                                           0   -0.83333333333333333333333333333333333333    0.11864756324149282706141160011769273434
                                         0   -0.48859173314617089706115826441743380205   -0.83333333333333333333333333333333333333    0.11864756324149282706141160011769273434
  0.68589176092495922513761474164456888997                                           0   -0.48169554990967244878946416495350880656   0.059557566026040941503171677099478610246
                                         0    0.68589176092495922513761474164456888997   -0.48169554990967244878946416495350880656   0.059557566026040941503171677099478610246
 -0.68589176092495922513761474164456888997                                           0   -0.48169554990967244878946416495350880656   0.059557566026040941503171677099478610246
                                         0   -0.68589176092495922513761474164456888997   -0.48169554990967244878946416495350880656   0.059557566026040941503171677099478610246
  0.91781442121799181827701778943197150141                                           0    -0.9827057577243647694535850974836289487   0.014202575000276524389858934338540779514
                                         0    0.91781442121799181827701778943197150141    -0.9827057577243647694535850974836289487   0.014202575000276524389858934338540779514
 -0.91781442121799181827701778943197150141                                           0    -0.9827057577243647694535850974836289487   0.014202575000276524389858934338540779514
                                         0   -0.91781442121799181827701778943197150141    -0.9827057577243647694535850974836289487   0.014202575000276524389858934338540779514
  0.17962718212693466035870109038602847771    0.17962718212693466035870109038602847771     0.4445750956801490841590089351980618457   0.028744056744804485337690133726576969261
  0.17962718212693466035870109038602847771   -0.17962718212693466035870109038602847771     0.4445750956801490841590089351980618457   0.028744056744804485337690133726576969261
 -0.17962718212693466035870109038602847771    0.17962718212693466035870109038602847771     0.4445750956801490841590089351980618457   0.028744056744804485337690133726576969261
 -0.17962718212693466035870109038602847771   -0.17962718212693466035870109038602847771     0.4445750956801490841590089351980618457   0.028744056744804485337690133726576969261
  0.26960834205994696238926068899691458833    0.26960834205994696238926068899691458833   -0.13963324251666296228109986207423085235   0.069955292714283249855558189596604601271
  0.26960834205994696238926068899691458833   -0.26960834205994696238926068899691458833   -0.13963324251666296228109986207423085235   0.069955292714283249855558189596604601271
 -0.26960834205994696238926068899691458833    0.26960834205994696238926068899691458833   -0.13963324251666296228109986207423085235   0.069955292714283249855558189596604601271
 -0.26960834205994696238926068899691458833   -0.26960834205994696238926068899691458833   -0.13963324251666296228109986207423085235   0.069955292714283249855558189596604601271
  0.43657951411855477769232617371801433608    0.43657951411855477769232617371801433608   -0.52439096729561628263981760971899736488   0.096817784426793830672975787149498317083
  0.43657951411855477769232617371801433608   -0.43657951411855477769232617371801433608   -0.52439096729561628263981760971899736488   0.096817784426793830672975787149498317083
 -0.43657951411855477769232617371801433608    0.43657951411855477769232617371801433608   -0.52439096729561628263981760971899736488   0.096817784426793830672975787149498317083
 -0.43657951411855477769232617371801433608   -0.43657951411855477769232617371801433608   -0.52439096729561628263981760971899736488   0.096817784426793830672975787149498317083
  0.45536398094438576295779726422116258183    0.45536398094438576295779726422116258183  -0.082587070422295916520242297052201598823   0.026465450765381022060966855665520693884
  0.45536398094438576295779726422116258183   -0.45536398094438576295779726422116258183  -0.082587070422295916520242297052201598823   0.026465450765381022060966855665520693884
 -0.45536398094438576295779726422116258183    0.45536398094438576295779726422116258183  -0.082587070422295916520242297052201598823   0.026465450765381022060966855665520693884
 -0.45536398094438576295779726422116258183   -0.45536398094438576295779726422116258183  -0.082587070422295916520242297052201598823   0.026465450765381022060966855665520693884
  0.56097364427991011777281428846937340945    0.56097364427991011777281428846937340945   -0.99740080605792329440993099883922368631   0.024143748563852147697622907199246314119
  0.56097364427991011777281428846937340945   -0.56097364427991011777281428846937340945   -0.99740080605792329440993099883922368631   0.024143748563852147697622907199246314119
 -0.56097364427991011777281428846937340945    0.56097364427991011777281428846937340945   -0.99740080605792329440993099883922368631   0.024143748563852147697622907199246314119
 -0.56097364427991011777281428846937340945   -0.56097364427991011777281428846937340945   -0.99740080605792329440993099883922368631   0.024143748563852147697622907199246314119
  0.70792193369386105828238161764816288142    0.70792193369386105828238161764816288142   -0.55609515619684291453525499969145581888   0.021584580922454005500130275133937724758
  0.70792193369386105828238161764816288142   -0.70792193369386105828238161764816288142   -0.55609515619684291453525499969145581888   0.021584580922454005500130275133937724758
 -0.70792193369386105828238161764816288142    0.70792193369386105828238161764816288142   -0.55609515619684291453525499969145581888   0.021584580922454005500130275133937724758
 -0.70792193369386105828238161764816288142   -0.70792193369386105828238161764816288142   -0.55609515619684291453525499969145581888   0.021584580922454005500130275133937724758
  0.87789891593288215264633913783209527692    0.87789891593288215264633913783209527692   -0.94583782645604692815821966844680131525   0.010485754606315161883233485991960901249
  0.87789891593288215264633913783209527692   -0.87789891593288215264633913783209527692   -0.94583782645604692815821966844680131525   0.010485754606315161883233485991960901249
 -0.87789891593288215264633913783209527692    0.87789891593288215264633913783209527692   -0.94583782645604692815821966844680131525   0.010485754606315161883233485991960901249
 -0.87789891593288215264633913783209527692   -0.87789891593288215264633913783209527692   -0.94583782645604692815821966844680131525   0.010485754606315161883233485991960901249
  0.45776736266957562843857341654597353325    0.82312109888446695906977428584369114723   -0.83333333333333333333333333333333333333   0.044552404331622089646916487520025546734
  0.82312109888446695906977428584369114723    0.45776736266957562843857341654597353325   -0.83333333333333333333333333333333333333   0.044552404331622089646916487520025546734
  0.45776736266957562843857341654597353325   -0.82312109888446695906977428584369114723   -0.83333333333333333333333333333333333333   0.044552404331622089646916487520025546734
 -0.82312109888446695906977428584369114723    0.45776736266957562843857341654597353325   -0.83333333333333333333333333333333333333   0.044552404331622089646916487520025546734
 -0.45776736266957562843857341654597353325    0.82312109888446695906977428584369114723   -0.83333333333333333333333333333333333333   0.044552404331622089646916487520025546734
  0.82312109888446695906977428584369114723   -0.45776736266957562843857341654597353325   -0.83333333333333333333333333333333333333   0.044552404331622089646916487520025546734
 -0.45776736266957562843857341654597353325   -0.82312109888446695906977428584369114723   -0.83333333333333333333333333333333333333   0.044552404331622089646916487520025546734
 -0.82312109888446695906977428584369114723   -0.45776736266957562843857341654597353325   -0.83333333333333333333333333333333333333   0.044552404331622089646916487520025546734

