                                        0                                          0   0.45971576156501338586164265377920811314   0.18249431975770692138374895897213800931
                                        0                                          0  -0.39919795837246198593385139590712322914   0.45172563864726406056400285032640105704
                                        0                                          0  -0.99999998701645569241460017355590234925   0.15654542887619877154120304977336547704
 0.70652603154632457420722562974792066862                                          0                                      -0.75   0.20384344839498724639142514342645843799
                                        0   0.70652603154632457420722562974792066862                                      -0.75   0.20384344839498724639142514342645843799
-0.70652603154632457420722562974792066862                                          0                                      -0.75   0.20384344839498724639142514342645843799
                                        0  -0.70652603154632457420722562974792066862                                      -0.75   0.20384344839498724639142514342645843799
 0.70511712277882760181079385797948261057   0.70511712277882760181079385797948261057  -0.87777618587595407108464357252416911085   0.10578907087905457654220386143818487109
 0.70511712277882760181079385797948261057  -0.70511712277882760181079385797948261057  -0.87777618587595407108464357252416911085   0.10578907087905457654220386143818487109
-0.70511712277882760181079385797948261057   0.70511712277882760181079385797948261057  -0.87777618587595407108464357252416911085   0.10578907087905457654220386143818487109
-0.70511712277882760181079385797948261057  -0.70511712277882760181079385797948261057  -0.87777618587595407108464357252416911085   0.10578907087905457654220386143818487109
 0.43288286410354097685000790909815143591   0.43288286410354097685000790909815143591  -0.15279732576055038842025517341026975071   0.15934280057233240536079894703404722173
 0.43288286410354097685000790909815143591  -0.43288286410354097685000790909815143591  -0.15279732576055038842025517341026975071   0.15934280057233240536079894703404722173
-0.43288286410354097685000790909815143591   0.43288286410354097685000790909815143591  -0.15279732576055038842025517341026975071   0.15934280057233240536079894703404722173
-0.43288286410354097685000790909815143591  -0.43288286410354097685000790909815143591  -0.15279732576055038842025517341026975071   0.15934280057233240536079894703404722173
