                                          0                                            0     0.41559508052990581496096874779206174041    0.013192438198974863665764139679441349806
  0.023936577457589033113539031494571135938                                            0     0.93287564141135145255775054332838900896  9.5683245800698776658673155953839554199e-05
                                          0    0.023936577457589033113539031494571135938     0.93287564141135145255775054332838900896  9.5683245800698776658673155953839554199e-05
 -0.023936577457589033113539031494571135938                                            0     0.93287564141135145255775054332838900896  9.5683245800698776658673155953839554199e-05
                                          0   -0.023936577457589033113539031494571135938     0.93287564141135145255775054332838900896  9.5683245800698776658673155953839554199e-05
  0.066290744036524159861126603956285865919                                            0     0.83081747867570250187216308838317990076  0.00083502018573624700949808347530708660391
                                          0    0.066290744036524159861126603956285865919     0.83081747867570250187216308838317990076  0.00083502018573624700949808347530708660391
 -0.066290744036524159861126603956285865919                                            0     0.83081747867570250187216308838317990076  0.00083502018573624700949808347530708660391
                                          0   -0.066290744036524159861126603956285865919     0.83081747867570250187216308838317990076  0.00083502018573624700949808347530708660391
  0.091434112989608992664451938860842240365                                            0     0.68097061073887893233359953423560829659   0.0028870989712301036599455152399762638557
                                          0    0.091434112989608992664451938860842240365     0.68097061073887893233359953423560829659   0.0028870989712301036599455152399762638557
 -0.091434112989608992664451938860842240365                                            0     0.68097061073887893233359953423560829659   0.0028870989712301036599455152399762638557
                                          0   -0.091434112989608992664451938860842240365     0.68097061073887893233359953423560829659   0.0028870989712301036599455152399762638557
   0.20576486607559343240737907486599159368                                            0     -0.4788478922414024052216033830419796719     0.02259687073993360230619086409441631251
                                          0     0.20576486607559343240737907486599159368     -0.4788478922414024052216033830419796719     0.02259687073993360230619086409441631251
  -0.20576486607559343240737907486599159368                                            0     -0.4788478922414024052216033830419796719     0.02259687073993360230619086409441631251
                                          0    -0.20576486607559343240737907486599159368     -0.4788478922414024052216033830419796719     0.02259687073993360230619086409441631251
   0.21751523462704926176872317793879566039                                            0     0.55082927267713822505630708749266545005   0.0022767971102374107694683466949462548966
                                          0     0.21751523462704926176872317793879566039     0.55082927267713822505630708749266545005   0.0022767971102374107694683466949462548966
  -0.21751523462704926176872317793879566039                                            0     0.55082927267713822505630708749266545005   0.0022767971102374107694683466949462548966
                                          0    -0.21751523462704926176872317793879566039     0.55082927267713822505630708749266545005   0.0022767971102374107694683466949462548966
    0.4139620923557112805563543946729989936                                            0    -0.33699499313453732739429735643665566834    0.017871960473525391086853448059215419498
                                          0      0.4139620923557112805563543946729989936    -0.33699499313453732739429735643665566834    0.017871960473525391086853448059215419498
   -0.4139620923557112805563543946729989936                                            0    -0.33699499313453732739429735643665566834    0.017871960473525391086853448059215419498
                                          0     -0.4139620923557112805563543946729989936    -0.33699499313453732739429735643665566834    0.017871960473525391086853448059215419498
   0.42675172562611849752007105888660380744                                            0    -0.87689933553807398701767071452883953063    0.017000385252982636130419409453040330918
                                          0     0.42675172562611849752007105888660380744    -0.87689933553807398701767071452883953063    0.017000385252982636130419409453040330918
  -0.42675172562611849752007105888660380744                                            0    -0.87689933553807398701767071452883953063    0.017000385252982636130419409453040330918
                                          0    -0.42675172562611849752007105888660380744    -0.87689933553807398701767071452883953063    0.017000385252982636130419409453040330918
   0.43531837887468789773259318170001343153                                            0     -0.1624389566466879180256619951223595636   0.0085035989631502740299774985604664431548
                                          0     0.43531837887468789773259318170001343153     -0.1624389566466879180256619951223595636   0.0085035989631502740299774985604664431548
  -0.43531837887468789773259318170001343153                                            0     -0.1624389566466879180256619951223595636   0.0085035989631502740299774985604664431548
                                          0    -0.43531837887468789773259318170001343153     -0.1624389566466879180256619951223595636   0.0085035989631502740299774985604664431548
   0.47952187403013765273478504757547886089                                            0    0.024155906535712973848002758564097105557   0.0046155034803365603142864688748864254315
                                          0     0.47952187403013765273478504757547886089    0.024155906535712973848002758564097105557   0.0046155034803365603142864688748864254315
  -0.47952187403013765273478504757547886089                                            0    0.024155906535712973848002758564097105557   0.0046155034803365603142864688748864254315
                                          0    -0.47952187403013765273478504757547886089    0.024155906535712973848002758564097105557   0.0046155034803365603142864688748864254315
   0.68747478506194530750998504252515619495                                            0     -0.3830571988787537466703333157661573327    0.004470321958713717561660787946580417098
                                          0     0.68747478506194530750998504252515619495     -0.3830571988787537466703333157661573327    0.004470321958713717561660787946580417098
  -0.68747478506194530750998504252515619495                                            0     -0.3830571988787537466703333157661573327    0.004470321958713717561660787946580417098
                                          0    -0.68747478506194530750998504252515619495     -0.3830571988787537466703333157661573327    0.004470321958713717561660787946580417098
   0.70141877156794488978622031805731746568                                            0     -0.5868732233060098008242031261991446894    0.012915671752124167546119805436613848671
                                          0     0.70141877156794488978622031805731746568     -0.5868732233060098008242031261991446894    0.012915671752124167546119805436613848671
  -0.70141877156794488978622031805731746568                                            0     -0.5868732233060098008242031261991446894    0.012915671752124167546119805436613848671
                                          0    -0.70141877156794488978622031805731746568     -0.5868732233060098008242031261991446894    0.012915671752124167546119805436613848671
   0.82801652814473413745012990757214102219                                            0    -0.81774260456520217483659591112371395906   0.0085112331493350628993813185586583548992
                                          0     0.82801652814473413745012990757214102219    -0.81774260456520217483659591112371395906   0.0085112331493350628993813185586583548992
  -0.82801652814473413745012990757214102219                                            0    -0.81774260456520217483659591112371395906   0.0085112331493350628993813185586583548992
                                          0    -0.82801652814473413745012990757214102219    -0.81774260456520217483659591112371395906   0.0085112331493350628993813185586583548992
   0.87213218857928215603066099336779422707                                            0     -0.9710941769414394451424842613697853934   0.0051414783121508996280035114162689278438
                                          0     0.87213218857928215603066099336779422707     -0.9710941769414394451424842613697853934   0.0051414783121508996280035114162689278438
  -0.87213218857928215603066099336779422707                                            0     -0.9710941769414394451424842613697853934   0.0051414783121508996280035114162689278438
                                          0    -0.87213218857928215603066099336779422707     -0.9710941769414394451424842613697853934   0.0051414783121508996280035114162689278438
   0.92861923662597398942991487399254262966                                            0    -0.88884257588829026412073623390781349601   0.0017427651893471548330618093589995959235
                                          0     0.92861923662597398942991487399254262966    -0.88884257588829026412073623390781349601   0.0017427651893471548330618093589995959235
  -0.92861923662597398942991487399254262966                                            0    -0.88884257588829026412073623390781349601   0.0017427651893471548330618093589995959235
                                          0    -0.92861923662597398942991487399254262966    -0.88884257588829026412073623390781349601   0.0017427651893471548330618093589995959235
  0.071172799153639018594955970286598070423    0.071172799153639018594955970286598070423      0.1294970837744400302688708208883290857   0.0080605261017767748779609665563113331487
  0.071172799153639018594955970286598070423   -0.071172799153639018594955970286598070423      0.1294970837744400302688708208883290857   0.0080605261017767748779609665563113331487
 -0.071172799153639018594955970286598070423    0.071172799153639018594955970286598070423      0.1294970837744400302688708208883290857   0.0080605261017767748779609665563113331487
 -0.071172799153639018594955970286598070423   -0.071172799153639018594955970286598070423      0.1294970837744400302688708208883290857   0.0080605261017767748779609665563113331487
     0.114902351761302109062638261928416481       0.114902351761302109062638261928416481    -0.73780081018912951485880550644594232951    0.012710540551545219399400472567793191126
     0.114902351761302109062638261928416481      -0.114902351761302109062638261928416481    -0.73780081018912951485880550644594232951    0.012710540551545219399400472567793191126
    -0.114902351761302109062638261928416481       0.114902351761302109062638261928416481    -0.73780081018912951485880550644594232951    0.012710540551545219399400472567793191126
    -0.114902351761302109062638261928416481      -0.114902351761302109062638261928416481    -0.73780081018912951485880550644594232951    0.012710540551545219399400472567793191126
   0.11605062201974544124946839165190381103     0.11605062201974544124946839165190381103     0.72312373355637968468428295953547776723  0.00089217651956055754012146441901901150111
   0.11605062201974544124946839165190381103    -0.11605062201974544124946839165190381103     0.72312373355637968468428295953547776723  0.00089217651956055754012146441901901150111
  -0.11605062201974544124946839165190381103     0.11605062201974544124946839165190381103     0.72312373355637968468428295953547776723  0.00089217651956055754012146441901901150111
  -0.11605062201974544124946839165190381103    -0.11605062201974544124946839165190381103     0.72312373355637968468428295953547776723  0.00089217651956055754012146441901901150111
   0.12098289535257311200232704749469834085     0.12098289535257311200232704749469834085     0.50834183357599616276348791658101137848   0.0058779430984524003136725333348973571181
   0.12098289535257311200232704749469834085    -0.12098289535257311200232704749469834085     0.50834183357599616276348791658101137848   0.0058779430984524003136725333348973571181
  -0.12098289535257311200232704749469834085     0.12098289535257311200232704749469834085     0.50834183357599616276348791658101137848   0.0058779430984524003136725333348973571181
  -0.12098289535257311200232704749469834085    -0.12098289535257311200232704749469834085     0.50834183357599616276348791658101137848   0.0058779430984524003136725333348973571181
    0.1371934270423413073850079596653058552      0.1371934270423413073850079596653058552    -0.18969116320071261062019483536763560771    0.021866009594328721926722646609697200915
    0.1371934270423413073850079596653058552     -0.1371934270423413073850079596653058552    -0.18969116320071261062019483536763560771    0.021866009594328721926722646609697200915
   -0.1371934270423413073850079596653058552      0.1371934270423413073850079596653058552    -0.18969116320071261062019483536763560771    0.021866009594328721926722646609697200915
   -0.1371934270423413073850079596653058552     -0.1371934270423413073850079596653058552    -0.18969116320071261062019483536763560771    0.021866009594328721926722646609697200915
   0.15056807765288322098759575211438694221     0.15056807765288322098759575211438694221    -0.89435144933902995739794024368432722284   0.0095333341952217542260861408545747229612
   0.15056807765288322098759575211438694221    -0.15056807765288322098759575211438694221    -0.89435144933902995739794024368432722284   0.0095333341952217542260861408545747229612
  -0.15056807765288322098759575211438694221     0.15056807765288322098759575211438694221    -0.89435144933902995739794024368432722284   0.0095333341952217542260861408545747229612
  -0.15056807765288322098759575211438694221    -0.15056807765288322098759575211438694221    -0.89435144933902995739794024368432722284   0.0095333341952217542260861408545747229612
   0.17719949447865390520827182414883565242     0.17719949447865390520827182414883565242      0.2679837930943930227827440527827442067     0.01064157320522306178165639260703566508
   0.17719949447865390520827182414883565242    -0.17719949447865390520827182414883565242      0.2679837930943930227827440527827442067     0.01064157320522306178165639260703566508
  -0.17719949447865390520827182414883565242     0.17719949447865390520827182414883565242      0.2679837930943930227827440527827442067     0.01064157320522306178165639260703566508
  -0.17719949447865390520827182414883565242    -0.17719949447865390520827182414883565242      0.2679837930943930227827440527827442067     0.01064157320522306178165639260703566508
   0.18846223324920886199992453087664204077     0.18846223324920886199992453087664204077    -0.97771788041567805304685146755671623245   0.0077290990003691379674552516602780329685
   0.18846223324920886199992453087664204077    -0.18846223324920886199992453087664204077    -0.97771788041567805304685146755671623245   0.0077290990003691379674552516602780329685
  -0.18846223324920886199992453087664204077     0.18846223324920886199992453087664204077    -0.97771788041567805304685146755671623245   0.0077290990003691379674552516602780329685
  -0.18846223324920886199992453087664204077    -0.18846223324920886199992453087664204077    -0.97771788041567805304685146755671623245   0.0077290990003691379674552516602780329685
   0.20474161821951138133492469431824095995     0.20474161821951138133492469431824095995     0.50531189559327210515207101214425515652    0.002527579443815411089015258899330449654
   0.20474161821951138133492469431824095995    -0.20474161821951138133492469431824095995     0.50531189559327210515207101214425515652    0.002527579443815411089015258899330449654
  -0.20474161821951138133492469431824095995     0.20474161821951138133492469431824095995     0.50531189559327210515207101214425515652    0.002527579443815411089015258899330449654
  -0.20474161821951138133492469431824095995    -0.20474161821951138133492469431824095995     0.50531189559327210515207101214425515652    0.002527579443815411089015258899330449654
   0.31204233778185842002085124022784113953     0.31204233778185842002085124022784113953    -0.41749504148054207833618780064156485758    0.018984984445949457751388379739357753846
   0.31204233778185842002085124022784113953    -0.31204233778185842002085124022784113953    -0.41749504148054207833618780064156485758    0.018984984445949457751388379739357753846
  -0.31204233778185842002085124022784113953     0.31204233778185842002085124022784113953    -0.41749504148054207833618780064156485758    0.018984984445949457751388379739357753846
  -0.31204233778185842002085124022784113953    -0.31204233778185842002085124022784113953    -0.41749504148054207833618780064156485758    0.018984984445949457751388379739357753846
   0.34193097416831707417091330283386071935     0.34193097416831707417091330283386071935    -0.19129747374257064890278500464167008723    0.017130546252483609383495335155892515534
   0.34193097416831707417091330283386071935    -0.34193097416831707417091330283386071935    -0.19129747374257064890278500464167008723    0.017130546252483609383495335155892515534
  -0.34193097416831707417091330283386071935     0.34193097416831707417091330283386071935    -0.19129747374257064890278500464167008723    0.017130546252483609383495335155892515534
  -0.34193097416831707417091330283386071935    -0.34193097416831707417091330283386071935    -0.19129747374257064890278500464167008723    0.017130546252483609383495335155892515534
   0.35815179504779015840749575496246205727     0.35815179504779015840749575496246205727    -0.84093830273797329563316035369247935925    0.015683478511106979181868563872053108898
   0.35815179504779015840749575496246205727    -0.35815179504779015840749575496246205727    -0.84093830273797329563316035369247935925    0.015683478511106979181868563872053108898
  -0.35815179504779015840749575496246205727     0.35815179504779015840749575496246205727    -0.84093830273797329563316035369247935925    0.015683478511106979181868563872053108898
  -0.35815179504779015840749575496246205727    -0.35815179504779015840749575496246205727    -0.84093830273797329563316035369247935925    0.015683478511106979181868563872053108898
   0.36641145270477950532682937700898771264     0.36641145270477950532682937700898771264    0.070732149152532972862986639703364451583   0.0055192361343465184427587899780591200197
   0.36641145270477950532682937700898771264    -0.36641145270477950532682937700898771264    0.070732149152532972862986639703364451583   0.0055192361343465184427587899780591200197
  -0.36641145270477950532682937700898771264     0.36641145270477950532682937700898771264    0.070732149152532972862986639703364451583   0.0055192361343465184427587899780591200197
  -0.36641145270477950532682937700898771264    -0.36641145270477950532682937700898771264    0.070732149152532972862986639703364451583   0.0055192361343465184427587899780591200197
   0.36989076833658744760708267235460806473     0.36989076833658744760708267235460806473     -0.6748605436026238531022607858948710984   0.0099615344547636689582097279592788900821
   0.36989076833658744760708267235460806473    -0.36989076833658744760708267235460806473     -0.6748605436026238531022607858948710984   0.0099615344547636689582097279592788900821
  -0.36989076833658744760708267235460806473     0.36989076833658744760708267235460806473     -0.6748605436026238531022607858948710984   0.0099615344547636689582097279592788900821
  -0.36989076833658744760708267235460806473    -0.36989076833658744760708267235460806473     -0.6748605436026238531022607858948710984   0.0099615344547636689582097279592788900821
   0.43583863812147266993370489691713243086     0.43583863812147266993370489691713243086    -0.96751437301344271221053098351487260967   0.0098505382715183393467036930560080661491
   0.43583863812147266993370489691713243086    -0.43583863812147266993370489691713243086    -0.96751437301344271221053098351487260967   0.0098505382715183393467036930560080661491
  -0.43583863812147266993370489691713243086     0.43583863812147266993370489691713243086    -0.96751437301344271221053098351487260967   0.0098505382715183393467036930560080661491
  -0.43583863812147266993370489691713243086    -0.43583863812147266993370489691713243086    -0.96751437301344271221053098351487260967   0.0098505382715183393467036930560080661491
   0.47489859729523049617177101553298947975     0.47489859729523049617177101553298947975    0.038955694850122205413940855879678450618  0.00074545571147305247991879959710485364747
   0.47489859729523049617177101553298947975    -0.47489859729523049617177101553298947975    0.038955694850122205413940855879678450618  0.00074545571147305247991879959710485364747
  -0.47489859729523049617177101553298947975     0.47489859729523049617177101553298947975    0.038955694850122205413940855879678450618  0.00074545571147305247991879959710485364747
  -0.47489859729523049617177101553298947975    -0.47489859729523049617177101553298947975    0.038955694850122205413940855879678450618  0.00074545571147305247991879959710485364747
   0.49533854055452393876660732129676566006     0.49533854055452393876660732129676566006    -0.12962767798086691074277672783873278541   0.0042166606300553035845290253253173371929
   0.49533854055452393876660732129676566006    -0.49533854055452393876660732129676566006    -0.12962767798086691074277672783873278541   0.0042166606300553035845290253253173371929
  -0.49533854055452393876660732129676566006     0.49533854055452393876660732129676566006    -0.12962767798086691074277672783873278541   0.0042166606300553035845290253253173371929
  -0.49533854055452393876660732129676566006    -0.49533854055452393876660732129676566006    -0.12962767798086691074277672783873278541   0.0042166606300553035845290253253173371929
    0.5143347867609615152812804637115978208      0.5143347867609615152812804637115978208    -0.61844455916944998906799644813674317735    0.015845351551014358184741837769997420987
    0.5143347867609615152812804637115978208     -0.5143347867609615152812804637115978208    -0.61844455916944998906799644813674317735    0.015845351551014358184741837769997420987
   -0.5143347867609615152812804637115978208      0.5143347867609615152812804637115978208    -0.61844455916944998906799644813674317735    0.015845351551014358184741837769997420987
   -0.5143347867609615152812804637115978208     -0.5143347867609615152812804637115978208    -0.61844455916944998906799644813674317735    0.015845351551014358184741837769997420987
   0.51641922686819541566641094354446682797     0.51641922686819541566641094354446682797    -0.36292706660573535592919681947005991065    0.012984649036731569631075429413859509627
   0.51641922686819541566641094354446682797    -0.51641922686819541566641094354446682797    -0.36292706660573535592919681947005991065    0.012984649036731569631075429413859509627
  -0.51641922686819541566641094354446682797     0.51641922686819541566641094354446682797    -0.36292706660573535592919681947005991065    0.012984649036731569631075429413859509627
  -0.51641922686819541566641094354446682797    -0.51641922686819541566641094354446682797    -0.36292706660573535592919681947005991065    0.012984649036731569631075429413859509627
   0.57169446985352609297525042256931211394     0.57169446985352609297525042256931211394    -0.84983863454991168263787225472723002875    0.014224753861591604994814028302262899858
   0.57169446985352609297525042256931211394    -0.57169446985352609297525042256931211394    -0.84983863454991168263787225472723002875    0.014224753861591604994814028302262899858
  -0.57169446985352609297525042256931211394     0.57169446985352609297525042256931211394    -0.84983863454991168263787225472723002875    0.014224753861591604994814028302262899858
  -0.57169446985352609297525042256931211394    -0.57169446985352609297525042256931211394    -0.84983863454991168263787225472723002875    0.014224753861591604994814028302262899858
   0.65172635630548491697608123518727642601     0.65172635630548491697608123518727642601    -0.38656526155482493397532666110211948152   0.0035133296059913077010083570923831197139
   0.65172635630548491697608123518727642601    -0.65172635630548491697608123518727642601    -0.38656526155482493397532666110211948152   0.0035133296059913077010083570923831197139
  -0.65172635630548491697608123518727642601     0.65172635630548491697608123518727642601    -0.38656526155482493397532666110211948152   0.0035133296059913077010083570923831197139
  -0.65172635630548491697608123518727642601    -0.65172635630548491697608123518727642601    -0.38656526155482493397532666110211948152   0.0035133296059913077010083570923831197139
   0.67281438847346470879871036239382642028     0.67281438847346470879871036239382642028    -0.97156110731184759318532699536628755131   0.0058971958559569600369823379902896212189
   0.67281438847346470879871036239382642028    -0.67281438847346470879871036239382642028    -0.97156110731184759318532699536628755131   0.0058971958559569600369823379902896212189
  -0.67281438847346470879871036239382642028     0.67281438847346470879871036239382642028    -0.97156110731184759318532699536628755131   0.0058971958559569600369823379902896212189
  -0.67281438847346470879871036239382642028    -0.67281438847346470879871036239382642028    -0.97156110731184759318532699536628755131   0.0058971958559569600369823379902896212189
   0.67988787734404529084563854711994732405     0.67988787734404529084563854711994732405    -0.62897205952792356323626184902193000623   0.0085820218931376509492342859957349383235
   0.67988787734404529084563854711994732405    -0.67988787734404529084563854711994732405    -0.62897205952792356323626184902193000623   0.0085820218931376509492342859957349383235
  -0.67988787734404529084563854711994732405     0.67988787734404529084563854711994732405    -0.62897205952792356323626184902193000623   0.0085820218931376509492342859957349383235
  -0.67988787734404529084563854711994732405    -0.67988787734404529084563854711994732405    -0.62897205952792356323626184902193000623   0.0085820218931376509492342859957349383235
   0.76113326711074165779475150084401708667     0.76113326711074165779475150084401708667    -0.85725968735070042270196649259790821878   0.0074484398641510694776102681770864456463
   0.76113326711074165779475150084401708667    -0.76113326711074165779475150084401708667    -0.85725968735070042270196649259790821878   0.0074484398641510694776102681770864456463
  -0.76113326711074165779475150084401708667     0.76113326711074165779475150084401708667    -0.85725968735070042270196649259790821878   0.0074484398641510694776102681770864456463
  -0.76113326711074165779475150084401708667    -0.76113326711074165779475150084401708667    -0.85725968735070042270196649259790821878   0.0074484398641510694776102681770864456463
   0.79912791194069778301263758422963786071     0.79912791194069778301263758422963786071    -0.67211483790730045865072088623655715171   0.0023096129947050192835495226682688324084
   0.79912791194069778301263758422963786071    -0.79912791194069778301263758422963786071    -0.67211483790730045865072088623655715171   0.0023096129947050192835495226682688324084
  -0.79912791194069778301263758422963786071     0.79912791194069778301263758422963786071    -0.67211483790730045865072088623655715171   0.0023096129947050192835495226682688324084
  -0.79912791194069778301263758422963786071    -0.79912791194069778301263758422963786071    -0.67211483790730045865072088623655715171   0.0023096129947050192835495226682688324084
   0.84894381712350571626614211892145733465     0.84894381712350571626614211892145733465    -0.97577107624899078905375962326932994953   0.0025972046782946828809805206361451836527
   0.84894381712350571626614211892145733465    -0.84894381712350571626614211892145733465    -0.97577107624899078905375962326932994953   0.0025972046782946828809805206361451836527
  -0.84894381712350571626614211892145733465     0.84894381712350571626614211892145733465    -0.97577107624899078905375962326932994953   0.0025972046782946828809805206361451836527
  -0.84894381712350571626614211892145733465    -0.84894381712350571626614211892145733465    -0.97577107624899078905375962326932994953   0.0025972046782946828809805206361451836527
   0.89134127309236421634147552896911294718     0.89134127309236421634147552896911294718    -0.87362419426015351112879395272911254967   0.0020902482851867171893718101881937465697
   0.89134127309236421634147552896911294718    -0.89134127309236421634147552896911294718    -0.87362419426015351112879395272911254967   0.0020902482851867171893718101881937465697
  -0.89134127309236421634147552896911294718     0.89134127309236421634147552896911294718    -0.87362419426015351112879395272911254967   0.0020902482851867171893718101881937465697
  -0.89134127309236421634147552896911294718    -0.89134127309236421634147552896911294718    -0.87362419426015351112879395272911254967   0.0020902482851867171893718101881937465697
  0.060200472847547690859216809878481198409     0.28924691496203327416370413376792086237     0.30123860573576895961152700989764362463   0.0055904588875848255189153523511653085304
   0.28924691496203327416370413376792086237    0.060200472847547690859216809878481198409     0.30123860573576895961152700989764362463   0.0055904588875848255189153523511653085304
  0.060200472847547690859216809878481198409    -0.28924691496203327416370413376792086237     0.30123860573576895961152700989764362463   0.0055904588875848255189153523511653085304
  -0.28924691496203327416370413376792086237    0.060200472847547690859216809878481198409     0.30123860573576895961152700989764362463   0.0055904588875848255189153523511653085304
 -0.060200472847547690859216809878481198409     0.28924691496203327416370413376792086237     0.30123860573576895961152700989764362463   0.0055904588875848255189153523511653085304
   0.28924691496203327416370413376792086237   -0.060200472847547690859216809878481198409     0.30123860573576895961152700989764362463   0.0055904588875848255189153523511653085304
 -0.060200472847547690859216809878481198409    -0.28924691496203327416370413376792086237     0.30123860573576895961152700989764362463   0.0055904588875848255189153523511653085304
  -0.28924691496203327416370413376792086237   -0.060200472847547690859216809878481198409     0.30123860573576895961152700989764362463   0.0055904588875848255189153523511653085304
  0.065664758088993535907402568047145114131     0.55132362982822881692120079719667761925    -0.98262461314962286123831696557744710473   0.0037288077550917860554055453206738665491
   0.55132362982822881692120079719667761925    0.065664758088993535907402568047145114131    -0.98262461314962286123831696557744710473   0.0037288077550917860554055453206738665491
  0.065664758088993535907402568047145114131    -0.55132362982822881692120079719667761925    -0.98262461314962286123831696557744710473   0.0037288077550917860554055453206738665491
  -0.55132362982822881692120079719667761925    0.065664758088993535907402568047145114131    -0.98262461314962286123831696557744710473   0.0037288077550917860554055453206738665491
 -0.065664758088993535907402568047145114131     0.55132362982822881692120079719667761925    -0.98262461314962286123831696557744710473   0.0037288077550917860554055453206738665491
   0.55132362982822881692120079719667761925   -0.065664758088993535907402568047145114131    -0.98262461314962286123831696557744710473   0.0037288077550917860554055453206738665491
 -0.065664758088993535907402568047145114131    -0.55132362982822881692120079719667761925    -0.98262461314962286123831696557744710473   0.0037288077550917860554055453206738665491
  -0.55132362982822881692120079719667761925   -0.065664758088993535907402568047145114131    -0.98262461314962286123831696557744710473   0.0037288077550917860554055453206738665491
   0.10187223318274782391492260273395862011     0.28877501569355415542419298252822894041    0.022939304607997993499377340644933276955    0.011847680610758356907655106931648076499
   0.28877501569355415542419298252822894041     0.10187223318274782391492260273395862011    0.022939304607997993499377340644933276955    0.011847680610758356907655106931648076499
   0.10187223318274782391492260273395862011    -0.28877501569355415542419298252822894041    0.022939304607997993499377340644933276955    0.011847680610758356907655106931648076499
  -0.28877501569355415542419298252822894041     0.10187223318274782391492260273395862011    0.022939304607997993499377340644933276955    0.011847680610758356907655106931648076499
  -0.10187223318274782391492260273395862011     0.28877501569355415542419298252822894041    0.022939304607997993499377340644933276955    0.011847680610758356907655106931648076499
   0.28877501569355415542419298252822894041    -0.10187223318274782391492260273395862011    0.022939304607997993499377340644933276955    0.011847680610758356907655106931648076499
  -0.10187223318274782391492260273395862011    -0.28877501569355415542419298252822894041    0.022939304607997993499377340644933276955    0.011847680610758356907655106931648076499
  -0.28877501569355415542419298252822894041    -0.10187223318274782391492260273395862011    0.022939304607997993499377340644933276955    0.011847680610758356907655106931648076499
   0.12232187598361770147350015158615632387       0.372283163153485244189140717651082856    -0.66506551953291881654358379770476807232    0.014846334256675551390052024057387392493
     0.372283163153485244189140717651082856     0.12232187598361770147350015158615632387    -0.66506551953291881654358379770476807232    0.014846334256675551390052024057387392493
   0.12232187598361770147350015158615632387      -0.372283163153485244189140717651082856    -0.66506551953291881654358379770476807232    0.014846334256675551390052024057387392493
    -0.372283163153485244189140717651082856     0.12232187598361770147350015158615632387    -0.66506551953291881654358379770476807232    0.014846334256675551390052024057387392493
  -0.12232187598361770147350015158615632387       0.372283163153485244189140717651082856    -0.66506551953291881654358379770476807232    0.014846334256675551390052024057387392493
     0.372283163153485244189140717651082856    -0.12232187598361770147350015158615632387    -0.66506551953291881654358379770476807232    0.014846334256675551390052024057387392493
  -0.12232187598361770147350015158615632387      -0.372283163153485244189140717651082856    -0.66506551953291881654358379770476807232    0.014846334256675551390052024057387392493
    -0.372283163153485244189140717651082856    -0.12232187598361770147350015158615632387    -0.66506551953291881654358379770476807232    0.014846334256675551390052024057387392493
   0.19087085667854128138283048682749095412     0.62391084276142004387025113302227226401    -0.75669568420225480912097420217301112821    0.016306482850229762430300640348141930181
   0.62391084276142004387025113302227226401     0.19087085667854128138283048682749095412    -0.75669568420225480912097420217301112821    0.016306482850229762430300640348141930181
   0.19087085667854128138283048682749095412    -0.62391084276142004387025113302227226401    -0.75669568420225480912097420217301112821    0.016306482850229762430300640348141930181
  -0.62391084276142004387025113302227226401     0.19087085667854128138283048682749095412    -0.75669568420225480912097420217301112821    0.016306482850229762430300640348141930181
  -0.19087085667854128138283048682749095412     0.62391084276142004387025113302227226401    -0.75669568420225480912097420217301112821    0.016306482850229762430300640348141930181
   0.62391084276142004387025113302227226401    -0.19087085667854128138283048682749095412    -0.75669568420225480912097420217301112821    0.016306482850229762430300640348141930181
  -0.19087085667854128138283048682749095412    -0.62391084276142004387025113302227226401    -0.75669568420225480912097420217301112821    0.016306482850229762430300640348141930181
  -0.62391084276142004387025113302227226401    -0.19087085667854128138283048682749095412    -0.75669568420225480912097420217301112821    0.016306482850229762430300640348141930181
   0.19215740830757619765287595492896603081     0.55490590810439791624218930392168247024    -0.25455021565322616096727929748675640471    0.011424537801801224726620883972832128399
   0.55490590810439791624218930392168247024     0.19215740830757619765287595492896603081    -0.25455021565322616096727929748675640471    0.011424537801801224726620883972832128399
   0.19215740830757619765287595492896603081    -0.55490590810439791624218930392168247024    -0.25455021565322616096727929748675640471    0.011424537801801224726620883972832128399
  -0.55490590810439791624218930392168247024     0.19215740830757619765287595492896603081    -0.25455021565322616096727929748675640471    0.011424537801801224726620883972832128399
  -0.19215740830757619765287595492896603081     0.55490590810439791624218930392168247024    -0.25455021565322616096727929748675640471    0.011424537801801224726620883972832128399
   0.55490590810439791624218930392168247024    -0.19215740830757619765287595492896603081    -0.25455021565322616096727929748675640471    0.011424537801801224726620883972832128399
  -0.19215740830757619765287595492896603081    -0.55490590810439791624218930392168247024    -0.25455021565322616096727929748675640471    0.011424537801801224726620883972832128399
  -0.55490590810439791624218930392168247024    -0.19215740830757619765287595492896603081    -0.25455021565322616096727929748675640471    0.011424537801801224726620883972832128399
   0.20106515420232169448062644397612688155     0.54044749943146023164522063300895251865    -0.51737091668369963905753670661357214569    0.015782829533494861493066211446841055101
   0.54044749943146023164522063300895251865     0.20106515420232169448062644397612688155    -0.51737091668369963905753670661357214569    0.015782829533494861493066211446841055101
   0.20106515420232169448062644397612688155    -0.54044749943146023164522063300895251865    -0.51737091668369963905753670661357214569    0.015782829533494861493066211446841055101
  -0.54044749943146023164522063300895251865     0.20106515420232169448062644397612688155    -0.51737091668369963905753670661357214569    0.015782829533494861493066211446841055101
  -0.20106515420232169448062644397612688155     0.54044749943146023164522063300895251865    -0.51737091668369963905753670661357214569    0.015782829533494861493066211446841055101
   0.54044749943146023164522063300895251865    -0.20106515420232169448062644397612688155    -0.51737091668369963905753670661357214569    0.015782829533494861493066211446841055101
  -0.20106515420232169448062644397612688155    -0.54044749943146023164522063300895251865    -0.51737091668369963905753670661357214569    0.015782829533494861493066211446841055101
  -0.54044749943146023164522063300895251865    -0.20106515420232169448062644397612688155    -0.51737091668369963905753670661357214569    0.015782829533494861493066211446841055101
   0.21727400652898090763227719067742157413     0.83239878804683995209165576824388946479    -0.87492887564922196183064570732131155576   0.0027903676027201193792347660658348423036
   0.83239878804683995209165576824388946479     0.21727400652898090763227719067742157413    -0.87492887564922196183064570732131155576   0.0027903676027201193792347660658348423036
   0.21727400652898090763227719067742157413    -0.83239878804683995209165576824388946479    -0.87492887564922196183064570732131155576   0.0027903676027201193792347660658348423036
  -0.83239878804683995209165576824388946479     0.21727400652898090763227719067742157413    -0.87492887564922196183064570732131155576   0.0027903676027201193792347660658348423036
  -0.21727400652898090763227719067742157413     0.83239878804683995209165576824388946479    -0.87492887564922196183064570732131155576   0.0027903676027201193792347660658348423036
   0.83239878804683995209165576824388946479    -0.21727400652898090763227719067742157413    -0.87492887564922196183064570732131155576   0.0027903676027201193792347660658348423036
  -0.21727400652898090763227719067742157413    -0.83239878804683995209165576824388946479    -0.87492887564922196183064570732131155576   0.0027903676027201193792347660658348423036
  -0.83239878804683995209165576824388946479    -0.21727400652898090763227719067742157413    -0.87492887564922196183064570732131155576   0.0027903676027201193792347660658348423036
   0.22416725055307995171769476739458515275     0.42245353056265493743563273002993764546     0.02718240192021652116629069912588691795   0.0078447657188434736066671146132027669718
   0.42245353056265493743563273002993764546     0.22416725055307995171769476739458515275     0.02718240192021652116629069912588691795   0.0078447657188434736066671146132027669718
   0.22416725055307995171769476739458515275    -0.42245353056265493743563273002993764546     0.02718240192021652116629069912588691795   0.0078447657188434736066671146132027669718
  -0.42245353056265493743563273002993764546     0.22416725055307995171769476739458515275     0.02718240192021652116629069912588691795   0.0078447657188434736066671146132027669718
  -0.22416725055307995171769476739458515275     0.42245353056265493743563273002993764546     0.02718240192021652116629069912588691795   0.0078447657188434736066671146132027669718
   0.42245353056265493743563273002993764546    -0.22416725055307995171769476739458515275     0.02718240192021652116629069912588691795   0.0078447657188434736066671146132027669718
  -0.22416725055307995171769476739458515275    -0.42245353056265493743563273002993764546     0.02718240192021652116629069912588691795   0.0078447657188434736066671146132027669718
  -0.42245353056265493743563273002993764546    -0.22416725055307995171769476739458515275     0.02718240192021652116629069912588691795   0.0078447657188434736066671146132027669718
   0.23005115991637498364729865776128190029     0.68485158977592050625129501244606012437    -0.91830380194532254810026179176596540142    0.011383632544322165577384787597136194706
   0.68485158977592050625129501244606012437     0.23005115991637498364729865776128190029    -0.91830380194532254810026179176596540142    0.011383632544322165577384787597136194706
   0.23005115991637498364729865776128190029    -0.68485158977592050625129501244606012437    -0.91830380194532254810026179176596540142    0.011383632544322165577384787597136194706
  -0.68485158977592050625129501244606012437     0.23005115991637498364729865776128190029    -0.91830380194532254810026179176596540142    0.011383632544322165577384787597136194706
  -0.23005115991637498364729865776128190029     0.68485158977592050625129501244606012437    -0.91830380194532254810026179176596540142    0.011383632544322165577384787597136194706
   0.68485158977592050625129501244606012437    -0.23005115991637498364729865776128190029    -0.91830380194532254810026179176596540142    0.011383632544322165577384787597136194706
  -0.23005115991637498364729865776128190029    -0.68485158977592050625129501244606012437    -0.91830380194532254810026179176596540142    0.011383632544322165577384787597136194706
  -0.68485158977592050625129501244606012437    -0.23005115991637498364729865776128190029    -0.91830380194532254810026179176596540142    0.011383632544322165577384787597136194706
   0.23434580927224334431225627421591944813     0.82059679738853777216573046241420215392    -0.67683679099274269737575135534451329616   0.0048699586338381276875174123293466103923
   0.82059679738853777216573046241420215392     0.23434580927224334431225627421591944813    -0.67683679099274269737575135534451329616   0.0048699586338381276875174123293466103923
   0.23434580927224334431225627421591944813    -0.82059679738853777216573046241420215392    -0.67683679099274269737575135534451329616   0.0048699586338381276875174123293466103923
  -0.82059679738853777216573046241420215392     0.23434580927224334431225627421591944813    -0.67683679099274269737575135534451329616   0.0048699586338381276875174123293466103923
  -0.23434580927224334431225627421591944813     0.82059679738853777216573046241420215392    -0.67683679099274269737575135534451329616   0.0048699586338381276875174123293466103923
   0.82059679738853777216573046241420215392    -0.23434580927224334431225627421591944813    -0.67683679099274269737575135534451329616   0.0048699586338381276875174123293466103923
  -0.23434580927224334431225627421591944813    -0.82059679738853777216573046241420215392    -0.67683679099274269737575135534451329616   0.0048699586338381276875174123293466103923
  -0.82059679738853777216573046241420215392    -0.23434580927224334431225627421591944813    -0.67683679099274269737575135534451329616   0.0048699586338381276875174123293466103923
     0.252405556397586330501540622637087419     0.35129947384615689256381482363892005107     0.27517092983570763129575968483874881849    0.002804741334118895687395519599583798145
   0.35129947384615689256381482363892005107       0.252405556397586330501540622637087419     0.27517092983570763129575968483874881849    0.002804741334118895687395519599583798145
     0.252405556397586330501540622637087419    -0.35129947384615689256381482363892005107     0.27517092983570763129575968483874881849    0.002804741334118895687395519599583798145
  -0.35129947384615689256381482363892005107       0.252405556397586330501540622637087419     0.27517092983570763129575968483874881849    0.002804741334118895687395519599583798145
    -0.252405556397586330501540622637087419     0.35129947384615689256381482363892005107     0.27517092983570763129575968483874881849    0.002804741334118895687395519599583798145
   0.35129947384615689256381482363892005107      -0.252405556397586330501540622637087419     0.27517092983570763129575968483874881849    0.002804741334118895687395519599583798145
    -0.252405556397586330501540622637087419    -0.35129947384615689256381482363892005107     0.27517092983570763129575968483874881849    0.002804741334118895687395519599583798145
  -0.35129947384615689256381482363892005107      -0.252405556397586330501540622637087419     0.27517092983570763129575968483874881849    0.002804741334118895687395519599583798145
   0.26126564466721839229044365979297764224     0.96562221452172114548229943442736269369    -0.97451544429000783059540571409905684233   0.0017754201064505860753569164920643796936
   0.96562221452172114548229943442736269369     0.26126564466721839229044365979297764224    -0.97451544429000783059540571409905684233   0.0017754201064505860753569164920643796936
   0.26126564466721839229044365979297764224    -0.96562221452172114548229943442736269369    -0.97451544429000783059540571409905684233   0.0017754201064505860753569164920643796936
  -0.96562221452172114548229943442736269369     0.26126564466721839229044365979297764224    -0.97451544429000783059540571409905684233   0.0017754201064505860753569164920643796936
  -0.26126564466721839229044365979297764224     0.96562221452172114548229943442736269369    -0.97451544429000783059540571409905684233   0.0017754201064505860753569164920643796936
   0.96562221452172114548229943442736269369    -0.26126564466721839229044365979297764224    -0.97451544429000783059540571409905684233   0.0017754201064505860753569164920643796936
  -0.26126564466721839229044365979297764224    -0.96562221452172114548229943442736269369    -0.97451544429000783059540571409905684233   0.0017754201064505860753569164920643796936
  -0.96562221452172114548229943442736269369    -0.26126564466721839229044365979297764224    -0.97451544429000783059540571409905684233   0.0017754201064505860753569164920643796936
   0.34914708684327439676104471816257653537     0.77331338177226805055172599640908889477    -0.99686562767386470544637928255358293484   0.0024806355105120060145670539455250586109
   0.77331338177226805055172599640908889477     0.34914708684327439676104471816257653537    -0.99686562767386470544637928255358293484   0.0024806355105120060145670539455250586109
   0.34914708684327439676104471816257653537    -0.77331338177226805055172599640908889477    -0.99686562767386470544637928255358293484   0.0024806355105120060145670539455250586109
  -0.77331338177226805055172599640908889477     0.34914708684327439676104471816257653537    -0.99686562767386470544637928255358293484   0.0024806355105120060145670539455250586109
  -0.34914708684327439676104471816257653537     0.77331338177226805055172599640908889477    -0.99686562767386470544637928255358293484   0.0024806355105120060145670539455250586109
   0.77331338177226805055172599640908889477    -0.34914708684327439676104471816257653537    -0.99686562767386470544637928255358293484   0.0024806355105120060145670539455250586109
  -0.34914708684327439676104471816257653537    -0.77331338177226805055172599640908889477    -0.99686562767386470544637928255358293484   0.0024806355105120060145670539455250586109
  -0.77331338177226805055172599640908889477    -0.34914708684327439676104471816257653537    -0.99686562767386470544637928255358293484   0.0024806355105120060145670539455250586109
    0.3525558802778394307725058609067083909     0.67397861199382842061552241797325790477    -0.48366050621783546119718795306462270073   0.0098306583234352049938840682573643042684
   0.67397861199382842061552241797325790477      0.3525558802778394307725058609067083909    -0.48366050621783546119718795306462270073   0.0098306583234352049938840682573643042684
    0.3525558802778394307725058609067083909    -0.67397861199382842061552241797325790477    -0.48366050621783546119718795306462270073   0.0098306583234352049938840682573643042684
  -0.67397861199382842061552241797325790477      0.3525558802778394307725058609067083909    -0.48366050621783546119718795306462270073   0.0098306583234352049938840682573643042684
   -0.3525558802778394307725058609067083909     0.67397861199382842061552241797325790477    -0.48366050621783546119718795306462270073   0.0098306583234352049938840682573643042684
   0.67397861199382842061552241797325790477     -0.3525558802778394307725058609067083909    -0.48366050621783546119718795306462270073   0.0098306583234352049938840682573643042684
   -0.3525558802778394307725058609067083909    -0.67397861199382842061552241797325790477    -0.48366050621783546119718795306462270073   0.0098306583234352049938840682573643042684
  -0.67397861199382842061552241797325790477     -0.3525558802778394307725058609067083909    -0.48366050621783546119718795306462270073   0.0098306583234352049938840682573643042684
   0.35842284760624725866395156178447095284     0.91618178641677696166677427896296924935    -0.86387198466073374275492952232594250292   0.0026010440055150373667687911831270980243
   0.91618178641677696166677427896296924935     0.35842284760624725866395156178447095284    -0.86387198466073374275492952232594250292   0.0026010440055150373667687911831270980243
   0.35842284760624725866395156178447095284    -0.91618178641677696166677427896296924935    -0.86387198466073374275492952232594250292   0.0026010440055150373667687911831270980243
  -0.91618178641677696166677427896296924935     0.35842284760624725866395156178447095284    -0.86387198466073374275492952232594250292   0.0026010440055150373667687911831270980243
  -0.35842284760624725866395156178447095284     0.91618178641677696166677427896296924935    -0.86387198466073374275492952232594250292   0.0026010440055150373667687911831270980243
   0.91618178641677696166677427896296924935    -0.35842284760624725866395156178447095284    -0.86387198466073374275492952232594250292   0.0026010440055150373667687911831270980243
  -0.35842284760624725866395156178447095284    -0.91618178641677696166677427896296924935    -0.86387198466073374275492952232594250292   0.0026010440055150373667687911831270980243
  -0.91618178641677696166677427896296924935    -0.35842284760624725866395156178447095284    -0.86387198466073374275492952232594250292   0.0026010440055150373667687911831270980243
   0.39513773131089948217262917946976127905     0.58778834189865302883047711478892525735    -0.19330481604855224378434547622518133159    0.003451532138541762337630550961892425734
   0.58778834189865302883047711478892525735     0.39513773131089948217262917946976127905    -0.19330481604855224378434547622518133159    0.003451532138541762337630550961892425734
   0.39513773131089948217262917946976127905    -0.58778834189865302883047711478892525735    -0.19330481604855224378434547622518133159    0.003451532138541762337630550961892425734
  -0.58778834189865302883047711478892525735     0.39513773131089948217262917946976127905    -0.19330481604855224378434547622518133159    0.003451532138541762337630550961892425734
  -0.39513773131089948217262917946976127905     0.58778834189865302883047711478892525735    -0.19330481604855224378434547622518133159    0.003451532138541762337630550961892425734
   0.58778834189865302883047711478892525735    -0.39513773131089948217262917946976127905    -0.19330481604855224378434547622518133159    0.003451532138541762337630550961892425734
  -0.39513773131089948217262917946976127905    -0.58778834189865302883047711478892525735    -0.19330481604855224378434547622518133159    0.003451532138541762337630550961892425734
  -0.58778834189865302883047711478892525735    -0.39513773131089948217262917946976127905    -0.19330481604855224378434547622518133159    0.003451532138541762337630550961892425734
   0.45383175765278655767399685455921668259     0.75579518234846636901511646258763591916    -0.74415885245832005801086606049386673731    0.011816871025086134017918941204650872399
   0.75579518234846636901511646258763591916     0.45383175765278655767399685455921668259    -0.74415885245832005801086606049386673731    0.011816871025086134017918941204650872399
   0.45383175765278655767399685455921668259    -0.75579518234846636901511646258763591916    -0.74415885245832005801086606049386673731    0.011816871025086134017918941204650872399
  -0.75579518234846636901511646258763591916     0.45383175765278655767399685455921668259    -0.74415885245832005801086606049386673731    0.011816871025086134017918941204650872399
  -0.45383175765278655767399685455921668259     0.75579518234846636901511646258763591916    -0.74415885245832005801086606049386673731    0.011816871025086134017918941204650872399
   0.75579518234846636901511646258763591916    -0.45383175765278655767399685455921668259    -0.74415885245832005801086606049386673731    0.011816871025086134017918941204650872399
  -0.45383175765278655767399685455921668259    -0.75579518234846636901511646258763591916    -0.74415885245832005801086606049386673731    0.011816871025086134017918941204650872399
  -0.75579518234846636901511646258763591916    -0.45383175765278655767399685455921668259    -0.74415885245832005801086606049386673731    0.011816871025086134017918941204650872399
   0.49108326011532197649529932344100319244     0.84654266088130350991548200354086724048    -0.92825826064501197092880831355614771271   0.0067312259208250386712871937044818392312
   0.84654266088130350991548200354086724048     0.49108326011532197649529932344100319244    -0.92825826064501197092880831355614771271   0.0067312259208250386712871937044818392312
   0.49108326011532197649529932344100319244    -0.84654266088130350991548200354086724048    -0.92825826064501197092880831355614771271   0.0067312259208250386712871937044818392312
  -0.84654266088130350991548200354086724048     0.49108326011532197649529932344100319244    -0.92825826064501197092880831355614771271   0.0067312259208250386712871937044818392312
  -0.49108326011532197649529932344100319244     0.84654266088130350991548200354086724048    -0.92825826064501197092880831355614771271   0.0067312259208250386712871937044818392312
   0.84654266088130350991548200354086724048    -0.49108326011532197649529932344100319244    -0.92825826064501197092880831355614771271   0.0067312259208250386712871937044818392312
  -0.49108326011532197649529932344100319244    -0.84654266088130350991548200354086724048    -0.92825826064501197092880831355614771271   0.0067312259208250386712871937044818392312
  -0.84654266088130350991548200354086724048    -0.49108326011532197649529932344100319244    -0.92825826064501197092880831355614771271   0.0067312259208250386712871937044818392312
   0.54600095258282833040059143298109988291     0.75253476839309592033635822048460492485    -0.53031458933413538496081325311986523344   0.0032923672086368672209074352669720716671
   0.75253476839309592033635822048460492485     0.54600095258282833040059143298109988291    -0.53031458933413538496081325311986523344   0.0032923672086368672209074352669720716671
   0.54600095258282833040059143298109988291    -0.75253476839309592033635822048460492485    -0.53031458933413538496081325311986523344   0.0032923672086368672209074352669720716671
  -0.75253476839309592033635822048460492485     0.54600095258282833040059143298109988291    -0.53031458933413538496081325311986523344   0.0032923672086368672209074352669720716671
  -0.54600095258282833040059143298109988291     0.75253476839309592033635822048460492485    -0.53031458933413538496081325311986523344   0.0032923672086368672209074352669720716671
   0.75253476839309592033635822048460492485    -0.54600095258282833040059143298109988291    -0.53031458933413538496081325311986523344   0.0032923672086368672209074352669720716671
  -0.54600095258282833040059143298109988291    -0.75253476839309592033635822048460492485    -0.53031458933413538496081325311986523344   0.0032923672086368672209074352669720716671
  -0.75253476839309592033635822048460492485    -0.54600095258282833040059143298109988291    -0.53031458933413538496081325311986523344   0.0032923672086368672209074352669720716671
    0.6059306100911623660817383621973851685     0.94429670045112997783958931934812108141      -0.999999989465632328094126943301387531   0.0008908861224970836479346469843351382952
   0.94429670045112997783958931934812108141      0.6059306100911623660817383621973851685      -0.999999989465632328094126943301387531   0.0008908861224970836479346469843351382952
    0.6059306100911623660817383621973851685    -0.94429670045112997783958931934812108141      -0.999999989465632328094126943301387531   0.0008908861224970836479346469843351382952
  -0.94429670045112997783958931934812108141      0.6059306100911623660817383621973851685      -0.999999989465632328094126943301387531   0.0008908861224970836479346469843351382952
   -0.6059306100911623660817383621973851685     0.94429670045112997783958931934812108141      -0.999999989465632328094126943301387531   0.0008908861224970836479346469843351382952
   0.94429670045112997783958931934812108141     -0.6059306100911623660817383621973851685      -0.999999989465632328094126943301387531   0.0008908861224970836479346469843351382952
   -0.6059306100911623660817383621973851685    -0.94429670045112997783958931934812108141      -0.999999989465632328094126943301387531   0.0008908861224970836479346469843351382952
  -0.94429670045112997783958931934812108141     -0.6059306100911623660817383621973851685      -0.999999989465632328094126943301387531   0.0008908861224970836479346469843351382952
   0.66066065660102212756574957102137496465     0.86647835619574511800981673307422533971    -0.77891390863928423622959862999958037822   0.0035525854117486173139402458383002050964
   0.86647835619574511800981673307422533971     0.66066065660102212756574957102137496465    -0.77891390863928423622959862999958037822   0.0035525854117486173139402458383002050964
   0.66066065660102212756574957102137496465    -0.86647835619574511800981673307422533971    -0.77891390863928423622959862999958037822   0.0035525854117486173139402458383002050964
  -0.86647835619574511800981673307422533971     0.66066065660102212756574957102137496465    -0.77891390863928423622959862999958037822   0.0035525854117486173139402458383002050964
  -0.66066065660102212756574957102137496465     0.86647835619574511800981673307422533971    -0.77891390863928423622959862999958037822   0.0035525854117486173139402458383002050964
   0.86647835619574511800981673307422533971    -0.66066065660102212756574957102137496465    -0.77891390863928423622959862999958037822   0.0035525854117486173139402458383002050964
  -0.66066065660102212756574957102137496465    -0.86647835619574511800981673307422533971    -0.77891390863928423622959862999958037822   0.0035525854117486173139402458383002050964
  -0.86647835619574511800981673307422533971    -0.66066065660102212756574957102137496465    -0.77891390863928423622959862999958037822   0.0035525854117486173139402458383002050964
   0.69535481197871194681657523187238651441     0.94122388613910419156992529830174954929     -0.9362333958238899481864029899841840023   0.0021880867387704940056426760735772643087
   0.94122388613910419156992529830174954929     0.69535481197871194681657523187238651441     -0.9362333958238899481864029899841840023   0.0021880867387704940056426760735772643087
   0.69535481197871194681657523187238651441    -0.94122388613910419156992529830174954929     -0.9362333958238899481864029899841840023   0.0021880867387704940056426760735772643087
  -0.94122388613910419156992529830174954929     0.69535481197871194681657523187238651441     -0.9362333958238899481864029899841840023   0.0021880867387704940056426760735772643087
  -0.69535481197871194681657523187238651441     0.94122388613910419156992529830174954929     -0.9362333958238899481864029899841840023   0.0021880867387704940056426760735772643087
   0.94122388613910419156992529830174954929    -0.69535481197871194681657523187238651441     -0.9362333958238899481864029899841840023   0.0021880867387704940056426760735772643087
  -0.69535481197871194681657523187238651441    -0.94122388613910419156992529830174954929     -0.9362333958238899481864029899841840023   0.0021880867387704940056426760735772643087
  -0.94122388613910419156992529830174954929    -0.69535481197871194681657523187238651441     -0.9362333958238899481864029899841840023   0.0021880867387704940056426760735772643087
    0.9025206072737374988844023068260948099     0.98281572907823993265080983760063008918    -0.97826514413789857789086879594097691282   0.0004081622502860756831302409515386126541
   0.98281572907823993265080983760063008918      0.9025206072737374988844023068260948099    -0.97826514413789857789086879594097691282   0.0004081622502860756831302409515386126541
    0.9025206072737374988844023068260948099    -0.98281572907823993265080983760063008918    -0.97826514413789857789086879594097691282   0.0004081622502860756831302409515386126541
  -0.98281572907823993265080983760063008918      0.9025206072737374988844023068260948099    -0.97826514413789857789086879594097691282   0.0004081622502860756831302409515386126541
   -0.9025206072737374988844023068260948099     0.98281572907823993265080983760063008918    -0.97826514413789857789086879594097691282   0.0004081622502860756831302409515386126541
   0.98281572907823993265080983760063008918     -0.9025206072737374988844023068260948099    -0.97826514413789857789086879594097691282   0.0004081622502860756831302409515386126541
   -0.9025206072737374988844023068260948099    -0.98281572907823993265080983760063008918    -0.97826514413789857789086879594097691282   0.0004081622502860756831302409515386126541
  -0.98281572907823993265080983760063008918     -0.9025206072737374988844023068260948099    -0.97826514413789857789086879594097691282   0.0004081622502860756831302409515386126541

