                                         0                                           0   -0.96341540900697027030349954486742523407   0.040875719622352532706118586199212110169
                                         0                                           0    -0.5866747825739616160562109516139152681    0.10536635501566081349226775761320770967
                                         0                                           0   -0.24473963140721625759594010342339498149   0.075674182562980421111411485232774981907
                                         0                                           0    0.82489660274818910538100507800966022829  0.0067136990061652058964712634168704219534
  0.35807129785264005093473635530980523553                                           0     0.2087125545301176053493797180864337705   0.021660897371492134389421376138405259802
                                         0    0.35807129785264005093473635530980523553     0.2087125545301176053493797180864337705   0.021660897371492134389421376138405259802
 -0.35807129785264005093473635530980523553                                           0     0.2087125545301176053493797180864337705   0.021660897371492134389421376138405259802
                                         0   -0.35807129785264005093473635530980523553     0.2087125545301176053493797180864337705   0.021660897371492134389421376138405259802
  0.54649702102289469306449543934575096232                                           0   -0.30094017633615590751478680860368302833   0.052938858222638188465102540285849623049
                                         0    0.54649702102289469306449543934575096232   -0.30094017633615590751478680860368302833   0.052938858222638188465102540285849623049
 -0.54649702102289469306449543934575096232                                           0   -0.30094017633615590751478680860368302833   0.052938858222638188465102540285849623049
                                         0   -0.54649702102289469306449543934575096232   -0.30094017633615590751478680860368302833   0.052938858222638188465102540285849623049
  0.63962614205821200476967338680023364026                                           0   -0.70678190123989184886942005315838357254   0.057286033625393610869921746243051443094
                                         0    0.63962614205821200476967338680023364026   -0.70678190123989184886942005315838357254   0.057286033625393610869921746243051443094
 -0.63962614205821200476967338680023364026                                           0   -0.70678190123989184886942005315838357254   0.057286033625393610869921746243051443094
                                         0   -0.63962614205821200476967338680023364026   -0.70678190123989184886942005315838357254   0.057286033625393610869921746243051443094
  0.68391715378863552539015324617318958893                                           0   -0.95954877047128839551765772811528650565  0.0081732776363309314142467966503411716252
                                         0    0.68391715378863552539015324617318958893   -0.95954877047128839551765772811528650565  0.0081732776363309314142467966503411716252
 -0.68391715378863552539015324617318958893                                           0   -0.95954877047128839551765772811528650565  0.0081732776363309314142467966503411716252
                                         0   -0.68391715378863552539015324617318958893   -0.95954877047128839551765772811528650565  0.0081732776363309314142467966503411716252
  0.77710764672520362605539159873042094751                                           0   -0.93744053430175310995220864699491100447   0.026572511661354147226340134932246912476
                                         0    0.77710764672520362605539159873042094751   -0.93744053430175310995220864699491100447   0.026572511661354147226340134932246912476
 -0.77710764672520362605539159873042094751                                           0   -0.93744053430175310995220864699491100447   0.026572511661354147226340134932246912476
                                         0   -0.77710764672520362605539159873042094751   -0.93744053430175310995220864699491100447   0.026572511661354147226340134932246912476
 0.077570452097239847344544646272237901932   0.077570452097239847344544646272237901932    0.34868309855955831735716445092683883724   0.015081310495675011606941567886724388592
 0.077570452097239847344544646272237901932  -0.077570452097239847344544646272237901932    0.34868309855955831735716445092683883724   0.015081310495675011606941567886724388592
-0.077570452097239847344544646272237901932   0.077570452097239847344544646272237901932    0.34868309855955831735716445092683883724   0.015081310495675011606941567886724388592
-0.077570452097239847344544646272237901932  -0.077570452097239847344544646272237901932    0.34868309855955831735716445092683883724   0.015081310495675011606941567886724388592
  0.14379521340000476731644741995212898473    0.14379521340000476731644741995212898473    0.57131342108863837155204453565449805816   0.012488928910641295802906994844754860849
  0.14379521340000476731644741995212898473   -0.14379521340000476731644741995212898473    0.57131342108863837155204453565449805816   0.012488928910641295802906994844754860849
 -0.14379521340000476731644741995212898473    0.14379521340000476731644741995212898473    0.57131342108863837155204453565449805816   0.012488928910641295802906994844754860849
 -0.14379521340000476731644741995212898473   -0.14379521340000476731644741995212898473    0.57131342108863837155204453565449805816   0.012488928910641295802906994844754860849
  0.23168064085543538247655384717856540493    0.23168064085543538247655384717856540493   -0.03465391939061804079772997217161467497   0.055939264017858175594020636540176767422
  0.23168064085543538247655384717856540493   -0.23168064085543538247655384717856540493   -0.03465391939061804079772997217161467497   0.055939264017858175594020636540176767422
 -0.23168064085543538247655384717856540493    0.23168064085543538247655384717856540493   -0.03465391939061804079772997217161467497   0.055939264017858175594020636540176767422
 -0.23168064085543538247655384717856540493   -0.23168064085543538247655384717856540493   -0.03465391939061804079772997217161467497   0.055939264017858175594020636540176767422
    0.314045182776748245884201761204764388      0.314045182776748245884201761204764388   -0.83720789045698572004704315450745639768   0.066716724234315693575826471103489584686
    0.314045182776748245884201761204764388     -0.314045182776748245884201761204764388   -0.83720789045698572004704315450745639768   0.066716724234315693575826471103489584686
   -0.314045182776748245884201761204764388      0.314045182776748245884201761204764388   -0.83720789045698572004704315450745639768   0.066716724234315693575826471103489584686
   -0.314045182776748245884201761204764388     -0.314045182776748245884201761204764388   -0.83720789045698572004704315450745639768   0.066716724234315693575826471103489584686
  0.34737214291539659321216717019813132155    0.34737214291539659321216717019813132155    0.15391976111220424026046369167734101749   0.015522957186482003183711891303082423962
  0.34737214291539659321216717019813132155   -0.34737214291539659321216717019813132155    0.15391976111220424026046369167734101749   0.015522957186482003183711891303082423962
 -0.34737214291539659321216717019813132155    0.34737214291539659321216717019813132155    0.15391976111220424026046369167734101749   0.015522957186482003183711891303082423962
 -0.34737214291539659321216717019813132155   -0.34737214291539659321216717019813132155    0.15391976111220424026046369167734101749   0.015522957186482003183711891303082423962
  0.37724157118747913358555646356020670427    0.37724157118747913358555646356020670427   -0.49517613402717862003003649187670139671   0.083933374219944327060300275197955844457
  0.37724157118747913358555646356020670427   -0.37724157118747913358555646356020670427   -0.49517613402717862003003649187670139671   0.083933374219944327060300275197955844457
 -0.37724157118747913358555646356020670427    0.37724157118747913358555646356020670427   -0.49517613402717862003003649187670139671   0.083933374219944327060300275197955844457
 -0.37724157118747913358555646356020670427   -0.37724157118747913358555646356020670427   -0.49517613402717862003003649187670139671   0.083933374219944327060300275197955844457
  0.47434114277651316480743859796055331865    0.47434114277651316480743859796055331865   -0.98954019090533253356935479766624477946   0.017647520599489160927406176744407731976
  0.47434114277651316480743859796055331865   -0.47434114277651316480743859796055331865   -0.98954019090533253356935479766624477946   0.017647520599489160927406176744407731976
 -0.47434114277651316480743859796055331865    0.47434114277651316480743859796055331865   -0.98954019090533253356935479766624477946   0.017647520599489160927406176744407731976
 -0.47434114277651316480743859796055331865   -0.47434114277651316480743859796055331865   -0.98954019090533253356935479766624477946   0.017647520599489160927406176744407731976
  0.66050621765498726444836175611535836102    0.66050621765498726444836175611535836102   -0.84774377444038404282462816780408743328   0.040609318370570820240327662289781991418
  0.66050621765498726444836175611535836102   -0.66050621765498726444836175611535836102   -0.84774377444038404282462816780408743328   0.040609318370570820240327662289781991418
 -0.66050621765498726444836175611535836102    0.66050621765498726444836175611535836102   -0.84774377444038404282462816780408743328   0.040609318370570820240327662289781991418
 -0.66050621765498726444836175611535836102   -0.66050621765498726444836175611535836102   -0.84774377444038404282462816780408743328   0.040609318370570820240327662289781991418
  0.68954324018034631780584431221648106676    0.68954324018034631780584431221648106676   -0.58654149999103897620771443577951194914   0.021682565920890635507070502020695710874
  0.68954324018034631780584431221648106676   -0.68954324018034631780584431221648106676   -0.58654149999103897620771443577951194914   0.021682565920890635507070502020695710874
 -0.68954324018034631780584431221648106676    0.68954324018034631780584431221648106676   -0.58654149999103897620771443577951194914   0.021682565920890635507070502020695710874
 -0.68954324018034631780584431221648106676   -0.68954324018034631780584431221648106676   -0.58654149999103897620771443577951194914   0.021682565920890635507070502020695710874
  0.83760919074294617546893655152054886683    0.83760919074294617546893655152054886683   -0.99740943695961792159078324243589328504  0.0054140497622383145382437675051513520107
  0.83760919074294617546893655152054886683   -0.83760919074294617546893655152054886683   -0.99740943695961792159078324243589328504  0.0054140497622383145382437675051513520107
 -0.83760919074294617546893655152054886683    0.83760919074294617546893655152054886683   -0.99740943695961792159078324243589328504  0.0054140497622383145382437675051513520107
 -0.83760919074294617546893655152054886683   -0.83760919074294617546893655152054886683   -0.99740943695961792159078324243589328504  0.0054140497622383145382437675051513520107
  0.89225479074773709346833725712863698664    0.89225479074773709346833725712863698664   -0.87503260551366133347260206405228022874   0.005801181945768338571318136862992745245
  0.89225479074773709346833725712863698664   -0.89225479074773709346833725712863698664   -0.87503260551366133347260206405228022874   0.005801181945768338571318136862992745245
 -0.89225479074773709346833725712863698664    0.89225479074773709346833725712863698664   -0.87503260551366133347260206405228022874   0.005801181945768338571318136862992745245
 -0.89225479074773709346833725712863698664   -0.89225479074773709346833725712863698664   -0.87503260551366133347260206405228022874   0.005801181945768338571318136862992745245
  0.34432129602584910406599709889200513297    0.80476742127907246557034747865800792366   -0.68065967950337255323508921993338165339   0.021741558872951466082834397492261465486
  0.80476742127907246557034747865800792366    0.34432129602584910406599709889200513297   -0.68065967950337255323508921993338165339   0.021741558872951466082834397492261465486
  0.34432129602584910406599709889200513297   -0.80476742127907246557034747865800792366   -0.68065967950337255323508921993338165339   0.021741558872951466082834397492261465486
 -0.80476742127907246557034747865800792366    0.34432129602584910406599709889200513297   -0.68065967950337255323508921993338165339   0.021741558872951466082834397492261465486
 -0.34432129602584910406599709889200513297    0.80476742127907246557034747865800792366   -0.68065967950337255323508921993338165339   0.021741558872951466082834397492261465486
  0.80476742127907246557034747865800792366   -0.34432129602584910406599709889200513297   -0.68065967950337255323508921993338165339   0.021741558872951466082834397492261465486
 -0.34432129602584910406599709889200513297   -0.80476742127907246557034747865800792366   -0.68065967950337255323508921993338165339   0.021741558872951466082834397492261465486
 -0.80476742127907246557034747865800792366   -0.34432129602584910406599709889200513297   -0.68065967950337255323508921993338165339   0.021741558872951466082834397492261465486
   0.4118780029145981801471927838916785478    0.59439555436658632581779847818348707694   -0.24697729698460453750408933916533926142   0.017388597823355372025838066486154653699
  0.59439555436658632581779847818348707694     0.4118780029145981801471927838916785478   -0.24697729698460453750408933916533926142   0.017388597823355372025838066486154653699
   0.4118780029145981801471927838916785478   -0.59439555436658632581779847818348707694   -0.24697729698460453750408933916533926142   0.017388597823355372025838066486154653699
 -0.59439555436658632581779847818348707694     0.4118780029145981801471927838916785478   -0.24697729698460453750408933916533926142   0.017388597823355372025838066486154653699
  -0.4118780029145981801471927838916785478    0.59439555436658632581779847818348707694   -0.24697729698460453750408933916533926142   0.017388597823355372025838066486154653699
  0.59439555436658632581779847818348707694    -0.4118780029145981801471927838916785478   -0.24697729698460453750408933916533926142   0.017388597823355372025838066486154653699
  -0.4118780029145981801471927838916785478   -0.59439555436658632581779847818348707694   -0.24697729698460453750408933916533926142   0.017388597823355372025838066486154653699
 -0.59439555436658632581779847818348707694    -0.4118780029145981801471927838916785478   -0.24697729698460453750408933916533926142   0.017388597823355372025838066486154653699
  0.42395089461772848562496232392569646324     0.9322786350931645444894019848151554196   -0.93750550349059596644149390633279142363   0.011890045020590229087323894522605155417
   0.9322786350931645444894019848151554196    0.42395089461772848562496232392569646324   -0.93750550349059596644149390633279142363   0.011890045020590229087323894522605155417
  0.42395089461772848562496232392569646324    -0.9322786350931645444894019848151554196   -0.93750550349059596644149390633279142363   0.011890045020590229087323894522605155417
  -0.9322786350931645444894019848151554196    0.42395089461772848562496232392569646324   -0.93750550349059596644149390633279142363   0.011890045020590229087323894522605155417
 -0.42395089461772848562496232392569646324     0.9322786350931645444894019848151554196   -0.93750550349059596644149390633279142363   0.011890045020590229087323894522605155417
   0.9322786350931645444894019848151554196   -0.42395089461772848562496232392569646324   -0.93750550349059596644149390633279142363   0.011890045020590229087323894522605155417
 -0.42395089461772848562496232392569646324    -0.9322786350931645444894019848151554196   -0.93750550349059596644149390633279142363   0.011890045020590229087323894522605155417
  -0.9322786350931645444894019848151554196   -0.42395089461772848562496232392569646324   -0.93750550349059596644149390633279142363   0.011890045020590229087323894522605155417

