                                         0                                           0   -0.97056566094380739756882708925132911965  0.0069625514751502449355659745213084759231
                                         0                                           0   -0.74422410046485137342676071917118253438    0.03642126806893820041977794779254746997
                                         0                                           0   -0.49390382491697948254219503314953570711   0.045824408386235715891806187788012569763
                                         0                                           0    0.14820949618577631989975651047745564298   0.033037022226069972312921786610128374056
                                         0                                           0    0.55748971888855406858872323605548151706   0.016182778803617224290667054964373571624
                                         0                                           0    0.90648172714768945321231531066504109269  0.0010639082095193484278706058786556122912
  0.20511401693772585223856819793475356969                                           0   -0.21536628611773759363749575153082055787     0.0245819593915248154977887702891596382
                                         0    0.20511401693772585223856819793475356969   -0.21536628611773759363749575153082055787     0.0245819593915248154977887702891596382
 -0.20511401693772585223856819793475356969                                           0   -0.21536628611773759363749575153082055787     0.0245819593915248154977887702891596382
                                         0   -0.20511401693772585223856819793475356969   -0.21536628611773759363749575153082055787     0.0245819593915248154977887702891596382
  0.21750626336039298996720561473327550852                                           0    0.55266184096553034133523141957245096044  0.0030264419008934649727424386351431926213
                                         0    0.21750626336039298996720561473327550852    0.55266184096553034133523141957245096044  0.0030264419008934649727424386351431926213
 -0.21750626336039298996720561473327550852                                           0    0.55266184096553034133523141957245096044  0.0030264419008934649727424386351431926213
                                         0   -0.21750626336039298996720561473327550852    0.55266184096553034133523141957245096044  0.0030264419008934649727424386351431926213
  0.32923152663742820591379692682216840179                                           0    0.26278053220185649137439194719850071563   0.010196206604015779158542669349267983585
                                         0    0.32923152663742820591379692682216840179    0.26278053220185649137439194719850071563   0.010196206604015779158542669349267983585
 -0.32923152663742820591379692682216840179                                           0    0.26278053220185649137439194719850071563   0.010196206604015779158542669349267983585
                                         0   -0.32923152663742820591379692682216840179    0.26278053220185649137439194719850071563   0.010196206604015779158542669349267983585
  0.35684240690362468467364125666771769782                                           0   -0.99611846676397679451174222191794589794  0.0053425926612554981400295674323026870053
                                         0    0.35684240690362468467364125666771769782   -0.99611846676397679451174222191794589794  0.0053425926612554981400295674323026870053
 -0.35684240690362468467364125666771769782                                           0   -0.99611846676397679451174222191794589794  0.0053425926612554981400295674323026870053
                                         0   -0.35684240690362468467364125666771769782   -0.99611846676397679451174222191794589794  0.0053425926612554981400295674323026870053
  0.36327138305021467041651769897480089928                                           0  -0.028147181984475295453479002339261835845   0.021493813879329934046184391515522072072
                                         0    0.36327138305021467041651769897480089928  -0.028147181984475295453479002339261835845   0.021493813879329934046184391515522072072
 -0.36327138305021467041651769897480089928                                           0  -0.028147181984475295453479002339261835845   0.021493813879329934046184391515522072072
                                         0   -0.36327138305021467041651769897480089928  -0.028147181984475295453479002339261835845   0.021493813879329934046184391515522072072
  0.45388969780768863110562554121187754255                                           0   -0.49473592565629957247013925910680832951   0.033030125046775844010042375202721595428
                                         0    0.45388969780768863110562554121187754255   -0.49473592565629957247013925910680832951   0.033030125046775844010042375202721595428
 -0.45388969780768863110562554121187754255                                           0   -0.49473592565629957247013925910680832951   0.033030125046775844010042375202721595428
                                         0   -0.45388969780768863110562554121187754255   -0.49473592565629957247013925910680832951   0.033030125046775844010042375202721595428
  0.53901560564903225222312939672520321535                                           0   -0.80275338653192201056752002363976294162   0.030386595644749891549252876539369494815
                                         0    0.53901560564903225222312939672520321535   -0.80275338653192201056752002363976294162   0.030386595644749891549252876539369494815
 -0.53901560564903225222312939672520321535                                           0   -0.80275338653192201056752002363976294162   0.030386595644749891549252876539369494815
                                         0   -0.53901560564903225222312939672520321535   -0.80275338653192201056752002363976294162   0.030386595644749891549252876539369494815
  0.58738944968569002076375339465448846193                                           0   -0.17477889937138070441176841521997642636  0.0060838175126508837902642748369505698479
                                         0    0.58738944968569002076375339465448846193   -0.17477889937138070441176841521997642636  0.0060838175126508837902642748369505698479
 -0.58738944968569002076375339465448846193                                           0   -0.17477889937138070441176841521997642636  0.0060838175126508837902642748369505698479
                                         0   -0.58738944968569002076375339465448846193   -0.17477889937138070441176841521997642636  0.0060838175126508837902642748369505698479
  0.72221141917664034685598630711359884238                                           0   -0.53709117388023112526380326074917531449   0.012587969402792342747135381853562399084
                                         0    0.72221141917664034685598630711359884238   -0.53709117388023112526380326074917531449   0.012587969402792342747135381853562399084
 -0.72221141917664034685598630711359884238                                           0   -0.53709117388023112526380326074917531449   0.012587969402792342747135381853562399084
                                         0   -0.72221141917664034685598630711359884238   -0.53709117388023112526380326074917531449   0.012587969402792342747135381853562399084
  0.76170533935206831430534287170201366524                                           0   -0.76315293060197605297082562040183719844  0.0093590739664439395340930241656245531173
                                         0    0.76170533935206831430534287170201366524   -0.76315293060197605297082562040183719844  0.0093590739664439395340930241656245531173
 -0.76170533935206831430534287170201366524                                           0   -0.76315293060197605297082562040183719844  0.0093590739664439395340930241656245531173
                                         0   -0.76170533935206831430534287170201366524   -0.76315293060197605297082562040183719844  0.0093590739664439395340930241656245531173
  0.90432592395871748332289633162476856613                                           0   -0.80906204244710969822830010227068357033  0.0045620253498016357496364900765845705834
                                         0    0.90432592395871748332289633162476856613   -0.80906204244710969822830010227068357033  0.0045620253498016357496364900765845705834
 -0.90432592395871748332289633162476856613                                           0   -0.80906204244710969822830010227068357033  0.0045620253498016357496364900765845705834
                                         0   -0.90432592395871748332289633162476856613   -0.80906204244710969822830010227068357033  0.0045620253498016357496364900765845705834
  0.95404953289486864097879489097625484686                                           0   -0.96485879979291382753100119808036967633  0.0042491691815642249047256699438328071726
                                         0    0.95404953289486864097879489097625484686   -0.96485879979291382753100119808036967633  0.0042491691815642249047256699438328071726
 -0.95404953289486864097879489097625484686                                           0   -0.96485879979291382753100119808036967633  0.0042491691815642249047256699438328071726
                                         0   -0.95404953289486864097879489097625484686   -0.96485879979291382753100119808036967633  0.0042491691815642249047256699438328071726
 0.076758713265211294578483524207995166889   0.076758713265211294578483524207995166889    0.75317826595420414731278974956459879931  0.0027946262529604760716826619330264513178
 0.076758713265211294578483524207995166889  -0.076758713265211294578483524207995166889    0.75317826595420414731278974956459879931  0.0027946262529604760716826619330264513178
-0.076758713265211294578483524207995166889   0.076758713265211294578483524207995166889    0.75317826595420414731278974956459879931  0.0027946262529604760716826619330264513178
-0.076758713265211294578483524207995166889  -0.076758713265211294578483524207995166889    0.75317826595420414731278974956459879931  0.0027946262529604760716826619330264513178
  0.16744051839428593292381378330840583734    0.16744051839428593292381378330840583734     0.3003953452639060915898491834483086838   0.017997920663517968963618397953279203044
  0.16744051839428593292381378330840583734   -0.16744051839428593292381378330840583734     0.3003953452639060915898491834483086838   0.017997920663517968963618397953279203044
 -0.16744051839428593292381378330840583734    0.16744051839428593292381378330840583734     0.3003953452639060915898491834483086838   0.017997920663517968963618397953279203044
 -0.16744051839428593292381378330840583734   -0.16744051839428593292381378330840583734     0.3003953452639060915898491834483086838   0.017997920663517968963618397953279203044
  0.17176746631385768434736276074436743245    0.17176746631385768434736276074436743245    0.51596733377241320117108241390688616283  0.0057130557929781634908563313580731530456
  0.17176746631385768434736276074436743245   -0.17176746631385768434736276074436743245    0.51596733377241320117108241390688616283  0.0057130557929781634908563313580731530456
 -0.17176746631385768434736276074436743245    0.17176746631385768434736276074436743245    0.51596733377241320117108241390688616283  0.0057130557929781634908563313580731530456
 -0.17176746631385768434736276074436743245   -0.17176746631385768434736276074436743245    0.51596733377241320117108241390688616283  0.0057130557929781634908563313580731530456
  0.23639346619006572093532401051463010756    0.23639346619006572093532401051463010756    -0.9040735405807696017442625776700179575   0.027110882753707308395793413113044060323
  0.23639346619006572093532401051463010756   -0.23639346619006572093532401051463010756    -0.9040735405807696017442625776700179575   0.027110882753707308395793413113044060323
 -0.23639346619006572093532401051463010756    0.23639346619006572093532401051463010756    -0.9040735405807696017442625776700179575   0.027110882753707308395793413113044060323
 -0.23639346619006572093532401051463010756   -0.23639346619006572093532401051463010756    -0.9040735405807696017442625776700179575   0.027110882753707308395793413113044060323
  0.24323162058008373283285430283359214243    0.24323162058008373283285430283359214243  -0.048127010020058970501545254321407456819   0.021680101964912817245851233061599779386
  0.24323162058008373283285430283359214243   -0.24323162058008373283285430283359214243  -0.048127010020058970501545254321407456819   0.021680101964912817245851233061599779386
 -0.24323162058008373283285430283359214243    0.24323162058008373283285430283359214243  -0.048127010020058970501545254321407456819   0.021680101964912817245851233061599779386
 -0.24323162058008373283285430283359214243   -0.24323162058008373283285430283359214243  -0.048127010020058970501545254321407456819   0.021680101964912817245851233061599779386
   0.2829290099099144808075091814062012523     0.2829290099099144808075091814062012523   -0.68340113431739234454971996117559242276     0.0371723804367829231390689980537216093
   0.2829290099099144808075091814062012523    -0.2829290099099144808075091814062012523   -0.68340113431739234454971996117559242276     0.0371723804367829231390689980537216093
  -0.2829290099099144808075091814062012523     0.2829290099099144808075091814062012523   -0.68340113431739234454971996117559242276     0.0371723804367829231390689980537216093
  -0.2829290099099144808075091814062012523    -0.2829290099099144808075091814062012523   -0.68340113431739234454971996117559242276     0.0371723804367829231390689980537216093
  0.30121971129514423912187192998328743655    0.30121971129514423912187192998328743655   -0.41531405812581333690018111734022983457   0.029456439510889400919759931783439846354
  0.30121971129514423912187192998328743655   -0.30121971129514423912187192998328743655   -0.41531405812581333690018111734022983457   0.029456439510889400919759931783439846354
 -0.30121971129514423912187192998328743655    0.30121971129514423912187192998328743655   -0.41531405812581333690018111734022983457   0.029456439510889400919759931783439846354
 -0.30121971129514423912187192998328743655   -0.30121971129514423912187192998328743655   -0.41531405812581333690018111734022983457   0.029456439510889400919759931783439846354
  0.32161299511430128622061113855407416675    0.32161299511430128622061113855407416675    0.29319796235437387363757970365264807687  0.0033724809564864336779624438206540399802
  0.32161299511430128622061113855407416675   -0.32161299511430128622061113855407416675    0.29319796235437387363757970365264807687  0.0033724809564864336779624438206540399802
 -0.32161299511430128622061113855407416675    0.32161299511430128622061113855407416675    0.29319796235437387363757970365264807687  0.0033724809564864336779624438206540399802
 -0.32161299511430128622061113855407416675   -0.32161299511430128622061113855407416675    0.29319796235437387363757970365264807687  0.0033724809564864336779624438206540399802
  0.47657289655748453183430476592884366043    0.47657289655748453183430476592884366043   -0.29257919064520169305419664487084694687   0.015212167208085883870256252936153872403
  0.47657289655748453183430476592884366043   -0.47657289655748453183430476592884366043   -0.29257919064520169305419664487084694687   0.015212167208085883870256252936153872403
 -0.47657289655748453183430476592884366043    0.47657289655748453183430476592884366043   -0.29257919064520169305419664487084694687   0.015212167208085883870256252936153872403
 -0.47657289655748453183430476592884366043   -0.47657289655748453183430476592884366043   -0.29257919064520169305419664487084694687   0.015212167208085883870256252936153872403
  0.47903929511668613912389593012557880339    0.47903929511668613912389593012557880339   -0.97644568158536251715200021967218982077   0.010306404951906195395582737266275834155
  0.47903929511668613912389593012557880339   -0.47903929511668613912389593012557880339   -0.97644568158536251715200021967218982077   0.010306404951906195395582737266275834155
 -0.47903929511668613912389593012557880339    0.47903929511668613912389593012557880339   -0.97644568158536251715200021967218982077   0.010306404951906195395582737266275834155
 -0.47903929511668613912389593012557880339   -0.47903929511668613912389593012557880339   -0.97644568158536251715200021967218982077   0.010306404951906195395582737266275834155
  0.53011164941187429518865093201476806151    0.53011164941187429518865093201476806151   -0.85531115317396576121155095106428130092    0.02488037534228908775042293751510498858
  0.53011164941187429518865093201476806151   -0.53011164941187429518865093201476806151   -0.85531115317396576121155095106428130092    0.02488037534228908775042293751510498858
 -0.53011164941187429518865093201476806151    0.53011164941187429518865093201476806151   -0.85531115317396576121155095106428130092    0.02488037534228908775042293751510498858
 -0.53011164941187429518865093201476806151   -0.53011164941187429518865093201476806151   -0.85531115317396576121155095106428130092    0.02488037534228908775042293751510498858
  0.54856308822904743654730482096836272979    0.54856308822904743654730482096836272979   -0.17794054236012779258512612758995111299  0.0048146954202917706568225895873526887349
  0.54856308822904743654730482096836272979   -0.54856308822904743654730482096836272979   -0.17794054236012779258512612758995111299  0.0048146954202917706568225895873526887349
 -0.54856308822904743654730482096836272979    0.54856308822904743654730482096836272979   -0.17794054236012779258512612758995111299  0.0048146954202917706568225895873526887349
 -0.54856308822904743654730482096836272979   -0.54856308822904743654730482096836272979   -0.17794054236012779258512612758995111299  0.0048146954202917706568225895873526887349
  0.57334794239629835769226933991361736272    0.57334794239629835769226933991361736272   -0.60621735800357131646159938797160263934    0.02239886082662791225781508665710560476
  0.57334794239629835769226933991361736272   -0.57334794239629835769226933991361736272   -0.60621735800357131646159938797160263934    0.02239886082662791225781508665710560476
 -0.57334794239629835769226933991361736272    0.57334794239629835769226933991361736272   -0.60621735800357131646159938797160263934    0.02239886082662791225781508665710560476
 -0.57334794239629835769226933991361736272   -0.57334794239629835769226933991361736272   -0.60621735800357131646159938797160263934    0.02239886082662791225781508665710560476
  0.72391628119436642441713555249278920886    0.72391628119436642441713555249278920886   -0.57337086612880719277106849712787209159  0.0077724438173269137961030756818562272264
  0.72391628119436642441713555249278920886   -0.72391628119436642441713555249278920886   -0.57337086612880719277106849712787209159  0.0077724438173269137961030756818562272264
 -0.72391628119436642441713555249278920886    0.72391628119436642441713555249278920886   -0.57337086612880719277106849712787209159  0.0077724438173269137961030756818562272264
 -0.72391628119436642441713555249278920886   -0.72391628119436642441713555249278920886   -0.57337086612880719277106849712787209159  0.0077724438173269137961030756818562272264
  0.73864724587611618347133365795558460388    0.73864724587611618347133365795558460388   -0.96950382260237625569500587827434583433  0.0077550951327724679403635530851482929873
  0.73864724587611618347133365795558460388   -0.73864724587611618347133365795558460388   -0.96950382260237625569500587827434583433  0.0077550951327724679403635530851482929873
 -0.73864724587611618347133365795558460388    0.73864724587611618347133365795558460388   -0.96950382260237625569500587827434583433  0.0077550951327724679403635530851482929873
 -0.73864724587611618347133365795558460388   -0.73864724587611618347133365795558460388   -0.96950382260237625569500587827434583433  0.0077550951327724679403635530851482929873
  0.75365362427775252534559022349225431505    0.75365362427775252534559022349225431505   -0.84105572863673282461690388988746669484   0.011424919116030960293861733179094735477
  0.75365362427775252534559022349225431505   -0.75365362427775252534559022349225431505   -0.84105572863673282461690388988746669484   0.011424919116030960293861733179094735477
 -0.75365362427775252534559022349225431505    0.75365362427775252534559022349225431505   -0.84105572863673282461690388988746669484   0.011424919116030960293861733179094735477
 -0.75365362427775252534559022349225431505   -0.75365362427775252534559022349225431505   -0.84105572863673282461690388988746669484   0.011424919116030960293861733179094735477
  0.87949891962609659034310604155031909605    0.87949891962609659034310604155031909605   -0.83522198101015189720644831761592912974  0.0024331223888063352287309941083925058114
  0.87949891962609659034310604155031909605   -0.87949891962609659034310604155031909605   -0.83522198101015189720644831761592912974  0.0024331223888063352287309941083925058114
 -0.87949891962609659034310604155031909605    0.87949891962609659034310604155031909605   -0.83522198101015189720644831761592912974  0.0024331223888063352287309941083925058114
 -0.87949891962609659034310604155031909605   -0.87949891962609659034310604155031909605   -0.83522198101015189720644831761592912974  0.0024331223888063352287309941083925058114
  0.91559156141768840888306477725229614317    0.91559156141768840888306477725229614317   -0.97017249004881762498124392750696965447  0.0023735503184746883233420921647302036251
  0.91559156141768840888306477725229614317   -0.91559156141768840888306477725229614317   -0.97017249004881762498124392750696965447  0.0023735503184746883233420921647302036251
 -0.91559156141768840888306477725229614317    0.91559156141768840888306477725229614317   -0.97017249004881762498124392750696965447  0.0023735503184746883233420921647302036251
 -0.91559156141768840888306477725229614317   -0.91559156141768840888306477725229614317   -0.97017249004881762498124392750696965447  0.0023735503184746883233420921647302036251
  0.12441201682393767608259950001429992446    0.66719950851597184100412613824132793804   -0.95451855667844086402765456365080158681   0.010421018764721998749138196361597375794
  0.66719950851597184100412613824132793804    0.12441201682393767608259950001429992446   -0.95451855667844086402765456365080158681   0.010421018764721998749138196361597375794
  0.12441201682393767608259950001429992446   -0.66719950851597184100412613824132793804   -0.95451855667844086402765456365080158681   0.010421018764721998749138196361597375794
 -0.66719950851597184100412613824132793804    0.12441201682393767608259950001429992446   -0.95451855667844086402765456365080158681   0.010421018764721998749138196361597375794
 -0.12441201682393767608259950001429992446    0.66719950851597184100412613824132793804   -0.95451855667844086402765456365080158681   0.010421018764721998749138196361597375794
  0.66719950851597184100412613824132793804   -0.12441201682393767608259950001429992446   -0.95451855667844086402765456365080158681   0.010421018764721998749138196361597375794
 -0.12441201682393767608259950001429992446   -0.66719950851597184100412613824132793804   -0.95451855667844086402765456365080158681   0.010421018764721998749138196361597375794
 -0.66719950851597184100412613824132793804   -0.12441201682393767608259950001429992446   -0.95451855667844086402765456365080158681   0.010421018764721998749138196361597375794
  0.21921572175807393064629478416237658702    0.54187556889625023342515985048561338912   -0.30690313228602406640038110875072278681   0.020918332788166469167096610974687443696
  0.54187556889625023342515985048561338912    0.21921572175807393064629478416237658702   -0.30690313228602406640038110875072278681   0.020918332788166469167096610974687443696
  0.21921572175807393064629478416237658702   -0.54187556889625023342515985048561338912   -0.30690313228602406640038110875072278681   0.020918332788166469167096610974687443696
 -0.54187556889625023342515985048561338912    0.21921572175807393064629478416237658702   -0.30690313228602406640038110875072278681   0.020918332788166469167096610974687443696
 -0.21921572175807393064629478416237658702    0.54187556889625023342515985048561338912   -0.30690313228602406640038110875072278681   0.020918332788166469167096610974687443696
  0.54187556889625023342515985048561338912   -0.21921572175807393064629478416237658702   -0.30690313228602406640038110875072278681   0.020918332788166469167096610974687443696
 -0.21921572175807393064629478416237658702   -0.54187556889625023342515985048561338912   -0.30690313228602406640038110875072278681   0.020918332788166469167096610974687443696
 -0.54187556889625023342515985048561338912   -0.21921572175807393064629478416237658702   -0.30690313228602406640038110875072278681   0.020918332788166469167096610974687443696
  0.28080703611305083958831698473730711649    0.43806689139749760748161490412311695647    0.03740009953634799224206820523251064343   0.011474195550654083288088566328506847098
  0.43806689139749760748161490412311695647    0.28080703611305083958831698473730711649    0.03740009953634799224206820523251064343   0.011474195550654083288088566328506847098
  0.28080703611305083958831698473730711649   -0.43806689139749760748161490412311695647    0.03740009953634799224206820523251064343   0.011474195550654083288088566328506847098
 -0.43806689139749760748161490412311695647    0.28080703611305083958831698473730711649    0.03740009953634799224206820523251064343   0.011474195550654083288088566328506847098
 -0.28080703611305083958831698473730711649    0.43806689139749760748161490412311695647    0.03740009953634799224206820523251064343   0.011474195550654083288088566328506847098
  0.43806689139749760748161490412311695647   -0.28080703611305083958831698473730711649    0.03740009953634799224206820523251064343   0.011474195550654083288088566328506847098
 -0.28080703611305083958831698473730711649   -0.43806689139749760748161490412311695647    0.03740009953634799224206820523251064343   0.011474195550654083288088566328506847098
 -0.43806689139749760748161490412311695647   -0.28080703611305083958831698473730711649    0.03740009953634799224206820523251064343   0.011474195550654083288088566328506847098
  0.29327328760862551870340643854731091328    0.63813408697693555779983216171801365748   -0.66744000420641009150345410146897076666   0.018490959198503388258358863303378109505
  0.63813408697693555779983216171801365748    0.29327328760862551870340643854731091328   -0.66744000420641009150345410146897076666   0.018490959198503388258358863303378109505
  0.29327328760862551870340643854731091328   -0.63813408697693555779983216171801365748   -0.66744000420641009150345410146897076666   0.018490959198503388258358863303378109505
 -0.63813408697693555779983216171801365748    0.29327328760862551870340643854731091328   -0.66744000420641009150345410146897076666   0.018490959198503388258358863303378109505
 -0.29327328760862551870340643854731091328    0.63813408697693555779983216171801365748   -0.66744000420641009150345410146897076666   0.018490959198503388258358863303378109505
  0.63813408697693555779983216171801365748   -0.29327328760862551870340643854731091328   -0.66744000420641009150345410146897076666   0.018490959198503388258358863303378109505
 -0.29327328760862551870340643854731091328   -0.63813408697693555779983216171801365748   -0.66744000420641009150345410146897076666   0.018490959198503388258358863303378109505
 -0.63813408697693555779983216171801365748   -0.29327328760862551870340643854731091328   -0.66744000420641009150345410146897076666   0.018490959198503388258358863303378109505
  0.33319336861054688289600474141957196606    0.82444092239927732773361179548833201027   -0.87242546112191518746403316041754308866   0.015873723431528002473179237625451206613
  0.82444092239927732773361179548833201027    0.33319336861054688289600474141957196606   -0.87242546112191518746403316041754308866   0.015873723431528002473179237625451206613
  0.33319336861054688289600474141957196606   -0.82444092239927732773361179548833201027   -0.87242546112191518746403316041754308866   0.015873723431528002473179237625451206613
 -0.82444092239927732773361179548833201027    0.33319336861054688289600474141957196606   -0.87242546112191518746403316041754308866   0.015873723431528002473179237625451206613
 -0.33319336861054688289600474141957196606    0.82444092239927732773361179548833201027   -0.87242546112191518746403316041754308866   0.015873723431528002473179237625451206613
  0.82444092239927732773361179548833201027   -0.33319336861054688289600474141957196606   -0.87242546112191518746403316041754308866   0.015873723431528002473179237625451206613
 -0.33319336861054688289600474141957196606   -0.82444092239927732773361179548833201027   -0.87242546112191518746403316041754308866   0.015873723431528002473179237625451206613
 -0.82444092239927732773361179548833201027   -0.33319336861054688289600474141957196606   -0.87242546112191518746403316041754308866   0.015873723431528002473179237625451206613
  0.34140235517371279198641457910617785201    0.75770702193514309744407436420504012087   -0.61132943353623391801697878865726617966  0.0090434069472473128692846775332982306564
  0.75770702193514309744407436420504012087    0.34140235517371279198641457910617785201   -0.61132943353623391801697878865726617966  0.0090434069472473128692846775332982306564
  0.34140235517371279198641457910617785201   -0.75770702193514309744407436420504012087   -0.61132943353623391801697878865726617966  0.0090434069472473128692846775332982306564
 -0.75770702193514309744407436420504012087    0.34140235517371279198641457910617785201   -0.61132943353623391801697878865726617966  0.0090434069472473128692846775332982306564
 -0.34140235517371279198641457910617785201    0.75770702193514309744407436420504012087   -0.61132943353623391801697878865726617966  0.0090434069472473128692846775332982306564
  0.75770702193514309744407436420504012087   -0.34140235517371279198641457910617785201   -0.61132943353623391801697878865726617966  0.0090434069472473128692846775332982306564
 -0.34140235517371279198641457910617785201   -0.75770702193514309744407436420504012087   -0.61132943353623391801697878865726617966  0.0090434069472473128692846775332982306564
 -0.75770702193514309744407436420504012087   -0.34140235517371279198641457910617785201   -0.61132943353623391801697878865726617966  0.0090434069472473128692846775332982306564
  0.36615042051541314625240700901540063265    0.86306023295248831188290581192202803648   -0.98645940025170679308339839142981390809  0.0046018096575535898013868872673647092303
  0.86306023295248831188290581192202803648    0.36615042051541314625240700901540063265   -0.98645940025170679308339839142981390809  0.0046018096575535898013868872673647092303
  0.36615042051541314625240700901540063265   -0.86306023295248831188290581192202803648   -0.98645940025170679308339839142981390809  0.0046018096575535898013868872673647092303
 -0.86306023295248831188290581192202803648    0.36615042051541314625240700901540063265   -0.98645940025170679308339839142981390809  0.0046018096575535898013868872673647092303
 -0.36615042051541314625240700901540063265    0.86306023295248831188290581192202803648   -0.98645940025170679308339839142981390809  0.0046018096575535898013868872673647092303
  0.86306023295248831188290581192202803648   -0.36615042051541314625240700901540063265   -0.98645940025170679308339839142981390809  0.0046018096575535898013868872673647092303
 -0.36615042051541314625240700901540063265   -0.86306023295248831188290581192202803648   -0.98645940025170679308339839142981390809  0.0046018096575535898013868872673647092303
 -0.86306023295248831188290581192202803648   -0.36615042051541314625240700901540063265   -0.98645940025170679308339839142981390809  0.0046018096575535898013868872673647092303
  0.45973875299438161992365226830904992463    0.68212663878231663912801840743237271875   -0.39426763765487375201222053939475039586  0.0059360161998855721319497137388286045191
  0.68212663878231663912801840743237271875    0.45973875299438161992365226830904992463   -0.39426763765487375201222053939475039586  0.0059360161998855721319497137388286045191
  0.45973875299438161992365226830904992463   -0.68212663878231663912801840743237271875   -0.39426763765487375201222053939475039586  0.0059360161998855721319497137388286045191
 -0.68212663878231663912801840743237271875    0.45973875299438161992365226830904992463   -0.39426763765487375201222053939475039586  0.0059360161998855721319497137388286045191
 -0.45973875299438161992365226830904992463    0.68212663878231663912801840743237271875   -0.39426763765487375201222053939475039586  0.0059360161998855721319497137388286045191
  0.68212663878231663912801840743237271875   -0.45973875299438161992365226830904992463   -0.39426763765487375201222053939475039586  0.0059360161998855721319497137388286045191
 -0.45973875299438161992365226830904992463   -0.68212663878231663912801840743237271875   -0.39426763765487375201222053939475039586  0.0059360161998855721319497137388286045191
 -0.68212663878231663912801840743237271875   -0.45973875299438161992365226830904992463   -0.39426763765487375201222053939475039586  0.0059360161998855721319497137388286045191
  0.59495799393811607496641865643896489178    0.86091060531265829337288888855340718826   -0.76921240888445243880236927220175086186  0.0060894083216931265131444211732992138351
  0.86091060531265829337288888855340718826    0.59495799393811607496641865643896489178   -0.76921240888445243880236927220175086186  0.0060894083216931265131444211732992138351
  0.59495799393811607496641865643896489178   -0.86091060531265829337288888855340718826   -0.76921240888445243880236927220175086186  0.0060894083216931265131444211732992138351
 -0.86091060531265829337288888855340718826    0.59495799393811607496641865643896489178   -0.76921240888445243880236927220175086186  0.0060894083216931265131444211732992138351
 -0.59495799393811607496641865643896489178    0.86091060531265829337288888855340718826   -0.76921240888445243880236927220175086186  0.0060894083216931265131444211732992138351
  0.86091060531265829337288888855340718826   -0.59495799393811607496641865643896489178   -0.76921240888445243880236927220175086186  0.0060894083216931265131444211732992138351
 -0.59495799393811607496641865643896489178   -0.86091060531265829337288888855340718826   -0.76921240888445243880236927220175086186  0.0060894083216931265131444211732992138351
 -0.86091060531265829337288888855340718826   -0.59495799393811607496641865643896489178   -0.76921240888445243880236927220175086186  0.0060894083216931265131444211732992138351
  0.63074495955372724716880140895488736551    0.95813765726870144948169562277407039934   -0.95549223819929492921800559878671830403  0.0032633136288654710377137677834960031614
  0.95813765726870144948169562277407039934    0.63074495955372724716880140895488736551   -0.95549223819929492921800559878671830403  0.0032633136288654710377137677834960031614
  0.63074495955372724716880140895488736551   -0.95813765726870144948169562277407039934   -0.95549223819929492921800559878671830403  0.0032633136288654710377137677834960031614
 -0.95813765726870144948169562277407039934    0.63074495955372724716880140895488736551   -0.95549223819929492921800559878671830403  0.0032633136288654710377137677834960031614
 -0.63074495955372724716880140895488736551    0.95813765726870144948169562277407039934   -0.95549223819929492921800559878671830403  0.0032633136288654710377137677834960031614
  0.95813765726870144948169562277407039934   -0.63074495955372724716880140895488736551   -0.95549223819929492921800559878671830403  0.0032633136288654710377137677834960031614
 -0.63074495955372724716880140895488736551   -0.95813765726870144948169562277407039934   -0.95549223819929492921800559878671830403  0.0032633136288654710377137677834960031614
 -0.95813765726870144948169562277407039934   -0.63074495955372724716880140895488736551   -0.95549223819929492921800559878671830403  0.0032633136288654710377137677834960031614

