                                         0                                           0   -0.78107068334731079891855444385009626132    0.17481307716398650463957077620261519412
                                         0                                           0   -0.29490569636617851561939162119368237882    0.21757338297629488099035948923051734056
                                         0                                           0    0.38077699565293207790036278182962335275    0.10269740150882587494346056184606531001
                                         0                                           0    0.82319009981258240833019427996478966469  0.0093053529498388458243606233965876777786
  0.43253111081215871471209029324625625733                                           0   0.042687849213061280474254408343992254157   0.039030941012834946551106326494412432902
                                         0    0.43253111081215871471209029324625625733   0.042687849213061280474254408343992254157   0.039030941012834946551106326494412432902
 -0.43253111081215871471209029324625625733                                           0   0.042687849213061280474254408343992254157   0.039030941012834946551106326494412432902
                                         0   -0.43253111081215871471209029324625625733   0.042687849213061280474254408343992254157   0.039030941012834946551106326494412432902
  0.71299513427241045021151357117585439331                                           0   -0.53326960234755156695050507426332890054   0.068951401958586319370557045168802856227
                                         0    0.71299513427241045021151357117585439331   -0.53326960234755156695050507426332890054   0.068951401958586319370557045168802856227
 -0.71299513427241045021151357117585439331                                           0   -0.53326960234755156695050507426332890054   0.068951401958586319370557045168802856227
                                         0   -0.71299513427241045021151357117585439331   -0.53326960234755156695050507426332890054   0.068951401958586319370557045168802856227
   0.7851136278213173266886247822702574473                                           0   -0.90504715700356665841262123934139095121   0.060321013666000944839068116521406578349
                                         0     0.7851136278213173266886247822702574473   -0.90504715700356665841262123934139095121   0.060321013666000944839068116521406578349
  -0.7851136278213173266886247822702574473                                           0   -0.90504715700356665841262123934139095121   0.060321013666000944839068116521406578349
                                         0    -0.7851136278213173266886247822702574473   -0.90504715700356665841262123934139095121   0.060321013666000944839068116521406578349
  0.23154536588076852076665857826569938774    0.23154536588076852076665857826569938774    0.49305809226566236861486136331942504331   0.012901272147502860092979930899180744751
  0.23154536588076852076665857826569938774   -0.23154536588076852076665857826569938774    0.49305809226566236861486136331942504331   0.012901272147502860092979930899180744751
 -0.23154536588076852076665857826569938774    0.23154536588076852076665857826569938774    0.49305809226566236861486136331942504331   0.012901272147502860092979930899180744751
 -0.23154536588076852076665857826569938774   -0.23154536588076852076665857826569938774    0.49305809226566236861486136331942504331   0.012901272147502860092979930899180744751
  0.36321909093489051755315777767829490615    0.36321909093489051755315777767829490615   -0.11076736528475766473582520697277807827   0.087996084803498156244406883397981024447
  0.36321909093489051755315777767829490615   -0.36321909093489051755315777767829490615   -0.11076736528475766473582520697277807827   0.087996084803498156244406883397981024447
 -0.36321909093489051755315777767829490615    0.36321909093489051755315777767829490615   -0.11076736528475766473582520697277807827   0.087996084803498156244406883397981024447
 -0.36321909093489051755315777767829490615   -0.36321909093489051755315777767829490615   -0.11076736528475766473582520697277807827   0.087996084803498156244406883397981024447
  0.39786639174384638995958799058417325516    0.39786639174384638995958799058417325516   -0.95763726683206531147656816179227069507   0.053517391790612055677061969028030307112
  0.39786639174384638995958799058417325516   -0.39786639174384638995958799058417325516   -0.95763726683206531147656816179227069507   0.053517391790612055677061969028030307112
 -0.39786639174384638995958799058417325516    0.39786639174384638995958799058417325516   -0.95763726683206531147656816179227069507   0.053517391790612055677061969028030307112
 -0.39786639174384638995958799058417325516   -0.39786639174384638995958799058417325516   -0.95763726683206531147656816179227069507   0.053517391790612055677061969028030307112
   0.4597001669380480307184646012520155098     0.4597001669380480307184646012520155098   -0.63251183363157141584078982955722353754     0.1455783651451716387384689960598590858
   0.4597001669380480307184646012520155098    -0.4597001669380480307184646012520155098   -0.63251183363157141584078982955722353754     0.1455783651451716387384689960598590858
  -0.4597001669380480307184646012520155098     0.4597001669380480307184646012520155098   -0.63251183363157141584078982955722353754     0.1455783651451716387384689960598590858
  -0.4597001669380480307184646012520155098    -0.4597001669380480307184646012520155098   -0.63251183363157141584078982955722353754     0.1455783651451716387384689960598590858
  0.72831596640120000358619816150982706942    0.72831596640120000358619816150982706942   -0.52216259056919581079816623279001658103   0.018924443413227230596354149610534970808
  0.72831596640120000358619816150982706942   -0.72831596640120000358619816150982706942   -0.52216259056919581079816623279001658103   0.018924443413227230596354149610534970808
 -0.72831596640120000358619816150982706942    0.72831596640120000358619816150982706942   -0.52216259056919581079816623279001658103   0.018924443413227230596354149610534970808
 -0.72831596640120000358619816150982706942   -0.72831596640120000358619816150982706942   -0.52216259056919581079816623279001658103   0.018924443413227230596354149610534970808
  0.63075658362880567519692841000553244757    0.89522748639543687574057805796590303996   -0.91011944018061824961682150314423316057   0.026674224539747993978612693408756142826
  0.89522748639543687574057805796590303996    0.63075658362880567519692841000553244757   -0.91011944018061824961682150314423316057   0.026674224539747993978612693408756142826
  0.63075658362880567519692841000553244757   -0.89522748639543687574057805796590303996   -0.91011944018061824961682150314423316057   0.026674224539747993978612693408756142826
 -0.89522748639543687574057805796590303996    0.63075658362880567519692841000553244757   -0.91011944018061824961682150314423316057   0.026674224539747993978612693408756142826
 -0.63075658362880567519692841000553244757    0.89522748639543687574057805796590303996   -0.91011944018061824961682150314423316057   0.026674224539747993978612693408756142826
  0.89522748639543687574057805796590303996   -0.63075658362880567519692841000553244757   -0.91011944018061824961682150314423316057   0.026674224539747993978612693408756142826
 -0.63075658362880567519692841000553244757   -0.89522748639543687574057805796590303996   -0.91011944018061824961682150314423316057   0.026674224539747993978612693408756142826
 -0.89522748639543687574057805796590303996   -0.63075658362880567519692841000553244757   -0.91011944018061824961682150314423316057   0.026674224539747993978612693408756142826

