                                          0                                            0     -0.6998511532603139186936587054694215748     0.10325320496384545258135847188405878461
                                          0                                            0    -0.43329777014537230088669576011236908866     0.07913605337618901217854115682199448053
                                          0                                            0     0.20662254547525116440254162566806262158    0.084441974809831653378423486304229934122
                                          0                                            0     0.86012948782595162414750943579093298712    0.004322085176165903808412134883404675641
   0.18129001809358696433999099159642486557                                            0     0.57125177243445705029873270959950495486    0.015864208775577723765345076774251557913
                                          0     0.18129001809358696433999099159642486557     0.57125177243445705029873270959950495486    0.015864208775577723765345076774251557913
  -0.18129001809358696433999099159642486557                                            0     0.57125177243445705029873270959950495486    0.015864208775577723765345076774251557913
                                          0    -0.18129001809358696433999099159642486557     0.57125177243445705029873270959950495486    0.015864208775577723765345076774251557913
   0.45715256224251214927083918983913745273                                            0    -0.33875545806726010291702171907309060652    0.066880415716697624013022968439035996071
                                          0     0.45715256224251214927083918983913745273    -0.33875545806726010291702171907309060652    0.066880415716697624013022968439035996071
  -0.45715256224251214927083918983913745273                                            0    -0.33875545806726010291702171907309060652    0.066880415716697624013022968439035996071
                                          0    -0.45715256224251214927083918983913745273    -0.33875545806726010291702171907309060652    0.066880415716697624013022968439035996071
    0.5032069834964131503860568010781753437                                            0  -0.0064141102553382100214026061576662913613    0.020996222121097732254192607822853444691
                                          0      0.5032069834964131503860568010781753437  -0.0064141102553382100214026061576662913613    0.020996222121097732254192607822853444691
   -0.5032069834964131503860568010781753437                                            0  -0.0064141102553382100214026061576662913613    0.020996222121097732254192607822853444691
                                          0     -0.5032069834964131503860568010781753437  -0.0064141102553382100214026061576662913613    0.020996222121097732254192607822853444691
    0.6828290630251599698923154471885878525                                            0    -0.80250169339756245424579463296364113343    0.063739626136012450773839015490732854703
                                          0      0.6828290630251599698923154471885878525    -0.80250169339756245424579463296364113343    0.063739626136012450773839015490732854703
   -0.6828290630251599698923154471885878525                                            0    -0.80250169339756245424579463296364113343    0.063739626136012450773839015490732854703
                                          0     -0.6828290630251599698923154471885878525    -0.80250169339756245424579463296364113343    0.063739626136012450773839015490732854703
   0.79105792930807742333627176681877892103                                            0    -0.99739167403851293706895954199390333272    0.014010245929361025281760479286119195053
                                          0     0.79105792930807742333627176681877892103    -0.99739167403851293706895954199390333272    0.014010245929361025281760479286119195053
  -0.79105792930807742333627176681877892103                                            0    -0.99739167403851293706895954199390333272    0.014010245929361025281760479286119195053
                                          0    -0.79105792930807742333627176681877892103    -0.99739167403851293706895954199390333272    0.014010245929361025281760479286119195053
   0.82546062511691556168389237721887791486                                            0    -0.66947262368093921168249709279416591533   0.0074104203352218351169965121946866677366
                                          0     0.82546062511691556168389237721887791486    -0.66947262368093921168249709279416591533   0.0074104203352218351169965121946866677366
  -0.82546062511691556168389237721887791486                                            0    -0.66947262368093921168249709279416591533   0.0074104203352218351169965121946866677366
                                          0    -0.82546062511691556168389237721887791486    -0.66947262368093921168249709279416591533   0.0074104203352218351169965121946866677366
   0.26545548565561193547662207455104989773     0.26545548565561193547662207455104989773    -0.15776157673845131103341353972394844956    0.056273224049026793541582527876892731375
   0.26545548565561193547662207455104989773    -0.26545548565561193547662207455104989773    -0.15776157673845131103341353972394844956    0.056273224049026793541582527876892731375
  -0.26545548565561193547662207455104989773     0.26545548565561193547662207455104989773    -0.15776157673845131103341353972394844956    0.056273224049026793541582527876892731375
  -0.26545548565561193547662207455104989773    -0.26545548565561193547662207455104989773    -0.15776157673845131103341353972394844956    0.056273224049026793541582527876892731375
   0.28140400847839839256909216099312458614     0.28140400847839839256909216099312458614     0.20283215612201528961124361309653222009    0.035618100695027810901726464212134415371
   0.28140400847839839256909216099312458614    -0.28140400847839839256909216099312458614     0.20283215612201528961124361309653222009    0.035618100695027810901726464212134415371
  -0.28140400847839839256909216099312458614     0.28140400847839839256909216099312458614     0.20283215612201528961124361309653222009    0.035618100695027810901726464212134415371
  -0.28140400847839839256909216099312458614    -0.28140400847839839256909216099312458614     0.20283215612201528961124361309653222009    0.035618100695027810901726464212134415371
   0.29275607799135880518697108044911088951     0.29275607799135880518697108044911088951    -0.93598257767571287690237498428902370301    0.050844534931964438505675206981108852925
   0.29275607799135880518697108044911088951    -0.29275607799135880518697108044911088951    -0.93598257767571287690237498428902370301    0.050844534931964438505675206981108852925
  -0.29275607799135880518697108044911088951     0.29275607799135880518697108044911088951    -0.93598257767571287690237498428902370301    0.050844534931964438505675206981108852925
  -0.29275607799135880518697108044911088951    -0.29275607799135880518697108044911088951    -0.93598257767571287690237498428902370301    0.050844534931964438505675206981108852925
    0.4165678575502150352872871463921203131      0.4165678575502150352872871463921203131    -0.66944769576246448901914368448890270265    0.083441963085097464571212932705516160438
    0.4165678575502150352872871463921203131     -0.4165678575502150352872871463921203131    -0.66944769576246448901914368448890270265    0.083441963085097464571212932705516160438
   -0.4165678575502150352872871463921203131      0.4165678575502150352872871463921203131    -0.66944769576246448901914368448890270265    0.083441963085097464571212932705516160438
   -0.4165678575502150352872871463921203131     -0.4165678575502150352872871463921203131    -0.66944769576246448901914368448890270265    0.083441963085097464571212932705516160438
   0.54496222177762402579116348461289154509     0.54496222177762402579116348461289154509    -0.27102690817748430456531089939316536657    0.027288483918075103932506161797409297728
   0.54496222177762402579116348461289154509    -0.54496222177762402579116348461289154509    -0.27102690817748430456531089939316536657    0.027288483918075103932506161797409297728
  -0.54496222177762402579116348461289154509     0.54496222177762402579116348461289154509    -0.27102690817748430456531089939316536657    0.027288483918075103932506161797409297728
  -0.54496222177762402579116348461289154509    -0.54496222177762402579116348461289154509    -0.27102690817748430456531089939316536657    0.027288483918075103932506161797409297728
   0.65554668907029887843964561507801292153     0.65554668907029887843964561507801292153    -0.93842470289395882257514070808489687775    0.031389992141497547928914388861303290687
   0.65554668907029887843964561507801292153    -0.65554668907029887843964561507801292153    -0.93842470289395882257514070808489687775    0.031389992141497547928914388861303290687
  -0.65554668907029887843964561507801292153     0.65554668907029887843964561507801292153    -0.93842470289395882257514070808489687775    0.031389992141497547928914388861303290687
  -0.65554668907029887843964561507801292153    -0.65554668907029887843964561507801292153    -0.93842470289395882257514070808489687775    0.031389992141497547928914388861303290687
   0.77915126544069932979764665878589184331     0.77915126544069932979764665878589184331    -0.76544487826342943914191716469249290543    0.024357237897198603733070201116539380098
   0.77915126544069932979764665878589184331    -0.77915126544069932979764665878589184331    -0.76544487826342943914191716469249290543    0.024357237897198603733070201116539380098
  -0.77915126544069932979764665878589184331     0.77915126544069932979764665878589184331    -0.76544487826342943914191716469249290543    0.024357237897198603733070201116539380098
  -0.77915126544069932979764665878589184331    -0.77915126544069932979764665878589184331    -0.76544487826342943914191716469249290543    0.024357237897198603733070201116539380098
   0.93230985655230123436553828258255097965     0.93230985655230123436553828258255097965     -0.9999999999782403692541199141764988361   0.0028052718160939131085403558209436552084
   0.93230985655230123436553828258255097965    -0.93230985655230123436553828258255097965     -0.9999999999782403692541199141764988361   0.0028052718160939131085403558209436552084
  -0.93230985655230123436553828258255097965     0.93230985655230123436553828258255097965     -0.9999999999782403692541199141764988361   0.0028052718160939131085403558209436552084
  -0.93230985655230123436553828258255097965    -0.93230985655230123436553828258255097965     -0.9999999999782403692541199141764988361   0.0028052718160939131085403558209436552084
   0.35661012380479153846820888098032462057     0.70759140493279995371630922898696866422    -0.53518084012856623801978516236249086236    0.032610208552217733959050240802897718606
   0.70759140493279995371630922898696866422     0.35661012380479153846820888098032462057    -0.53518084012856623801978516236249086236    0.032610208552217733959050240802897718606
   0.35661012380479153846820888098032462057    -0.70759140493279995371630922898696866422    -0.53518084012856623801978516236249086236    0.032610208552217733959050240802897718606
  -0.70759140493279995371630922898696866422     0.35661012380479153846820888098032462057    -0.53518084012856623801978516236249086236    0.032610208552217733959050240802897718606
  -0.35661012380479153846820888098032462057     0.70759140493279995371630922898696866422    -0.53518084012856623801978516236249086236    0.032610208552217733959050240802897718606
   0.70759140493279995371630922898696866422    -0.35661012380479153846820888098032462057    -0.53518084012856623801978516236249086236    0.032610208552217733959050240802897718606
  -0.35661012380479153846820888098032462057    -0.70759140493279995371630922898696866422    -0.53518084012856623801978516236249086236    0.032610208552217733959050240802897718606
  -0.70759140493279995371630922898696866422    -0.35661012380479153846820888098032462057    -0.53518084012856623801978516236249086236    0.032610208552217733959050240802897718606
   0.42091232372299489231411360516364521378     0.91955496892835420658429578436197961038    -0.91216639373015210982892407622328335364    0.016368986216386562916748736603960880365
   0.91955496892835420658429578436197961038     0.42091232372299489231411360516364521378    -0.91216639373015210982892407622328335364    0.016368986216386562916748736603960880365
   0.42091232372299489231411360516364521378    -0.91955496892835420658429578436197961038    -0.91216639373015210982892407622328335364    0.016368986216386562916748736603960880365
  -0.91955496892835420658429578436197961038     0.42091232372299489231411360516364521378    -0.91216639373015210982892407622328335364    0.016368986216386562916748736603960880365
  -0.42091232372299489231411360516364521378     0.91955496892835420658429578436197961038    -0.91216639373015210982892407622328335364    0.016368986216386562916748736603960880365
   0.91955496892835420658429578436197961038    -0.42091232372299489231411360516364521378    -0.91216639373015210982892407622328335364    0.016368986216386562916748736603960880365
  -0.42091232372299489231411360516364521378    -0.91955496892835420658429578436197961038    -0.91216639373015210982892407622328335364    0.016368986216386562916748736603960880365
  -0.91955496892835420658429578436197961038    -0.42091232372299489231411360516364521378    -0.91216639373015210982892407622328335364    0.016368986216386562916748736603960880365

