                                          0                                            0    -0.97639273215858482173151625393449625857    0.022372626390373520212754811403200313407
                                          0                                            0    -0.70135839583591805201285634235669614597    0.059840460619753204380222416428148818691
                                          0                                            0    -0.39616578587493263261693191627732153833    0.069548382430636511187168354177389067188
                                          0                                            0  0.00075577140456857019962834163676592877724    0.055412250561268139002397143344545616501
                                          0                                            0     0.41222918361810162835975011693722068471    0.023912770437083619043198246812206868874
                                          0                                            0     0.88924345589366158478585661793329528899   0.0019394097914340133626450329750008938307
   0.13713368853787214693342226960869125589                                            0     0.68222921124344567744740022323286427463   0.0063273169145597682558788867372533340122
                                          0     0.13713368853787214693342226960869125589     0.68222921124344567744740022323286427463   0.0063273169145597682558788867372533340122
  -0.13713368853787214693342226960869125589                                            0     0.68222921124344567744740022323286427463   0.0063273169145597682558788867372533340122
                                          0    -0.13713368853787214693342226960869125589     0.68222921124344567744740022323286427463   0.0063273169145597682558788867372533340122
   0.36025686337935866758666171037971550393                                            0     0.20856518847961951389635395947647616816    0.016681946267935295499282200381357777721
                                          0     0.36025686337935866758666171037971550393     0.20856518847961951389635395947647616816    0.016681946267935295499282200381357777721
  -0.36025686337935866758666171037971550393                                            0     0.20856518847961951389635395947647616816    0.016681946267935295499282200381357777721
                                          0    -0.36025686337935866758666171037971550393     0.20856518847961951389635395947647616816    0.016681946267935295499282200381357777721
   0.41204864192415389077118280598404939788                                            0    -0.87866991662393150910226269862018939872     0.04533095369168318862485158989740721333
                                          0     0.41204864192415389077118280598404939788    -0.87866991662393150910226269862018939872     0.04533095369168318862485158989740721333
  -0.41204864192415389077118280598404939788                                            0    -0.87866991662393150910226269862018939872     0.04533095369168318862485158989740721333
                                          0    -0.41204864192415389077118280598404939788    -0.87866991662393150910226269862018939872     0.04533095369168318862485158989740721333
   0.47240370551100877930402789965970216813                                            0    -0.21193514668399666219260767321276252606    0.039866482089169358428211000708239051534
                                          0     0.47240370551100877930402789965970216813    -0.21193514668399666219260767321276252606    0.039866482089169358428211000708239051534
  -0.47240370551100877930402789965970216813                                            0    -0.21193514668399666219260767321276252606    0.039866482089169358428211000708239051534
                                          0    -0.47240370551100877930402789965970216813    -0.21193514668399666219260767321276252606    0.039866482089169358428211000708239051534
    0.5966200585085766872320004279143962072                                            0    -0.60572694408954572212189312492073753672    0.050293309554194810904631117845419219636
                                          0      0.5966200585085766872320004279143962072    -0.60572694408954572212189312492073753672    0.050293309554194810904631117845419219636
   -0.5966200585085766872320004279143962072                                            0    -0.60572694408954572212189312492073753672    0.050293309554194810904631117845419219636
                                          0     -0.5966200585085766872320004279143962072    -0.60572694408954572212189312492073753672    0.050293309554194810904631117845419219636
   0.74851562533295201436613473924923931145                                            0    -0.99477803528691817321283890065439505481   0.0085008093799630871255613797610993845488
                                          0     0.74851562533295201436613473924923931145    -0.99477803528691817321283890065439505481   0.0085008093799630871255613797610993845488
  -0.74851562533295201436613473924923931145                                            0    -0.99477803528691817321283890065439505481   0.0085008093799630871255613797610993845488
                                          0    -0.74851562533295201436613473924923931145    -0.99477803528691817321283890065439505481   0.0085008093799630871255613797610993845488
   0.89379898465861056975668325827665135033                                            0    -0.86871887309243750642235954244705744018    0.013993745210306761770393677891739249726
                                          0     0.89379898465861056975668325827665135033    -0.86871887309243750642235954244705744018    0.013993745210306761770393677891739249726
  -0.89379898465861056975668325827665135033                                            0    -0.86871887309243750642235954244705744018    0.013993745210306761770393677891739249726
                                          0    -0.89379898465861056975668325827665135033    -0.86871887309243750642235954244705744018    0.013993745210306761770393677891739249726
   0.16086035445142705466729783324227463976     0.16086035445142705466729783324227463976     0.41239079682834481612917642851121443749    0.013795365667888839762620076813525998877
   0.16086035445142705466729783324227463976    -0.16086035445142705466729783324227463976     0.41239079682834481612917642851121443749    0.013795365667888839762620076813525998877
  -0.16086035445142705466729783324227463976     0.16086035445142705466729783324227463976     0.41239079682834481612917642851121443749    0.013795365667888839762620076813525998877
  -0.16086035445142705466729783324227463976    -0.16086035445142705466729783324227463976     0.41239079682834481612917642851121443749    0.013795365667888839762620076813525998877
   0.23754975746640955456941221649108446804     0.23754975746640955456941221649108446804    0.052355880471041077465398675697532590003    0.036189967540632973016235428933050379613
   0.23754975746640955456941221649108446804    -0.23754975746640955456941221649108446804    0.052355880471041077465398675697532590003    0.036189967540632973016235428933050379613
  -0.23754975746640955456941221649108446804     0.23754975746640955456941221649108446804    0.052355880471041077465398675697532590003    0.036189967540632973016235428933050379613
  -0.23754975746640955456941221649108446804    -0.23754975746640955456941221649108446804    0.052355880471041077465398675697532590003    0.036189967540632973016235428933050379613
   0.27283289778814874017975990090220154586     0.27283289778814874017975990090220154586     0.37685708149794452142869551487303105831   0.0053118021840794553993812191492910555732
   0.27283289778814874017975990090220154586    -0.27283289778814874017975990090220154586     0.37685708149794452142869551487303105831   0.0053118021840794553993812191492910555732
  -0.27283289778814874017975990090220154586     0.27283289778814874017975990090220154586     0.37685708149794452142869551487303105831   0.0053118021840794553993812191492910555732
  -0.27283289778814874017975990090220154586    -0.27283289778814874017975990090220154586     0.37685708149794452142869551487303105831   0.0053118021840794553993812191492910555732
   0.29629484618390710513482956392481340498     0.29629484618390710513482956392481340498    -0.35326680605263800183153452648560715531    0.054768548169740569754686877096477888162
   0.29629484618390710513482956392481340498    -0.29629484618390710513482956392481340498    -0.35326680605263800183153452648560715531    0.054768548169740569754686877096477888162
  -0.29629484618390710513482956392481340498     0.29629484618390710513482956392481340498    -0.35326680605263800183153452648560715531    0.054768548169740569754686877096477888162
  -0.29629484618390710513482956392481340498    -0.29629484618390710513482956392481340498    -0.35326680605263800183153452648560715531    0.054768548169740569754686877096477888162
   0.33571592081666739354611448513390551554     0.33571592081666739354611448513390551554    -0.67223751830602153664341253260026618452    0.052672163770663607029928238690144995872
   0.33571592081666739354611448513390551554    -0.33571592081666739354611448513390551554    -0.67223751830602153664341253260026618452    0.052672163770663607029928238690144995872
  -0.33571592081666739354611448513390551554     0.33571592081666739354611448513390551554    -0.67223751830602153664341253260026618452    0.052672163770663607029928238690144995872
  -0.33571592081666739354611448513390551554    -0.33571592081666739354611448513390551554    -0.67223751830602153664341253260026618452    0.052672163770663607029928238690144995872
   0.41479600204112482318047979865648402075     0.41479600204112482318047979865648402075    -0.97702964419113700879063956266781001868    0.017040163422168698258744723128947715682
   0.41479600204112482318047979865648402075    -0.41479600204112482318047979865648402075    -0.97702964419113700879063956266781001868    0.017040163422168698258744723128947715682
  -0.41479600204112482318047979865648402075     0.41479600204112482318047979865648402075    -0.97702964419113700879063956266781001868    0.017040163422168698258744723128947715682
  -0.41479600204112482318047979865648402075    -0.41479600204112482318047979865648402075    -0.97702964419113700879063956266781001868    0.017040163422168698258744723128947715682
   0.45124791924514077223484657667207742286     0.45124791924514077223484657667207742286   -0.029278899507549941596506466619793871339   0.0075882141689690344756720118184866734092
   0.45124791924514077223484657667207742286    -0.45124791924514077223484657667207742286   -0.029278899507549941596506466619793871339   0.0075882141689690344756720118184866734092
  -0.45124791924514077223484657667207742286     0.45124791924514077223484657667207742286   -0.029278899507549941596506466619793871339   0.0075882141689690344756720118184866734092
  -0.45124791924514077223484657667207742286    -0.45124791924514077223484657667207742286   -0.029278899507549941596506466619793871339   0.0075882141689690344756720118184866734092
   0.56456809761930713769797432628842322542     0.56456809761930713769797432628842322542    -0.44489099745449498668197012022330425979     0.03036357371566720329476587093743126759
   0.56456809761930713769797432628842322542    -0.56456809761930713769797432628842322542    -0.44489099745449498668197012022330425979     0.03036357371566720329476587093743126759
  -0.56456809761930713769797432628842322542     0.56456809761930713769797432628842322542    -0.44489099745449498668197012022330425979     0.03036357371566720329476587093743126759
  -0.56456809761930713769797432628842322542    -0.56456809761930713769797432628842322542    -0.44489099745449498668197012022330425979     0.03036357371566720329476587093743126759
   0.60604141915053567630135597805792139075     0.60604141915053567630135597805792139075    -0.74062598958660683020784109682205448379    0.023947127238502016704515849986612598841
   0.60604141915053567630135597805792139075    -0.60604141915053567630135597805792139075    -0.74062598958660683020784109682205448379    0.023947127238502016704515849986612598841
  -0.60604141915053567630135597805792139075     0.60604141915053567630135597805792139075    -0.74062598958660683020784109682205448379    0.023947127238502016704515849986612598841
  -0.60604141915053567630135597805792139075    -0.60604141915053567630135597805792139075    -0.74062598958660683020784109682205448379    0.023947127238502016704515849986612598841
   0.71829928365472150219016956655611176755     0.71829928365472150219016956655611176755     -0.4622937234164738743837770516341227878   0.0031226199801562618209752658567208487267
   0.71829928365472150219016956655611176755    -0.71829928365472150219016956655611176755     -0.4622937234164738743837770516341227878   0.0031226199801562618209752658567208487267
  -0.71829928365472150219016956655611176755     0.71829928365472150219016956655611176755     -0.4622937234164738743837770516341227878   0.0031226199801562618209752658567208487267
  -0.71829928365472150219016956655611176755    -0.71829928365472150219016956655611176755     -0.4622937234164738743837770516341227878   0.0031226199801562618209752658567208487267
   0.72603430119639472478676952257894829813     0.72603430119639472478676952257894829813    -0.96917788911446894496210110290516366685    0.010476283526572292908169523218562762492
   0.72603430119639472478676952257894829813    -0.72603430119639472478676952257894829813    -0.96917788911446894496210110290516366685    0.010476283526572292908169523218562762492
  -0.72603430119639472478676952257894829813     0.72603430119639472478676952257894829813    -0.96917788911446894496210110290516366685    0.010476283526572292908169523218562762492
  -0.72603430119639472478676952257894829813    -0.72603430119639472478676952257894829813    -0.96917788911446894496210110290516366685    0.010476283526572292908169523218562762492
   0.81867085969659320336387343664528304075     0.81867085969659320336387343664528304075    -0.78671715082692903959500461242653719834   0.0072572081426221263003557889839177519918
   0.81867085969659320336387343664528304075    -0.81867085969659320336387343664528304075    -0.78671715082692903959500461242653719834   0.0072572081426221263003557889839177519918
  -0.81867085969659320336387343664528304075     0.81867085969659320336387343664528304075    -0.78671715082692903959500461242653719834   0.0072572081426221263003557889839177519918
  -0.81867085969659320336387343664528304075    -0.81867085969659320336387343664528304075    -0.78671715082692903959500461242653719834   0.0072572081426221263003557889839177519918
   0.91812786770947426877835765836985707665     0.91812786770947426877835765836985707665    -0.96388421946951470598609774853037594725   0.0027794085656532125671774767204282650086
   0.91812786770947426877835765836985707665    -0.91812786770947426877835765836985707665    -0.96388421946951470598609774853037594725   0.0027794085656532125671774767204282650086
  -0.91812786770947426877835765836985707665     0.91812786770947426877835765836985707665    -0.96388421946951470598609774853037594725   0.0027794085656532125671774767204282650086
  -0.91812786770947426877835765836985707665    -0.91812786770947426877835765836985707665    -0.96388421946951470598609774853037594725   0.0027794085656532125671774767204282650086
   0.26953389302703074324586573612526517775     0.66201662997897328407599921552919164086    -0.37454661856654287767128719387118239091    0.011593703347330262628762927692892910039
   0.66201662997897328407599921552919164086     0.26953389302703074324586573612526517775    -0.37454661856654287767128719387118239091    0.011593703347330262628762927692892910039
   0.26953389302703074324586573612526517775    -0.66201662997897328407599921552919164086    -0.37454661856654287767128719387118239091    0.011593703347330262628762927692892910039
  -0.66201662997897328407599921552919164086     0.26953389302703074324586573612526517775    -0.37454661856654287767128719387118239091    0.011593703347330262628762927692892910039
  -0.26953389302703074324586573612526517775     0.66201662997897328407599921552919164086    -0.37454661856654287767128719387118239091    0.011593703347330262628762927692892910039
   0.66201662997897328407599921552919164086    -0.26953389302703074324586573612526517775    -0.37454661856654287767128719387118239091    0.011593703347330262628762927692892910039
  -0.26953389302703074324586573612526517775    -0.66201662997897328407599921552919164086    -0.37454661856654287767128719387118239091    0.011593703347330262628762927692892910039
  -0.66201662997897328407599921552919164086    -0.26953389302703074324586573612526517775    -0.37454661856654287767128719387118239091    0.011593703347330262628762927692892910039
   0.30607825193691664460420831373048396205     0.77709169343674191025902072866388882082     -0.6501918343041537272742885482753743857    0.015481817481083686029440537674517115999
   0.77709169343674191025902072866388882082     0.30607825193691664460420831373048396205     -0.6501918343041537272742885482753743857    0.015481817481083686029440537674517115999
   0.30607825193691664460420831373048396205    -0.77709169343674191025902072866388882082     -0.6501918343041537272742885482753743857    0.015481817481083686029440537674517115999
  -0.77709169343674191025902072866388882082     0.30607825193691664460420831373048396205     -0.6501918343041537272742885482753743857    0.015481817481083686029440537674517115999
  -0.30607825193691664460420831373048396205     0.77709169343674191025902072866388882082     -0.6501918343041537272742885482753743857    0.015481817481083686029440537674517115999
   0.77709169343674191025902072866388882082    -0.30607825193691664460420831373048396205     -0.6501918343041537272742885482753743857    0.015481817481083686029440537674517115999
  -0.30607825193691664460420831373048396205    -0.77709169343674191025902072866388882082     -0.6501918343041537272742885482753743857    0.015481817481083686029440537674517115999
  -0.77709169343674191025902072866388882082    -0.30607825193691664460420831373048396205     -0.6501918343041537272742885482753743857    0.015481817481083686029440537674517115999
   0.32381198515541609294033215189045690695     0.51156515458572857660055944243153841776   -0.083781702830933539543729605970059495619   0.0091976179668624673658226482106641348927
   0.51156515458572857660055944243153841776     0.32381198515541609294033215189045690695   -0.083781702830933539543729605970059495619   0.0091976179668624673658226482106641348927
   0.32381198515541609294033215189045690695    -0.51156515458572857660055944243153841776   -0.083781702830933539543729605970059495619   0.0091976179668624673658226482106641348927
  -0.51156515458572857660055944243153841776     0.32381198515541609294033215189045690695   -0.083781702830933539543729605970059495619   0.0091976179668624673658226482106641348927
  -0.32381198515541609294033215189045690695     0.51156515458572857660055944243153841776   -0.083781702830933539543729605970059495619   0.0091976179668624673658226482106641348927
   0.51156515458572857660055944243153841776    -0.32381198515541609294033215189045690695   -0.083781702830933539543729605970059495619   0.0091976179668624673658226482106641348927
  -0.32381198515541609294033215189045690695    -0.51156515458572857660055944243153841776   -0.083781702830933539543729605970059495619   0.0091976179668624673658226482106641348927
  -0.51156515458572857660055944243153841776    -0.32381198515541609294033215189045690695   -0.083781702830933539543729605970059495619   0.0091976179668624673658226482106641348927
    0.3379388760248286923810905725310937381     0.71989157232431050396969145101994644829    -0.87747533232391512467998849816833622394     0.02883450925687842977542250206965462819
   0.71989157232431050396969145101994644829      0.3379388760248286923810905725310937381    -0.87747533232391512467998849816833622394     0.02883450925687842977542250206965462819
    0.3379388760248286923810905725310937381    -0.71989157232431050396969145101994644829    -0.87747533232391512467998849816833622394     0.02883450925687842977542250206965462819
  -0.71989157232431050396969145101994644829      0.3379388760248286923810905725310937381    -0.87747533232391512467998849816833622394     0.02883450925687842977542250206965462819
   -0.3379388760248286923810905725310937381     0.71989157232431050396969145101994644829    -0.87747533232391512467998849816833622394     0.02883450925687842977542250206965462819
   0.71989157232431050396969145101994644829     -0.3379388760248286923810905725310937381    -0.87747533232391512467998849816833622394     0.02883450925687842977542250206965462819
   -0.3379388760248286923810905725310937381    -0.71989157232431050396969145101994644829    -0.87747533232391512467998849816833622394     0.02883450925687842977542250206965462819
  -0.71989157232431050396969145101994644829     -0.3379388760248286923810905725310937381    -0.87747533232391512467998849816833622394     0.02883450925687842977542250206965462819
   0.34169922140460007595216120497359134274     0.94096031294084636332399515414066229941    -0.98724331471649342626678574686322025205   0.0036506788599924691107083092290993757778
   0.94096031294084636332399515414066229941     0.34169922140460007595216120497359134274    -0.98724331471649342626678574686322025205   0.0036506788599924691107083092290993757778
   0.34169922140460007595216120497359134274    -0.94096031294084636332399515414066229941    -0.98724331471649342626678574686322025205   0.0036506788599924691107083092290993757778
  -0.94096031294084636332399515414066229941     0.34169922140460007595216120497359134274    -0.98724331471649342626678574686322025205   0.0036506788599924691107083092290993757778
  -0.34169922140460007595216120497359134274     0.94096031294084636332399515414066229941    -0.98724331471649342626678574686322025205   0.0036506788599924691107083092290993757778
   0.94096031294084636332399515414066229941    -0.34169922140460007595216120497359134274    -0.98724331471649342626678574686322025205   0.0036506788599924691107083092290993757778
  -0.34169922140460007595216120497359134274    -0.94096031294084636332399515414066229941    -0.98724331471649342626678574686322025205   0.0036506788599924691107083092290993757778
  -0.94096031294084636332399515414066229941    -0.34169922140460007595216120497359134274    -0.98724331471649342626678574686322025205   0.0036506788599924691107083092290993757778
   0.60258113291260103170242600973152748978     0.83438675617450634725018147313953035188    -0.73948146480898032144479673417743105863   0.0063653440286649776619251292600820633339
   0.83438675617450634725018147313953035188     0.60258113291260103170242600973152748978    -0.73948146480898032144479673417743105863   0.0063653440286649776619251292600820633339
   0.60258113291260103170242600973152748978    -0.83438675617450634725018147313953035188    -0.73948146480898032144479673417743105863   0.0063653440286649776619251292600820633339
  -0.83438675617450634725018147313953035188     0.60258113291260103170242600973152748978    -0.73948146480898032144479673417743105863   0.0063653440286649776619251292600820633339
  -0.60258113291260103170242600973152748978     0.83438675617450634725018147313953035188    -0.73948146480898032144479673417743105863   0.0063653440286649776619251292600820633339
   0.83438675617450634725018147313953035188    -0.60258113291260103170242600973152748978    -0.73948146480898032144479673417743105863   0.0063653440286649776619251292600820633339
  -0.60258113291260103170242600973152748978    -0.83438675617450634725018147313953035188    -0.73948146480898032144479673417743105863   0.0063653440286649776619251292600820633339
  -0.83438675617450634725018147313953035188    -0.60258113291260103170242600973152748978    -0.73948146480898032144479673417743105863   0.0063653440286649776619251292600820633339
   0.62907565116426002406517527107902604327     0.92433411081598948799779853714751446525    -0.92626676019817950291578797863291174466   0.0059279202631381339116839262758049416162
   0.92433411081598948799779853714751446525     0.62907565116426002406517527107902604327    -0.92626676019817950291578797863291174466   0.0059279202631381339116839262758049416162
   0.62907565116426002406517527107902604327    -0.92433411081598948799779853714751446525    -0.92626676019817950291578797863291174466   0.0059279202631381339116839262758049416162
  -0.92433411081598948799779853714751446525     0.62907565116426002406517527107902604327    -0.92626676019817950291578797863291174466   0.0059279202631381339116839262758049416162
  -0.62907565116426002406517527107902604327     0.92433411081598948799779853714751446525    -0.92626676019817950291578797863291174466   0.0059279202631381339116839262758049416162
   0.92433411081598948799779853714751446525    -0.62907565116426002406517527107902604327    -0.92626676019817950291578797863291174466   0.0059279202631381339116839262758049416162
  -0.62907565116426002406517527107902604327    -0.92433411081598948799779853714751446525    -0.92626676019817950291578797863291174466   0.0059279202631381339116839262758049416162
  -0.92433411081598948799779853714751446525    -0.62907565116426002406517527107902604327    -0.92626676019817950291578797863291174466   0.0059279202631381339116839262758049416162

