                                          0                                            0    -0.98713897032951417909990010129846071294   0.0057371390480431826680568268098441888071
                                          0                                            0     0.78827181826524305558651276814261823866   0.0019157267140684195605638521873876837811
   0.10973712262332754733723940673547235283                                            0     0.42488308244449665766942876374565939858   0.0055460159232015106325116271896741912927
                                          0     0.10973712262332754733723940673547235283     0.42488308244449665766942876374565939858   0.0055460159232015106325116271896741912927
  -0.10973712262332754733723940673547235283                                            0     0.42488308244449665766942876374565939858   0.0055460159232015106325116271896741912927
                                          0    -0.10973712262332754733723940673547235283     0.42488308244449665766942876374565939858   0.0055460159232015106325116271896741912927
   0.18719394576278360316721574832652580958                                            0     0.59127242882687610966249720823197889136   0.0021879113766358548078993124958786866819
                                          0     0.18719394576278360316721574832652580958     0.59127242882687610966249720823197889136   0.0021879113766358548078993124958786866819
  -0.18719394576278360316721574832652580958                                            0     0.59127242882687610966249720823197889136   0.0021879113766358548078993124958786866819
                                          0    -0.18719394576278360316721574832652580958     0.59127242882687610966249720823197889136   0.0021879113766358548078993124958786866819
   0.22499100007627435191637280039804902419                                            0    -0.30065570082572667057312064755174789608    0.023765412581969534052940323031451531496
                                          0     0.22499100007627435191637280039804902419    -0.30065570082572667057312064755174789608    0.023765412581969534052940323031451531496
  -0.22499100007627435191637280039804902419                                            0    -0.30065570082572667057312064755174789608    0.023765412581969534052940323031451531496
                                          0    -0.22499100007627435191637280039804902419    -0.30065570082572667057312064755174789608    0.023765412581969534052940323031451531496
   0.24283856989698575535996047413050130476                                            0    -0.74436269782388839080052901751622405421    0.021411441554960039681520304772860983059
                                          0     0.24283856989698575535996047413050130476    -0.74436269782388839080052901751622405421    0.021411441554960039681520304772860983059
  -0.24283856989698575535996047413050130476                                            0    -0.74436269782388839080052901751622405421    0.021411441554960039681520304772860983059
                                          0    -0.24283856989698575535996047413050130476    -0.74436269782388839080052901751622405421    0.021411441554960039681520304772860983059
     0.328934959947746639483012599610532612                                            0     0.10870503219348498722882425904422967878    0.009220801350795515812253534185028714272
                                          0       0.328934959947746639483012599610532612     0.10870503219348498722882425904422967878    0.009220801350795515812253534185028714272
    -0.328934959947746639483012599610532612                                            0     0.10870503219348498722882425904422967878    0.009220801350795515812253534185028714272
                                          0      -0.328934959947746639483012599610532612     0.10870503219348498722882425904422967878    0.009220801350795515812253534185028714272
   0.41329546441574039281963287165903454344                                            0    -0.96884694743850974323018557513609492137   0.0060698284062553068819799989455823181319
                                          0     0.41329546441574039281963287165903454344    -0.96884694743850974323018557513609492137   0.0060698284062553068819799989455823181319
  -0.41329546441574039281963287165903454344                                            0    -0.96884694743850974323018557513609492137   0.0060698284062553068819799989455823181319
                                          0    -0.41329546441574039281963287165903454344    -0.96884694743850974323018557513609492137   0.0060698284062553068819799989455823181319
   0.49055389943321309105950831354163838824                                            0     -0.8884462451735373889507171099147988011   0.0066147171598630519625016177425912523655
                                          0     0.49055389943321309105950831354163838824     -0.8884462451735373889507171099147988011   0.0066147171598630519625016177425912523655
  -0.49055389943321309105950831354163838824                                            0     -0.8884462451735373889507171099147988011   0.0066147171598630519625016177425912523655
                                          0    -0.49055389943321309105950831354163838824     -0.8884462451735373889507171099147988011   0.0066147171598630519625016177425912523655
   0.50906037837745062558737344281926735526                                            0    -0.41039262561522614736925620086586391729   0.0098388793808587114963882548265105285759
                                          0     0.50906037837745062558737344281926735526    -0.41039262561522614736925620086586391729   0.0098388793808587114963882548265105285759
  -0.50906037837745062558737344281926735526                                            0    -0.41039262561522614736925620086586391729   0.0098388793808587114963882548265105285759
                                          0    -0.50906037837745062558737344281926735526    -0.41039262561522614736925620086586391729   0.0098388793808587114963882548265105285759
   0.52859587893056172335604301426535350705                                            0   -0.094385703256970818827194187073644680098   0.0050110631779565940548873036394716875694
                                          0     0.52859587893056172335604301426535350705   -0.094385703256970818827194187073644680098   0.0050110631779565940548873036394716875694
  -0.52859587893056172335604301426535350705                                            0   -0.094385703256970818827194187073644680098   0.0050110631779565940548873036394716875694
                                          0    -0.52859587893056172335604301426535350705   -0.094385703256970818827194187073644680098   0.0050110631779565940548873036394716875694
   0.65417451648400737002538939341264142607                                            0    -0.97528354687276091313210296596613700862   0.0037052810512724388139867039728064165862
                                          0     0.65417451648400737002538939341264142607    -0.97528354687276091313210296596613700862   0.0037052810512724388139867039728064165862
  -0.65417451648400737002538939341264142607                                            0    -0.97528354687276091313210296596613700862   0.0037052810512724388139867039728064165862
                                          0    -0.65417451648400737002538939341264142607    -0.97528354687276091313210296596613700862   0.0037052810512724388139867039728064165862
   0.68868984779212845815114287412539099952                                            0    -0.41495471282632397297940448654855674658   0.0047999063614024344538627762877599412632
                                          0     0.68868984779212845815114287412539099952    -0.41495471282632397297940448654855674658   0.0047999063614024344538627762877599412632
  -0.68868984779212845815114287412539099952                                            0    -0.41495471282632397297940448654855674658   0.0047999063614024344538627762877599412632
                                          0    -0.68868984779212845815114287412539099952    -0.41495471282632397297940448654855674658   0.0047999063614024344538627762877599412632
     0.756325162472947003471361137997073139                                            0    -0.88189295126765241494712463815151202748   0.0080729613107770929188492662202938376886
                                          0       0.756325162472947003471361137997073139    -0.88189295126765241494712463815151202748   0.0080729613107770929188492662202938376886
    -0.756325162472947003471361137997073139                                            0    -0.88189295126765241494712463815151202748   0.0080729613107770929188492662202938376886
                                          0      -0.756325162472947003471361137997073139    -0.88189295126765241494712463815151202748   0.0080729613107770929188492662202938376886
   0.84681263118448589259190166408628657222                                            0     -0.6941137440303351346395708058356589038   0.0022244495866011937640261880963812120914
                                          0     0.84681263118448589259190166408628657222     -0.6941137440303351346395708058356589038   0.0022244495866011937640261880963812120914
  -0.84681263118448589259190166408628657222                                            0     -0.6941137440303351346395708058356589038   0.0022244495866011937640261880963812120914
                                          0    -0.84681263118448589259190166408628657222     -0.6941137440303351346395708058356589038   0.0022244495866011937640261880963812120914
    0.8882229839189745478044054125619540814                                            0    -0.87943334146618210639677480888916641184   0.0036473887902300280887930136962403208063
                                          0      0.8882229839189745478044054125619540814    -0.87943334146618210639677480888916641184   0.0036473887902300280887930136962403208063
   -0.8882229839189745478044054125619540814                                            0    -0.87943334146618210639677480888916641184   0.0036473887902300280887930136962403208063
                                          0     -0.8882229839189745478044054125619540814    -0.87943334146618210639677480888916641184   0.0036473887902300280887930136962403208063
   0.97135128908852678342594197629973514795                                            0    -0.97747009234265325423381487027893787735   0.0012577608749798202971632417123633890928
                                          0     0.97135128908852678342594197629973514795    -0.97747009234265325423381487027893787735   0.0012577608749798202971632417123633890928
  -0.97135128908852678342594197629973514795                                            0    -0.97747009234265325423381487027893787735   0.0012577608749798202971632417123633890928
                                          0    -0.97135128908852678342594197629973514795    -0.97747009234265325423381487027893787735   0.0012577608749798202971632417123633890928
  0.022249452504064412874359579541883223397    0.022249452504064412874359579541883223397     0.92010941297623997716807881434154538064  0.00016497002876328522895370673788362331096
  0.022249452504064412874359579541883223397   -0.022249452504064412874359579541883223397     0.92010941297623997716807881434154538064  0.00016497002876328522895370673788362331096
 -0.022249452504064412874359579541883223397    0.022249452504064412874359579541883223397     0.92010941297623997716807881434154538064  0.00016497002876328522895370673788362331096
 -0.022249452504064412874359579541883223397   -0.022249452504064412874359579541883223397     0.92010941297623997716807881434154538064  0.00016497002876328522895370673788362331096
  0.045320082915131766914370960206407277743    0.045320082915131766914370960206407277743   -0.039619382852815447138347932812120157649   0.0064932466650885593378449307351407653388
  0.045320082915131766914370960206407277743   -0.045320082915131766914370960206407277743   -0.039619382852815447138347932812120157649   0.0064932466650885593378449307351407653388
 -0.045320082915131766914370960206407277743    0.045320082915131766914370960206407277743   -0.039619382852815447138347932812120157649   0.0064932466650885593378449307351407653388
 -0.045320082915131766914370960206407277743   -0.045320082915131766914370960206407277743   -0.039619382852815447138347932812120157649   0.0064932466650885593378449307351407653388
  0.074982960676058899500361302587502611367    0.074982960676058899500361302587502611367     0.62362814815381978111755372104620570906   0.0035685140846931338475814276397987207349
  0.074982960676058899500361302587502611367   -0.074982960676058899500361302587502611367     0.62362814815381978111755372104620570906   0.0035685140846931338475814276397987207349
 -0.074982960676058899500361302587502611367    0.074982960676058899500361302587502611367     0.62362814815381978111755372104620570906   0.0035685140846931338475814276397987207349
 -0.074982960676058899500361302587502611367   -0.074982960676058899500361302587502611367     0.62362814815381978111755372104620570906   0.0035685140846931338475814276397987207349
   0.12385540137920331383355362467028005313     0.12385540137920331383355362467028005313    -0.53007890480022891189558384708550560351    0.015021321504845392897804362592586286939
   0.12385540137920331383355362467028005313    -0.12385540137920331383355362467028005313    -0.53007890480022891189558384708550560351    0.015021321504845392897804362592586286939
  -0.12385540137920331383355362467028005313     0.12385540137920331383355362467028005313    -0.53007890480022891189558384708550560351    0.015021321504845392897804362592586286939
  -0.12385540137920331383355362467028005313    -0.12385540137920331383355362467028005313    -0.53007890480022891189558384708550560351    0.015021321504845392897804362592586286939
   0.14311022490212548061750953493048991157     0.14311022490212548061750953493048991157    -0.89825922070991555378409836004492959729    0.010458140236477549159492045018052628569
   0.14311022490212548061750953493048991157    -0.14311022490212548061750953493048991157    -0.89825922070991555378409836004492959729    0.010458140236477549159492045018052628569
  -0.14311022490212548061750953493048991157     0.14311022490212548061750953493048991157    -0.89825922070991555378409836004492959729    0.010458140236477549159492045018052628569
  -0.14311022490212548061750953493048991157    -0.14311022490212548061750953493048991157    -0.89825922070991555378409836004492959729    0.010458140236477549159492045018052628569
   0.15340733873992629634838426969367561794     0.15340733873992629634838426969367561794     0.62417496290517162396619899940910883793   0.0015133555247076609136976033595203151156
   0.15340733873992629634838426969367561794    -0.15340733873992629634838426969367561794     0.62417496290517162396619899940910883793   0.0015133555247076609136976033595203151156
  -0.15340733873992629634838426969367561794     0.15340733873992629634838426969367561794     0.62417496290517162396619899940910883793   0.0015133555247076609136976033595203151156
  -0.15340733873992629634838426969367561794    -0.15340733873992629634838426969367561794     0.62417496290517162396619899940910883793   0.0015133555247076609136976033595203151156
   0.17981374272088896640957500291214894092     0.17981374272088896640957500291214894092     0.41435575110114212743248815111640836919   0.0047241454989002201591974378307986831262
   0.17981374272088896640957500291214894092    -0.17981374272088896640957500291214894092     0.41435575110114212743248815111640836919   0.0047241454989002201591974378307986831262
  -0.17981374272088896640957500291214894092     0.17981374272088896640957500291214894092     0.41435575110114212743248815111640836919   0.0047241454989002201591974378307986831262
  -0.17981374272088896640957500291214894092    -0.17981374272088896640957500291214894092     0.41435575110114212743248815111640836919   0.0047241454989002201591974378307986831262
   0.20528929783761959912690435110841335641     0.20528929783761959912690435110841335641   -0.060679253146154462235931872240282876094    0.015316639785266714138546658085497558215
   0.20528929783761959912690435110841335641    -0.20528929783761959912690435110841335641   -0.060679253146154462235931872240282876094    0.015316639785266714138546658085497558215
  -0.20528929783761959912690435110841335641     0.20528929783761959912690435110841335641   -0.060679253146154462235931872240282876094    0.015316639785266714138546658085497558215
  -0.20528929783761959912690435110841335641    -0.20528929783761959912690435110841335641   -0.060679253146154462235931872240282876094    0.015316639785266714138546658085497558215
   0.26738059709796200364262515960565485186     0.26738059709796200364262515960565485186     -0.9777268248718187230276715802085835657   0.0059648869720908557848404328436540705139
   0.26738059709796200364262515960565485186    -0.26738059709796200364262515960565485186     -0.9777268248718187230276715802085835657   0.0059648869720908557848404328436540705139
  -0.26738059709796200364262515960565485186     0.26738059709796200364262515960565485186     -0.9777268248718187230276715802085835657   0.0059648869720908557848404328436540705139
  -0.26738059709796200364262515960565485186    -0.26738059709796200364262515960565485186     -0.9777268248718187230276715802085835657   0.0059648869720908557848404328436540705139
   0.27018413259413519483033903813000404406     0.27018413259413519483033903813000404406     0.15545272520947036065566661036854266829    0.009442166873347643788209620876531382795
   0.27018413259413519483033903813000404406    -0.27018413259413519483033903813000404406     0.15545272520947036065566661036854266829    0.009442166873347643788209620876531382795
  -0.27018413259413519483033903813000404406     0.27018413259413519483033903813000404406     0.15545272520947036065566661036854266829    0.009442166873347643788209620876531382795
  -0.27018413259413519483033903813000404406    -0.27018413259413519483033903813000404406     0.15545272520947036065566661036854266829    0.009442166873347643788209620876531382795
   0.30580408215331915620432056500864688981     0.30580408215331915620432056500864688981    -0.37082836852412848853338546581941151611    0.010585598470030308762452372389252895283
   0.30580408215331915620432056500864688981    -0.30580408215331915620432056500864688981    -0.37082836852412848853338546581941151611    0.010585598470030308762452372389252895283
  -0.30580408215331915620432056500864688981     0.30580408215331915620432056500864688981    -0.37082836852412848853338546581941151611    0.010585598470030308762452372389252895283
  -0.30580408215331915620432056500864688981    -0.30580408215331915620432056500864688981    -0.37082836852412848853338546581941151611    0.010585598470030308762452372389252895283
   0.35769805153415784063309849070201052882     0.35769805153415784063309849070201052882     0.19350046485799628885014103815723189166   0.0031009142802850007749408842422490185596
   0.35769805153415784063309849070201052882    -0.35769805153415784063309849070201052882     0.19350046485799628885014103815723189166   0.0031009142802850007749408842422490185596
  -0.35769805153415784063309849070201052882     0.35769805153415784063309849070201052882     0.19350046485799628885014103815723189166   0.0031009142802850007749408842422490185596
  -0.35769805153415784063309849070201052882    -0.35769805153415784063309849070201052882     0.19350046485799628885014103815723189166   0.0031009142802850007749408842422490185596
   0.37553296075067084722236629625145546175     0.37553296075067084722236629625145546175    -0.73947336833000774774569798155992435758    0.015468373564368370571874578291595297062
   0.37553296075067084722236629625145546175    -0.37553296075067084722236629625145546175    -0.73947336833000774774569798155992435758    0.015468373564368370571874578291595297062
  -0.37553296075067084722236629625145546175     0.37553296075067084722236629625145546175    -0.73947336833000774774569798155992435758    0.015468373564368370571874578291595297062
  -0.37553296075067084722236629625145546175    -0.37553296075067084722236629625145546175    -0.73947336833000774774569798155992435758    0.015468373564368370571874578291595297062
   0.39100858060218347275441120440218160952     0.39100858060218347275441120440218160952     -0.2288997574404439617878824561523016908    0.011189019178838057296338992194074010979
   0.39100858060218347275441120440218160952    -0.39100858060218347275441120440218160952     -0.2288997574404439617878824561523016908    0.011189019178838057296338992194074010979
  -0.39100858060218347275441120440218160952     0.39100858060218347275441120440218160952     -0.2288997574404439617878824561523016908    0.011189019178838057296338992194074010979
  -0.39100858060218347275441120440218160952    -0.39100858060218347275441120440218160952     -0.2288997574404439617878824561523016908    0.011189019178838057296338992194074010979
   0.49317329210299446488607645592584079549     0.49317329210299446488607645592584079549    -0.95608592114522452427637526728719812369   0.0072972571282623757384331914421770481772
   0.49317329210299446488607645592584079549    -0.49317329210299446488607645592584079549    -0.95608592114522452427637526728719812369   0.0072972571282623757384331914421770481772
  -0.49317329210299446488607645592584079549     0.49317329210299446488607645592584079549    -0.95608592114522452427637526728719812369   0.0072972571282623757384331914421770481772
  -0.49317329210299446488607645592584079549    -0.49317329210299446488607645592584079549    -0.95608592114522452427637526728719812369   0.0072972571282623757384331914421770481772
   0.51698177924437276797730923406305327617     0.51698177924437276797730923406305327617    -0.61463998772983780200504792924563930573   0.0082164852244006054227698068225658640464
   0.51698177924437276797730923406305327617    -0.51698177924437276797730923406305327617    -0.61463998772983780200504792924563930573   0.0082164852244006054227698068225658640464
  -0.51698177924437276797730923406305327617     0.51698177924437276797730923406305327617    -0.61463998772983780200504792924563930573   0.0082164852244006054227698068225658640464
  -0.51698177924437276797730923406305327617    -0.51698177924437276797730923406305327617    -0.61463998772983780200504792924563930573   0.0082164852244006054227698068225658640464
   0.53416127185534396026371835912306047633     0.53416127185534396026371835912306047633    -0.11514909750526140398643691654459037345   0.0011323225388258289660554428018749451873
   0.53416127185534396026371835912306047633    -0.53416127185534396026371835912306047633    -0.11514909750526140398643691654459037345   0.0011323225388258289660554428018749451873
  -0.53416127185534396026371835912306047633     0.53416127185534396026371835912306047633    -0.11514909750526140398643691654459037345   0.0011323225388258289660554428018749451873
  -0.53416127185534396026371835912306047633    -0.53416127185534396026371835912306047633    -0.11514909750526140398643691654459037345   0.0011323225388258289660554428018749451873
   0.56864804267188577002943710197055628049     0.56864804267188577002943710197055628049    -0.28798831044496849196948832726557721345   0.0037786451077170431073477129906400245336
   0.56864804267188577002943710197055628049    -0.56864804267188577002943710197055628049    -0.28798831044496849196948832726557721345   0.0037786451077170431073477129906400245336
  -0.56864804267188577002943710197055628049     0.56864804267188577002943710197055628049    -0.28798831044496849196948832726557721345   0.0037786451077170431073477129906400245336
  -0.56864804267188577002943710197055628049    -0.56864804267188577002943710197055628049    -0.28798831044496849196948832726557721345   0.0037786451077170431073477129906400245336
   0.57677291046068239822714309521334423277     0.57677291046068239822714309521334423277    -0.83890872368493752985009635597215123958     0.01183980666586637267271941968058072622
   0.57677291046068239822714309521334423277    -0.57677291046068239822714309521334423277    -0.83890872368493752985009635597215123958     0.01183980666586637267271941968058072622
  -0.57677291046068239822714309521334423277     0.57677291046068239822714309521334423277    -0.83890872368493752985009635597215123958     0.01183980666586637267271941968058072622
  -0.57677291046068239822714309521334423277    -0.57677291046068239822714309521334423277    -0.83890872368493752985009635597215123958     0.01183980666586637267271941968058072622
    0.6872483098941041288896048025717037049      0.6872483098941041288896048025717037049    -0.42700369920998842946707141449551566265   0.0012394041803512359137327899967358657666
    0.6872483098941041288896048025717037049     -0.6872483098941041288896048025717037049    -0.42700369920998842946707141449551566265   0.0012394041803512359137327899967358657666
   -0.6872483098941041288896048025717037049      0.6872483098941041288896048025717037049    -0.42700369920998842946707141449551566265   0.0012394041803512359137327899967358657666
   -0.6872483098941041288896048025717037049     -0.6872483098941041288896048025717037049    -0.42700369920998842946707141449551566265   0.0012394041803512359137327899967358657666
   0.70317386974915303226958300696569241854     0.70317386974915303226958300696569241854    -0.58650711082339503900282214323610444955   0.0048445051738650995318442894849675152152
   0.70317386974915303226958300696569241854    -0.70317386974915303226958300696569241854    -0.58650711082339503900282214323610444955   0.0048445051738650995318442894849675152152
  -0.70317386974915303226958300696569241854     0.70317386974915303226958300696569241854    -0.58650711082339503900282214323610444955   0.0048445051738650995318442894849675152152
  -0.70317386974915303226958300696569241854    -0.70317386974915303226958300696569241854    -0.58650711082339503900282214323610444955   0.0048445051738650995318442894849675152152
   0.70934154841755052370615976260694030459     0.70934154841755052370615976260694030459    -0.95221524669903786017993706526386228762    0.004730975337551493051261748539681280939
   0.70934154841755052370615976260694030459    -0.70934154841755052370615976260694030459    -0.95221524669903786017993706526386228762    0.004730975337551493051261748539681280939
  -0.70934154841755052370615976260694030459     0.70934154841755052370615976260694030459    -0.95221524669903786017993706526386228762    0.004730975337551493051261748539681280939
  -0.70934154841755052370615976260694030459    -0.70934154841755052370615976260694030459    -0.95221524669903786017993706526386228762    0.004730975337551493051261748539681280939
   0.76896610594336747587524186454528393967     0.76896610594336747587524186454528393967    -0.86357450797695503396378392160704307529   0.0047288358275064463836582770261521335424
   0.76896610594336747587524186454528393967    -0.76896610594336747587524186454528393967    -0.86357450797695503396378392160704307529   0.0047288358275064463836582770261521335424
  -0.76896610594336747587524186454528393967     0.76896610594336747587524186454528393967    -0.86357450797695503396378392160704307529   0.0047288358275064463836582770261521335424
  -0.76896610594336747587524186454528393967    -0.76896610594336747587524186454528393967    -0.86357450797695503396378392160704307529   0.0047288358275064463836582770261521335424
   0.80899197667579133793136248296474433887     0.80899197667579133793136248296474433887     -0.6570006419215947604147280618419061876  0.00074149017330448567340187429713954520079
   0.80899197667579133793136248296474433887    -0.80899197667579133793136248296474433887     -0.6570006419215947604147280618419061876  0.00074149017330448567340187429713954520079
  -0.80899197667579133793136248296474433887     0.80899197667579133793136248296474433887     -0.6570006419215947604147280618419061876  0.00074149017330448567340187429713954520079
  -0.80899197667579133793136248296474433887    -0.80899197667579133793136248296474433887     -0.6570006419215947604147280618419061876  0.00074149017330448567340187429713954520079
   0.87852318387805888308100670810746033978     0.87852318387805888308100670810746033978    -0.94495566669747710565394931509917258067    0.001858079193161031736801095220708938634
   0.87852318387805888308100670810746033978    -0.87852318387805888308100670810746033978    -0.94495566669747710565394931509917258067    0.001858079193161031736801095220708938634
  -0.87852318387805888308100670810746033978     0.87852318387805888308100670810746033978    -0.94495566669747710565394931509917258067    0.001858079193161031736801095220708938634
  -0.87852318387805888308100670810746033978    -0.87852318387805888308100670810746033978    -0.94495566669747710565394931509917258067    0.001858079193161031736801095220708938634
   0.93198672756753233513053560170280528568     0.93198672756753233513053560170280528568      -0.910265584688201433759342754138813579  0.00058343154083487028318987139214401179339
   0.93198672756753233513053560170280528568    -0.93198672756753233513053560170280528568      -0.910265584688201433759342754138813579  0.00058343154083487028318987139214401179339
  -0.93198672756753233513053560170280528568     0.93198672756753233513053560170280528568      -0.910265584688201433759342754138813579  0.00058343154083487028318987139214401179339
  -0.93198672756753233513053560170280528568    -0.93198672756753233513053560170280528568      -0.910265584688201433759342754138813579  0.00058343154083487028318987139214401179339
   0.96393683269938734613478005616023957643     0.96393683269938734613478005616023957643    -0.99864695429029235484161875142519206629   0.0001878738456362110000738506242608973703
   0.96393683269938734613478005616023957643    -0.96393683269938734613478005616023957643    -0.99864695429029235484161875142519206629   0.0001878738456362110000738506242608973703
  -0.96393683269938734613478005616023957643     0.96393683269938734613478005616023957643    -0.99864695429029235484161875142519206629   0.0001878738456362110000738506242608973703
  -0.96393683269938734613478005616023957643    -0.96393683269938734613478005616023957643    -0.99864695429029235484161875142519206629   0.0001878738456362110000738506242608973703
  0.045229400041896455540729700859418735184    0.089851998908270663753398641969562225412     0.79208534593992534897954396432470556896  0.00059666025587640056427667688301407314641
  0.089851998908270663753398641969562225412    0.045229400041896455540729700859418735184     0.79208534593992534897954396432470556896  0.00059666025587640056427667688301407314641
  0.045229400041896455540729700859418735184   -0.089851998908270663753398641969562225412     0.79208534593992534897954396432470556896  0.00059666025587640056427667688301407314641
 -0.089851998908270663753398641969562225412    0.045229400041896455540729700859418735184     0.79208534593992534897954396432470556896  0.00059666025587640056427667688301407314641
 -0.045229400041896455540729700859418735184    0.089851998908270663753398641969562225412     0.79208534593992534897954396432470556896  0.00059666025587640056427667688301407314641
  0.089851998908270663753398641969562225412   -0.045229400041896455540729700859418735184     0.79208534593992534897954396432470556896  0.00059666025587640056427667688301407314641
 -0.045229400041896455540729700859418735184   -0.089851998908270663753398641969562225412     0.79208534593992534897954396432470556896  0.00059666025587640056427667688301407314641
 -0.089851998908270663753398641969562225412   -0.045229400041896455540729700859418735184     0.79208534593992534897954396432470556896  0.00059666025587640056427667688301407314641
  0.064987964887755826814787691337151452496      0.1609890014603665900274213992156219354     0.19631660329286544733360138079708671976   0.0065761748183257496609748459741675599932
    0.1609890014603665900274213992156219354    0.064987964887755826814787691337151452496     0.19631660329286544733360138079708671976   0.0065761748183257496609748459741675599932
  0.064987964887755826814787691337151452496     -0.1609890014603665900274213992156219354     0.19631660329286544733360138079708671976   0.0065761748183257496609748459741675599932
   -0.1609890014603665900274213992156219354    0.064987964887755826814787691337151452496     0.19631660329286544733360138079708671976   0.0065761748183257496609748459741675599932
 -0.064987964887755826814787691337151452496      0.1609890014603665900274213992156219354     0.19631660329286544733360138079708671976   0.0065761748183257496609748459741675599932
    0.1609890014603665900274213992156219354   -0.064987964887755826814787691337151452496     0.19631660329286544733360138079708671976   0.0065761748183257496609748459741675599932
 -0.064987964887755826814787691337151452496     -0.1609890014603665900274213992156219354     0.19631660329286544733360138079708671976   0.0065761748183257496609748459741675599932
   -0.1609890014603665900274213992156219354   -0.064987964887755826814787691337151452496     0.19631660329286544733360138079708671976   0.0065761748183257496609748459741675599932
  0.068480118020862302369375956357746935385     0.66209582311260409567184541014089822111    -0.58993832984585905632820236532078799653   0.0074351230464029211393153145555263429186
   0.66209582311260409567184541014089822111    0.068480118020862302369375956357746935385    -0.58993832984585905632820236532078799653   0.0074351230464029211393153145555263429186
  0.068480118020862302369375956357746935385    -0.66209582311260409567184541014089822111    -0.58993832984585905632820236532078799653   0.0074351230464029211393153145555263429186
  -0.66209582311260409567184541014089822111    0.068480118020862302369375956357746935385    -0.58993832984585905632820236532078799653   0.0074351230464029211393153145555263429186
 -0.068480118020862302369375956357746935385     0.66209582311260409567184541014089822111    -0.58993832984585905632820236532078799653   0.0074351230464029211393153145555263429186
   0.66209582311260409567184541014089822111   -0.068480118020862302369375956357746935385    -0.58993832984585905632820236532078799653   0.0074351230464029211393153145555263429186
 -0.068480118020862302369375956357746935385    -0.66209582311260409567184541014089822111    -0.58993832984585905632820236532078799653   0.0074351230464029211393153145555263429186
  -0.66209582311260409567184541014089822111   -0.068480118020862302369375956357746935385    -0.58993832984585905632820236532078799653   0.0074351230464029211393153145555263429186
  0.079115464378262160128743189505518141667     0.26432466116115982159341383142841712958     0.36939892158566257870521164843446384146   0.0038313442739047592670398708452813739721
   0.26432466116115982159341383142841712958    0.079115464378262160128743189505518141667     0.36939892158566257870521164843446384146   0.0038313442739047592670398708452813739721
  0.079115464378262160128743189505518141667    -0.26432466116115982159341383142841712958     0.36939892158566257870521164843446384146   0.0038313442739047592670398708452813739721
  -0.26432466116115982159341383142841712958    0.079115464378262160128743189505518141667     0.36939892158566257870521164843446384146   0.0038313442739047592670398708452813739721
 -0.079115464378262160128743189505518141667     0.26432466116115982159341383142841712958     0.36939892158566257870521164843446384146   0.0038313442739047592670398708452813739721
   0.26432466116115982159341383142841712958   -0.079115464378262160128743189505518141667     0.36939892158566257870521164843446384146   0.0038313442739047592670398708452813739721
 -0.079115464378262160128743189505518141667    -0.26432466116115982159341383142841712958     0.36939892158566257870521164843446384146   0.0038313442739047592670398708452813739721
  -0.26432466116115982159341383142841712958   -0.079115464378262160128743189505518141667     0.36939892158566257870521164843446384146   0.0038313442739047592670398708452813739721
   0.10294452029553398465889897559649175634       0.377630084262148157329345933405379289     -0.1328054313288353386379580228232844285    0.009917311070935063233286814322485948935
     0.377630084262148157329345933405379289     0.10294452029553398465889897559649175634     -0.1328054313288353386379580228232844285    0.009917311070935063233286814322485948935
   0.10294452029553398465889897559649175634      -0.377630084262148157329345933405379289     -0.1328054313288353386379580228232844285    0.009917311070935063233286814322485948935
    -0.377630084262148157329345933405379289     0.10294452029553398465889897559649175634     -0.1328054313288353386379580228232844285    0.009917311070935063233286814322485948935
  -0.10294452029553398465889897559649175634       0.377630084262148157329345933405379289     -0.1328054313288353386379580228232844285    0.009917311070935063233286814322485948935
     0.377630084262148157329345933405379289    -0.10294452029553398465889897559649175634     -0.1328054313288353386379580228232844285    0.009917311070935063233286814322485948935
  -0.10294452029553398465889897559649175634      -0.377630084262148157329345933405379289     -0.1328054313288353386379580228232844285    0.009917311070935063233286814322485948935
    -0.377630084262148157329345933405379289    -0.10294452029553398465889897559649175634     -0.1328054313288353386379580228232844285    0.009917311070935063233286814322485948935
   0.14024061002448189784560280157455703607     0.58376409879473898577392331368913125226    -0.75577561526398884700365678323234178922    0.012093789110860687499850409187079403563
   0.58376409879473898577392331368913125226     0.14024061002448189784560280157455703607    -0.75577561526398884700365678323234178922    0.012093789110860687499850409187079403563
   0.14024061002448189784560280157455703607    -0.58376409879473898577392331368913125226    -0.75577561526398884700365678323234178922    0.012093789110860687499850409187079403563
  -0.58376409879473898577392331368913125226     0.14024061002448189784560280157455703607    -0.75577561526398884700365678323234178922    0.012093789110860687499850409187079403563
  -0.14024061002448189784560280157455703607     0.58376409879473898577392331368913125226    -0.75577561526398884700365678323234178922    0.012093789110860687499850409187079403563
   0.58376409879473898577392331368913125226    -0.14024061002448189784560280157455703607    -0.75577561526398884700365678323234178922    0.012093789110860687499850409187079403563
  -0.14024061002448189784560280157455703607    -0.58376409879473898577392331368913125226    -0.75577561526398884700365678323234178922    0.012093789110860687499850409187079403563
  -0.58376409879473898577392331368913125226    -0.14024061002448189784560280157455703607    -0.75577561526398884700365678323234178922    0.012093789110860687499850409187079403563
   0.14115068574500064554839035938642966578     0.39125195377060061251794144232466244283     0.18084309677467999172487383251203323466    0.003286736590191475403646977963027243603
   0.39125195377060061251794144232466244283     0.14115068574500064554839035938642966578     0.18084309677467999172487383251203323466    0.003286736590191475403646977963027243603
   0.14115068574500064554839035938642966578    -0.39125195377060061251794144232466244283     0.18084309677467999172487383251203323466    0.003286736590191475403646977963027243603
  -0.39125195377060061251794144232466244283     0.14115068574500064554839035938642966578     0.18084309677467999172487383251203323466    0.003286736590191475403646977963027243603
  -0.14115068574500064554839035938642966578     0.39125195377060061251794144232466244283     0.18084309677467999172487383251203323466    0.003286736590191475403646977963027243603
   0.39125195377060061251794144232466244283    -0.14115068574500064554839035938642966578     0.18084309677467999172487383251203323466    0.003286736590191475403646977963027243603
  -0.14115068574500064554839035938642966578    -0.39125195377060061251794144232466244283     0.18084309677467999172487383251203323466    0.003286736590191475403646977963027243603
  -0.39125195377060061251794144232466244283    -0.14115068574500064554839035938642966578     0.18084309677467999172487383251203323466    0.003286736590191475403646977963027243603
   0.15707537169636915261348133678229642947     0.39577599929860399966609371132172850241    -0.58098398477541058130307675464025237056    0.016371786966843611525068675697504672638
   0.39577599929860399966609371132172850241     0.15707537169636915261348133678229642947    -0.58098398477541058130307675464025237056    0.016371786966843611525068675697504672638
   0.15707537169636915261348133678229642947    -0.39577599929860399966609371132172850241    -0.58098398477541058130307675464025237056    0.016371786966843611525068675697504672638
  -0.39577599929860399966609371132172850241     0.15707537169636915261348133678229642947    -0.58098398477541058130307675464025237056    0.016371786966843611525068675697504672638
  -0.15707537169636915261348133678229642947     0.39577599929860399966609371132172850241    -0.58098398477541058130307675464025237056    0.016371786966843611525068675697504672638
   0.39577599929860399966609371132172850241    -0.15707537169636915261348133678229642947    -0.58098398477541058130307675464025237056    0.016371786966843611525068675697504672638
  -0.15707537169636915261348133678229642947    -0.39577599929860399966609371132172850241    -0.58098398477541058130307675464025237056    0.016371786966843611525068675697504672638
  -0.39577599929860399966609371132172850241    -0.15707537169636915261348133678229642947    -0.58098398477541058130307675464025237056    0.016371786966843611525068675697504672638
   0.16646768439300637984728392235380897669     0.84158448441239459882234227555186247329    -0.98063503270389736929554244094320166353   0.0028052217179800428391883618301159652446
   0.84158448441239459882234227555186247329     0.16646768439300637984728392235380897669    -0.98063503270389736929554244094320166353   0.0028052217179800428391883618301159652446
   0.16646768439300637984728392235380897669    -0.84158448441239459882234227555186247329    -0.98063503270389736929554244094320166353   0.0028052217179800428391883618301159652446
  -0.84158448441239459882234227555186247329     0.16646768439300637984728392235380897669    -0.98063503270389736929554244094320166353   0.0028052217179800428391883618301159652446
  -0.16646768439300637984728392235380897669     0.84158448441239459882234227555186247329    -0.98063503270389736929554244094320166353   0.0028052217179800428391883618301159652446
   0.84158448441239459882234227555186247329    -0.16646768439300637984728392235380897669    -0.98063503270389736929554244094320166353   0.0028052217179800428391883618301159652446
  -0.16646768439300637984728392235380897669    -0.84158448441239459882234227555186247329    -0.98063503270389736929554244094320166353   0.0028052217179800428391883618301159652446
  -0.84158448441239459882234227555186247329    -0.16646768439300637984728392235380897669    -0.98063503270389736929554244094320166353   0.0028052217179800428391883618301159652446
   0.17343200956255114679281303384712483881     0.55721269195061665706221859013218719899    -0.29656756128171508592598957522570654477   0.0091244340910612817846739765006950856783
   0.55721269195061665706221859013218719899     0.17343200956255114679281303384712483881    -0.29656756128171508592598957522570654477   0.0091244340910612817846739765006950856783
   0.17343200956255114679281303384712483881    -0.55721269195061665706221859013218719899    -0.29656756128171508592598957522570654477   0.0091244340910612817846739765006950856783
  -0.55721269195061665706221859013218719899     0.17343200956255114679281303384712483881    -0.29656756128171508592598957522570654477   0.0091244340910612817846739765006950856783
  -0.17343200956255114679281303384712483881     0.55721269195061665706221859013218719899    -0.29656756128171508592598957522570654477   0.0091244340910612817846739765006950856783
   0.55721269195061665706221859013218719899    -0.17343200956255114679281303384712483881    -0.29656756128171508592598957522570654477   0.0091244340910612817846739765006950856783
  -0.17343200956255114679281303384712483881    -0.55721269195061665706221859013218719899    -0.29656756128171508592598957522570654477   0.0091244340910612817846739765006950856783
  -0.55721269195061665706221859013218719899    -0.17343200956255114679281303384712483881    -0.29656756128171508592598957522570654477   0.0091244340910612817846739765006950856783
   0.18243025433976091667491077643696645739     0.80339080930440524211159683263291921325    -0.75210550165460057624982444534589663223   0.0067609883242780738334295876546742523125
   0.80339080930440524211159683263291921325     0.18243025433976091667491077643696645739    -0.75210550165460057624982444534589663223   0.0067609883242780738334295876546742523125
   0.18243025433976091667491077643696645739    -0.80339080930440524211159683263291921325    -0.75210550165460057624982444534589663223   0.0067609883242780738334295876546742523125
  -0.80339080930440524211159683263291921325     0.18243025433976091667491077643696645739    -0.75210550165460057624982444534589663223   0.0067609883242780738334295876546742523125
  -0.18243025433976091667491077643696645739     0.80339080930440524211159683263291921325    -0.75210550165460057624982444534589663223   0.0067609883242780738334295876546742523125
   0.80339080930440524211159683263291921325    -0.18243025433976091667491077643696645739    -0.75210550165460057624982444534589663223   0.0067609883242780738334295876546742523125
  -0.18243025433976091667491077643696645739    -0.80339080930440524211159683263291921325    -0.75210550165460057624982444534589663223   0.0067609883242780738334295876546742523125
  -0.80339080930440524211159683263291921325    -0.18243025433976091667491077643696645739    -0.75210550165460057624982444534589663223   0.0067609883242780738334295876546742523125
   0.21261846668840261086771714240411006061     0.28856649428311686183829015254178390304     0.41690842660202847021234197574049450099   0.0011611938015162018525498197068985677001
   0.28856649428311686183829015254178390304     0.21261846668840261086771714240411006061     0.41690842660202847021234197574049450099   0.0011611938015162018525498197068985677001
   0.21261846668840261086771714240411006061    -0.28856649428311686183829015254178390304     0.41690842660202847021234197574049450099   0.0011611938015162018525498197068985677001
  -0.28856649428311686183829015254178390304     0.21261846668840261086771714240411006061     0.41690842660202847021234197574049450099   0.0011611938015162018525498197068985677001
  -0.21261846668840261086771714240411006061     0.28856649428311686183829015254178390304     0.41690842660202847021234197574049450099   0.0011611938015162018525498197068985677001
   0.28856649428311686183829015254178390304    -0.21261846668840261086771714240411006061     0.41690842660202847021234197574049450099   0.0011611938015162018525498197068985677001
  -0.21261846668840261086771714240411006061    -0.28856649428311686183829015254178390304     0.41690842660202847021234197574049450099   0.0011611938015162018525498197068985677001
  -0.28856649428311686183829015254178390304    -0.21261846668840261086771714240411006061     0.41690842660202847021234197574049450099   0.0011611938015162018525498197068985677001
   0.22386350311433233149186966609812861448     0.44425905488673833453272581116397195802   -0.020850857823854472367123675890095405054   0.0060252135714101618996453870437033077717
   0.44425905488673833453272581116397195802     0.22386350311433233149186966609812861448   -0.020850857823854472367123675890095405054   0.0060252135714101618996453870437033077717
   0.22386350311433233149186966609812861448    -0.44425905488673833453272581116397195802   -0.020850857823854472367123675890095405054   0.0060252135714101618996453870437033077717
  -0.44425905488673833453272581116397195802     0.22386350311433233149186966609812861448   -0.020850857823854472367123675890095405054   0.0060252135714101618996453870437033077717
  -0.22386350311433233149186966609812861448     0.44425905488673833453272581116397195802   -0.020850857823854472367123675890095405054   0.0060252135714101618996453870437033077717
   0.44425905488673833453272581116397195802    -0.22386350311433233149186966609812861448   -0.020850857823854472367123675890095405054   0.0060252135714101618996453870437033077717
  -0.22386350311433233149186966609812861448    -0.44425905488673833453272581116397195802   -0.020850857823854472367123675890095405054   0.0060252135714101618996453870437033077717
  -0.44425905488673833453272581116397195802    -0.22386350311433233149186966609812861448   -0.020850857823854472367123675890095405054   0.0060252135714101618996453870437033077717
   0.23037436591024868358493969878446301322     0.43312358170771230110551518295682905799    -0.87062873057364326392052791904806852158     0.01002865737866560339542404064645399627
   0.43312358170771230110551518295682905799     0.23037436591024868358493969878446301322    -0.87062873057364326392052791904806852158     0.01002865737866560339542404064645399627
   0.23037436591024868358493969878446301322    -0.43312358170771230110551518295682905799    -0.87062873057364326392052791904806852158     0.01002865737866560339542404064645399627
  -0.43312358170771230110551518295682905799     0.23037436591024868358493969878446301322    -0.87062873057364326392052791904806852158     0.01002865737866560339542404064645399627
  -0.23037436591024868358493969878446301322     0.43312358170771230110551518295682905799    -0.87062873057364326392052791904806852158     0.01002865737866560339542404064645399627
   0.43312358170771230110551518295682905799    -0.23037436591024868358493969878446301322    -0.87062873057364326392052791904806852158     0.01002865737866560339542404064645399627
  -0.23037436591024868358493969878446301322    -0.43312358170771230110551518295682905799    -0.87062873057364326392052791904806852158     0.01002865737866560339542404064645399627
  -0.43312358170771230110551518295682905799    -0.23037436591024868358493969878446301322    -0.87062873057364326392052791904806852158     0.01002865737866560339542404064645399627
   0.23960486029012559279893288575570108259     0.45720054395796536894522970009587134137    -0.42097434945298222253614292691261191653    0.010451361856828731851916671193467349905
   0.45720054395796536894522970009587134137     0.23960486029012559279893288575570108259    -0.42097434945298222253614292691261191653    0.010451361856828731851916671193467349905
   0.23960486029012559279893288575570108259    -0.45720054395796536894522970009587134137    -0.42097434945298222253614292691261191653    0.010451361856828731851916671193467349905
  -0.45720054395796536894522970009587134137     0.23960486029012559279893288575570108259    -0.42097434945298222253614292691261191653    0.010451361856828731851916671193467349905
  -0.23960486029012559279893288575570108259     0.45720054395796536894522970009587134137    -0.42097434945298222253614292691261191653    0.010451361856828731851916671193467349905
   0.45720054395796536894522970009587134137    -0.23960486029012559279893288575570108259    -0.42097434945298222253614292691261191653    0.010451361856828731851916671193467349905
  -0.23960486029012559279893288575570108259    -0.45720054395796536894522970009587134137    -0.42097434945298222253614292691261191653    0.010451361856828731851916671193467349905
  -0.45720054395796536894522970009587134137    -0.23960486029012559279893288575570108259    -0.42097434945298222253614292691261191653    0.010451361856828731851916671193467349905
   0.25018293069804756265749566560035321433     0.89785930149092847825343481333120466713    -0.92375829306383793775699812487765985287   0.0024092897174756011665427492311322857286
   0.89785930149092847825343481333120466713     0.25018293069804756265749566560035321433    -0.92375829306383793775699812487765985287   0.0024092897174756011665427492311322857286
   0.25018293069804756265749566560035321433    -0.89785930149092847825343481333120466713    -0.92375829306383793775699812487765985287   0.0024092897174756011665427492311322857286
  -0.89785930149092847825343481333120466713     0.25018293069804756265749566560035321433    -0.92375829306383793775699812487765985287   0.0024092897174756011665427492311322857286
  -0.25018293069804756265749566560035321433     0.89785930149092847825343481333120466713    -0.92375829306383793775699812487765985287   0.0024092897174756011665427492311322857286
   0.89785930149092847825343481333120466713    -0.25018293069804756265749566560035321433    -0.92375829306383793775699812487765985287   0.0024092897174756011665427492311322857286
  -0.25018293069804756265749566560035321433    -0.89785930149092847825343481333120466713    -0.92375829306383793775699812487765985287   0.0024092897174756011665427492311322857286
  -0.89785930149092847825343481333120466713    -0.25018293069804756265749566560035321433    -0.92375829306383793775699812487765985287   0.0024092897174756011665427492311322857286
   0.26272410982405117814301867696775619354     0.57666805489098704576392743666394827012    -0.99939002030583516600242569850156821198   0.0015322871552610526503240985231679305907
   0.57666805489098704576392743666394827012     0.26272410982405117814301867696775619354    -0.99939002030583516600242569850156821198   0.0015322871552610526503240985231679305907
   0.26272410982405117814301867696775619354    -0.57666805489098704576392743666394827012    -0.99939002030583516600242569850156821198   0.0015322871552610526503240985231679305907
  -0.57666805489098704576392743666394827012     0.26272410982405117814301867696775619354    -0.99939002030583516600242569850156821198   0.0015322871552610526503240985231679305907
  -0.26272410982405117814301867696775619354     0.57666805489098704576392743666394827012    -0.99939002030583516600242569850156821198   0.0015322871552610526503240985231679305907
   0.57666805489098704576392743666394827012    -0.26272410982405117814301867696775619354    -0.99939002030583516600242569850156821198   0.0015322871552610526503240985231679305907
  -0.26272410982405117814301867696775619354    -0.57666805489098704576392743666394827012    -0.99939002030583516600242569850156821198   0.0015322871552610526503240985231679305907
  -0.57666805489098704576392743666394827012    -0.26272410982405117814301867696775619354    -0.99939002030583516600242569850156821198   0.0015322871552610526503240985231679305907
   0.28493756971003470459911073383602844052     0.73706688117428681093137537566868127117    -0.54938505330809254085539617573349920184   0.0069042847584222357290580701344928822475
   0.73706688117428681093137537566868127117     0.28493756971003470459911073383602844052    -0.54938505330809254085539617573349920184   0.0069042847584222357290580701344928822475
   0.28493756971003470459911073383602844052    -0.73706688117428681093137537566868127117    -0.54938505330809254085539617573349920184   0.0069042847584222357290580701344928822475
  -0.73706688117428681093137537566868127117     0.28493756971003470459911073383602844052    -0.54938505330809254085539617573349920184   0.0069042847584222357290580701344928822475
  -0.28493756971003470459911073383602844052     0.73706688117428681093137537566868127117    -0.54938505330809254085539617573349920184   0.0069042847584222357290580701344928822475
   0.73706688117428681093137537566868127117    -0.28493756971003470459911073383602844052    -0.54938505330809254085539617573349920184   0.0069042847584222357290580701344928822475
  -0.28493756971003470459911073383602844052    -0.73706688117428681093137537566868127117    -0.54938505330809254085539617573349920184   0.0069042847584222357290580701344928822475
  -0.73706688117428681093137537566868127117    -0.28493756971003470459911073383602844052    -0.54938505330809254085539617573349920184   0.0069042847584222357290580701344928822475
   0.28627393282111733978317940281730935097     0.66971711823773448175726407248786497276    -0.93151153169511618807806662649711071385    0.007660352129204234798782879874191113649
   0.66971711823773448175726407248786497276     0.28627393282111733978317940281730935097    -0.93151153169511618807806662649711071385    0.007660352129204234798782879874191113649
   0.28627393282111733978317940281730935097    -0.66971711823773448175726407248786497276    -0.93151153169511618807806662649711071385    0.007660352129204234798782879874191113649
  -0.66971711823773448175726407248786497276     0.28627393282111733978317940281730935097    -0.93151153169511618807806662649711071385    0.007660352129204234798782879874191113649
  -0.28627393282111733978317940281730935097     0.66971711823773448175726407248786497276    -0.93151153169511618807806662649711071385    0.007660352129204234798782879874191113649
   0.66971711823773448175726407248786497276    -0.28627393282111733978317940281730935097    -0.93151153169511618807806662649711071385    0.007660352129204234798782879874191113649
  -0.28627393282111733978317940281730935097    -0.66971711823773448175726407248786497276    -0.93151153169511618807806662649711071385    0.007660352129204234798782879874191113649
  -0.66971711823773448175726407248786497276    -0.28627393282111733978317940281730935097    -0.93151153169511618807806662649711071385    0.007660352129204234798782879874191113649
   0.28921523078229075335837747270743963385     0.93634319751945990510453442607329866636    -0.88094040387611949056433367456348957735   0.0014523985038838318910908942230833729876
   0.93634319751945990510453442607329866636     0.28921523078229075335837747270743963385    -0.88094040387611949056433367456348957735   0.0014523985038838318910908942230833729876
   0.28921523078229075335837747270743963385    -0.93634319751945990510453442607329866636    -0.88094040387611949056433367456348957735   0.0014523985038838318910908942230833729876
  -0.93634319751945990510453442607329866636     0.28921523078229075335837747270743963385    -0.88094040387611949056433367456348957735   0.0014523985038838318910908942230833729876
  -0.28921523078229075335837747270743963385     0.93634319751945990510453442607329866636    -0.88094040387611949056433367456348957735   0.0014523985038838318910908942230833729876
   0.93634319751945990510453442607329866636    -0.28921523078229075335837747270743963385    -0.88094040387611949056433367456348957735   0.0014523985038838318910908942230833729876
  -0.28921523078229075335837747270743963385    -0.93634319751945990510453442607329866636    -0.88094040387611949056433367456348957735   0.0014523985038838318910908942230833729876
  -0.93634319751945990510453442607329866636    -0.28921523078229075335837747270743963385    -0.88094040387611949056433367456348957735   0.0014523985038838318910908942230833729876
   0.30441006478151123559855801892072069225     0.61254548024418852734971486462354537772    -0.25900869935287533060533750300654667112   0.0033623789816252485394107955885732046087
   0.61254548024418852734971486462354537772     0.30441006478151123559855801892072069225    -0.25900869935287533060533750300654667112   0.0033623789816252485394107955885732046087
   0.30441006478151123559855801892072069225    -0.61254548024418852734971486462354537772    -0.25900869935287533060533750300654667112   0.0033623789816252485394107955885732046087
  -0.61254548024418852734971486462354537772     0.30441006478151123559855801892072069225    -0.25900869935287533060533750300654667112   0.0033623789816252485394107955885732046087
  -0.30441006478151123559855801892072069225     0.61254548024418852734971486462354537772    -0.25900869935287533060533750300654667112   0.0033623789816252485394107955885732046087
   0.61254548024418852734971486462354537772    -0.30441006478151123559855801892072069225    -0.25900869935287533060533750300654667112   0.0033623789816252485394107955885732046087
  -0.30441006478151123559855801892072069225    -0.61254548024418852734971486462354537772    -0.25900869935287533060533750300654667112   0.0033623789816252485394107955885732046087
  -0.61254548024418852734971486462354537772    -0.30441006478151123559855801892072069225    -0.25900869935287533060533750300654667112   0.0033623789816252485394107955885732046087
   0.34061030347815713882648441060309299689     0.94465017563600689704945012656677111298    -0.98618865889357091845296903980304151832   0.0010929828343613413431322509368956718512
   0.94465017563600689704945012656677111298     0.34061030347815713882648441060309299689    -0.98618865889357091845296903980304151832   0.0010929828343613413431322509368956718512
   0.34061030347815713882648441060309299689    -0.94465017563600689704945012656677111298    -0.98618865889357091845296903980304151832   0.0010929828343613413431322509368956718512
  -0.94465017563600689704945012656677111298     0.34061030347815713882648441060309299689    -0.98618865889357091845296903980304151832   0.0010929828343613413431322509368956718512
  -0.34061030347815713882648441060309299689     0.94465017563600689704945012656677111298    -0.98618865889357091845296903980304151832   0.0010929828343613413431322509368956718512
   0.94465017563600689704945012656677111298    -0.34061030347815713882648441060309299689    -0.98618865889357091845296903980304151832   0.0010929828343613413431322509368956718512
  -0.34061030347815713882648441060309299689    -0.94465017563600689704945012656677111298    -0.98618865889357091845296903980304151832   0.0010929828343613413431322509368956718512
  -0.94465017563600689704945012656677111298    -0.34061030347815713882648441060309299689    -0.98618865889357091845296903980304151832   0.0010929828343613413431322509368956718512
   0.36656714083596058557790779652838322453     0.72795090783371854760309325517969456691    -0.81356992836593604553360110018680843152    0.007816374422564551839809129168663240113
   0.72795090783371854760309325517969456691     0.36656714083596058557790779652838322453    -0.81356992836593604553360110018680843152    0.007816374422564551839809129168663240113
   0.36656714083596058557790779652838322453    -0.72795090783371854760309325517969456691    -0.81356992836593604553360110018680843152    0.007816374422564551839809129168663240113
  -0.72795090783371854760309325517969456691     0.36656714083596058557790779652838322453    -0.81356992836593604553360110018680843152    0.007816374422564551839809129168663240113
  -0.36656714083596058557790779652838322453     0.72795090783371854760309325517969456691    -0.81356992836593604553360110018680843152    0.007816374422564551839809129168663240113
   0.72795090783371854760309325517969456691    -0.36656714083596058557790779652838322453    -0.81356992836593604553360110018680843152    0.007816374422564551839809129168663240113
  -0.36656714083596058557790779652838322453    -0.72795090783371854760309325517969456691    -0.81356992836593604553360110018680843152    0.007816374422564551839809129168663240113
  -0.72795090783371854760309325517969456691    -0.36656714083596058557790779652838322453    -0.81356992836593604553360110018680843152    0.007816374422564551839809129168663240113
   0.36704043552084037277724171366009482669     0.61213005269266586574563988217587807908     -0.6241317806971146926013005345180799172    0.010437414607975571491294718698218157329
   0.61213005269266586574563988217587807908     0.36704043552084037277724171366009482669     -0.6241317806971146926013005345180799172    0.010437414607975571491294718698218157329
   0.36704043552084037277724171366009482669    -0.61213005269266586574563988217587807908     -0.6241317806971146926013005345180799172    0.010437414607975571491294718698218157329
  -0.61213005269266586574563988217587807908     0.36704043552084037277724171366009482669     -0.6241317806971146926013005345180799172    0.010437414607975571491294718698218157329
  -0.36704043552084037277724171366009482669     0.61213005269266586574563988217587807908     -0.6241317806971146926013005345180799172    0.010437414607975571491294718698218157329
   0.61213005269266586574563988217587807908    -0.36704043552084037277724171366009482669     -0.6241317806971146926013005345180799172    0.010437414607975571491294718698218157329
  -0.36704043552084037277724171366009482669    -0.61213005269266586574563988217587807908     -0.6241317806971146926013005345180799172    0.010437414607975571491294718698218157329
  -0.61213005269266586574563988217587807908    -0.36704043552084037277724171366009482669     -0.6241317806971146926013005345180799172    0.010437414607975571491294718698218157329
   0.38135802467651754814511522070575589103     0.49465735343631026597468764120892841486    0.010297249936360341281228944618292822707   0.0011599320529372701700979916288980161823
   0.49465735343631026597468764120892841486     0.38135802467651754814511522070575589103    0.010297249936360341281228944618292822707   0.0011599320529372701700979916288980161823
   0.38135802467651754814511522070575589103    -0.49465735343631026597468764120892841486    0.010297249936360341281228944618292822707   0.0011599320529372701700979916288980161823
  -0.49465735343631026597468764120892841486     0.38135802467651754814511522070575589103    0.010297249936360341281228944618292822707   0.0011599320529372701700979916288980161823
  -0.38135802467651754814511522070575589103     0.49465735343631026597468764120892841486    0.010297249936360341281228944618292822707   0.0011599320529372701700979916288980161823
   0.49465735343631026597468764120892841486    -0.38135802467651754814511522070575589103    0.010297249936360341281228944618292822707   0.0011599320529372701700979916288980161823
  -0.38135802467651754814511522070575589103    -0.49465735343631026597468764120892841486    0.010297249936360341281228944618292822707   0.0011599320529372701700979916288980161823
  -0.49465735343631026597468764120892841486    -0.38135802467651754814511522070575589103    0.010297249936360341281228944618292822707   0.0011599320529372701700979916288980161823
   0.38982771247205280458665794754312159552     0.48185851945368777453420594460929815897    -0.10607742072076470845893127854420238901   0.0042517649587822001171832256908947712133
   0.48185851945368777453420594460929815897     0.38982771247205280458665794754312159552    -0.10607742072076470845893127854420238901   0.0042517649587822001171832256908947712133
   0.38982771247205280458665794754312159552    -0.48185851945368777453420594460929815897    -0.10607742072076470845893127854420238901   0.0042517649587822001171832256908947712133
  -0.48185851945368777453420594460929815897     0.38982771247205280458665794754312159552    -0.10607742072076470845893127854420238901   0.0042517649587822001171832256908947712133
  -0.38982771247205280458665794754312159552     0.48185851945368777453420594460929815897    -0.10607742072076470845893127854420238901   0.0042517649587822001171832256908947712133
   0.48185851945368777453420594460929815897    -0.38982771247205280458665794754312159552    -0.10607742072076470845893127854420238901   0.0042517649587822001171832256908947712133
  -0.38982771247205280458665794754312159552    -0.48185851945368777453420594460929815897    -0.10607742072076470845893127854420238901   0.0042517649587822001171832256908947712133
  -0.48185851945368777453420594460929815897    -0.38982771247205280458665794754312159552    -0.10607742072076470845893127854420238901   0.0042517649587822001171832256908947712133
    0.4559047829958794958003503786448855325     0.85437895627726388338663946492678341687    -0.75860151844077052129631813593212939117   0.0034564006497334579452062278494424418977
   0.85437895627726388338663946492678341687      0.4559047829958794958003503786448855325    -0.75860151844077052129631813593212939117   0.0034564006497334579452062278494424418977
    0.4559047829958794958003503786448855325    -0.85437895627726388338663946492678341687    -0.75860151844077052129631813593212939117   0.0034564006497334579452062278494424418977
  -0.85437895627726388338663946492678341687      0.4559047829958794958003503786448855325    -0.75860151844077052129631813593212939117   0.0034564006497334579452062278494424418977
   -0.4559047829958794958003503786448855325     0.85437895627726388338663946492678341687    -0.75860151844077052129631813593212939117   0.0034564006497334579452062278494424418977
   0.85437895627726388338663946492678341687     -0.4559047829958794958003503786448855325    -0.75860151844077052129631813593212939117   0.0034564006497334579452062278494424418977
   -0.4559047829958794958003503786448855325    -0.85437895627726388338663946492678341687    -0.75860151844077052129631813593212939117   0.0034564006497334579452062278494424418977
  -0.85437895627726388338663946492678341687     -0.4559047829958794958003503786448855325    -0.75860151844077052129631813593212939117   0.0034564006497334579452062278494424418977
   0.46224568623820947037706650175009153874     0.61154386203396225241039295908488837471    -0.44118012861362519868932516495098019827   0.0093684533763666911809946473756854490981
   0.61154386203396225241039295908488837471     0.46224568623820947037706650175009153874    -0.44118012861362519868932516495098019827   0.0093684533763666911809946473756854490981
   0.46224568623820947037706650175009153874    -0.61154386203396225241039295908488837471    -0.44118012861362519868932516495098019827   0.0093684533763666911809946473756854490981
  -0.61154386203396225241039295908488837471     0.46224568623820947037706650175009153874    -0.44118012861362519868932516495098019827   0.0093684533763666911809946473756854490981
  -0.46224568623820947037706650175009153874     0.61154386203396225241039295908488837471    -0.44118012861362519868932516495098019827   0.0093684533763666911809946473756854490981
   0.61154386203396225241039295908488837471    -0.46224568623820947037706650175009153874    -0.44118012861362519868932516495098019827   0.0093684533763666911809946473756854490981
  -0.46224568623820947037706650175009153874    -0.61154386203396225241039295908488837471    -0.44118012861362519868932516495098019827   0.0093684533763666911809946473756854490981
  -0.61154386203396225241039295908488837471    -0.46224568623820947037706650175009153874    -0.44118012861362519868932516495098019827   0.0093684533763666911809946473756854490981
   0.48141342285231717491516926960845867392     0.83347670344175089921719020417171598686    -0.90845371338439165664498552692679923642   0.0043566134555494007512127483193046830488
   0.83347670344175089921719020417171598686     0.48141342285231717491516926960845867392    -0.90845371338439165664498552692679923642   0.0043566134555494007512127483193046830488
   0.48141342285231717491516926960845867392    -0.83347670344175089921719020417171598686    -0.90845371338439165664498552692679923642   0.0043566134555494007512127483193046830488
  -0.83347670344175089921719020417171598686     0.48141342285231717491516926960845867392    -0.90845371338439165664498552692679923642   0.0043566134555494007512127483193046830488
  -0.48141342285231717491516926960845867392     0.83347670344175089921719020417171598686    -0.90845371338439165664498552692679923642   0.0043566134555494007512127483193046830488
   0.83347670344175089921719020417171598686    -0.48141342285231717491516926960845867392    -0.90845371338439165664498552692679923642   0.0043566134555494007512127483193046830488
  -0.48141342285231717491516926960845867392    -0.83347670344175089921719020417171598686    -0.90845371338439165664498552692679923642   0.0043566134555494007512127483193046830488
  -0.83347670344175089921719020417171598686    -0.48141342285231717491516926960845867392    -0.90845371338439165664498552692679923642   0.0043566134555494007512127483193046830488
   0.50369122097986302227976517811147849026     0.74496616908128025233345194579397662313    -0.99475573816604112810410560259889009413   0.0017118613484793768414128044536789503753
   0.74496616908128025233345194579397662313     0.50369122097986302227976517811147849026    -0.99475573816604112810410560259889009413   0.0017118613484793768414128044536789503753
   0.50369122097986302227976517811147849026    -0.74496616908128025233345194579397662313    -0.99475573816604112810410560259889009413   0.0017118613484793768414128044536789503753
  -0.74496616908128025233345194579397662313     0.50369122097986302227976517811147849026    -0.99475573816604112810410560259889009413   0.0017118613484793768414128044536789503753
  -0.50369122097986302227976517811147849026     0.74496616908128025233345194579397662313    -0.99475573816604112810410560259889009413   0.0017118613484793768414128044536789503753
   0.74496616908128025233345194579397662313    -0.50369122097986302227976517811147849026    -0.99475573816604112810410560259889009413   0.0017118613484793768414128044536789503753
  -0.50369122097986302227976517811147849026    -0.74496616908128025233345194579397662313    -0.99475573816604112810410560259889009413   0.0017118613484793768414128044536789503753
  -0.74496616908128025233345194579397662313    -0.50369122097986302227976517811147849026    -0.99475573816604112810410560259889009413   0.0017118613484793768414128044536789503753
   0.51299516897631628270292294567953908226     0.67002354784671065638120386543461932505     -0.3530090747823287140179933478532032809   0.0015391934694185595214430534906216615181
   0.67002354784671065638120386543461932505     0.51299516897631628270292294567953908226     -0.3530090747823287140179933478532032809   0.0015391934694185595214430534906216615181
   0.51299516897631628270292294567953908226    -0.67002354784671065638120386543461932505     -0.3530090747823287140179933478532032809   0.0015391934694185595214430534906216615181
  -0.67002354784671065638120386543461932505     0.51299516897631628270292294567953908226     -0.3530090747823287140179933478532032809   0.0015391934694185595214430534906216615181
  -0.51299516897631628270292294567953908226     0.67002354784671065638120386543461932505     -0.3530090747823287140179933478532032809   0.0015391934694185595214430534906216615181
   0.67002354784671065638120386543461932505    -0.51299516897631628270292294567953908226     -0.3530090747823287140179933478532032809   0.0015391934694185595214430534906216615181
  -0.51299516897631628270292294567953908226    -0.67002354784671065638120386543461932505     -0.3530090747823287140179933478532032809   0.0015391934694185595214430534906216615181
  -0.67002354784671065638120386543461932505    -0.51299516897631628270292294567953908226     -0.3530090747823287140179933478532032809   0.0015391934694185595214430534906216615181
   0.54288192642769080121151190962864451866     0.97336707703637826484672157502129252123    -0.97567504203171347341365600111253268235   0.0008083943069754888578970198064118644301
   0.97336707703637826484672157502129252123     0.54288192642769080121151190962864451866    -0.97567504203171347341365600111253268235   0.0008083943069754888578970198064118644301
   0.54288192642769080121151190962864451866    -0.97336707703637826484672157502129252123    -0.97567504203171347341365600111253268235   0.0008083943069754888578970198064118644301
  -0.97336707703637826484672157502129252123     0.54288192642769080121151190962864451866    -0.97567504203171347341365600111253268235   0.0008083943069754888578970198064118644301
  -0.54288192642769080121151190962864451866     0.97336707703637826484672157502129252123    -0.97567504203171347341365600111253268235   0.0008083943069754888578970198064118644301
   0.97336707703637826484672157502129252123    -0.54288192642769080121151190962864451866    -0.97567504203171347341365600111253268235   0.0008083943069754888578970198064118644301
  -0.54288192642769080121151190962864451866    -0.97336707703637826484672157502129252123    -0.97567504203171347341365600111253268235   0.0008083943069754888578970198064118644301
  -0.97336707703637826484672157502129252123    -0.54288192642769080121151190962864451866    -0.97567504203171347341365600111253268235   0.0008083943069754888578970198064118644301
   0.54659740605139494558258302688949080702     0.84502242806372434663270048995828437097    -0.96775970149975037087900082347283620778   0.0016212255111555475025218892486558841222
   0.84502242806372434663270048995828437097     0.54659740605139494558258302688949080702    -0.96775970149975037087900082347283620778   0.0016212255111555475025218892486558841222
   0.54659740605139494558258302688949080702    -0.84502242806372434663270048995828437097    -0.96775970149975037087900082347283620778   0.0016212255111555475025218892486558841222
  -0.84502242806372434663270048995828437097     0.54659740605139494558258302688949080702    -0.96775970149975037087900082347283620778   0.0016212255111555475025218892486558841222
  -0.54659740605139494558258302688949080702     0.84502242806372434663270048995828437097    -0.96775970149975037087900082347283620778   0.0016212255111555475025218892486558841222
   0.84502242806372434663270048995828437097    -0.54659740605139494558258302688949080702    -0.96775970149975037087900082347283620778   0.0016212255111555475025218892486558841222
  -0.54659740605139494558258302688949080702    -0.84502242806372434663270048995828437097    -0.96775970149975037087900082347283620778   0.0016212255111555475025218892486558841222
  -0.84502242806372434663270048995828437097    -0.54659740605139494558258302688949080702    -0.96775970149975037087900082347283620778   0.0016212255111555475025218892486558841222
   0.58218252963024064960547748953716847383     0.78322149664216524894840377228046913474    -0.59175089287366973248710333327950047351   0.0023905450382687319716893931797797215731
   0.78322149664216524894840377228046913474     0.58218252963024064960547748953716847383    -0.59175089287366973248710333327950047351   0.0023905450382687319716893931797797215731
   0.58218252963024064960547748953716847383    -0.78322149664216524894840377228046913474    -0.59175089287366973248710333327950047351   0.0023905450382687319716893931797797215731
  -0.78322149664216524894840377228046913474     0.58218252963024064960547748953716847383    -0.59175089287366973248710333327950047351   0.0023905450382687319716893931797797215731
  -0.58218252963024064960547748953716847383     0.78322149664216524894840377228046913474    -0.59175089287366973248710333327950047351   0.0023905450382687319716893931797797215731
   0.78322149664216524894840377228046913474    -0.58218252963024064960547748953716847383    -0.59175089287366973248710333327950047351   0.0023905450382687319716893931797797215731
  -0.58218252963024064960547748953716847383    -0.78322149664216524894840377228046913474    -0.59175089287366973248710333327950047351   0.0023905450382687319716893931797797215731
  -0.78322149664216524894840377228046913474    -0.58218252963024064960547748953716847383    -0.59175089287366973248710333327950047351   0.0023905450382687319716893931797797215731
   0.59687878455295176704129571011849185387     0.75067193402764578748804439934641754579     -0.7242592697429851795829147905274520127    0.007118602923604279990849265475970693936
   0.75067193402764578748804439934641754579     0.59687878455295176704129571011849185387     -0.7242592697429851795829147905274520127    0.007118602923604279990849265475970693936
   0.59687878455295176704129571011849185387    -0.75067193402764578748804439934641754579     -0.7242592697429851795829147905274520127    0.007118602923604279990849265475970693936
  -0.75067193402764578748804439934641754579     0.59687878455295176704129571011849185387     -0.7242592697429851795829147905274520127    0.007118602923604279990849265475970693936
  -0.59687878455295176704129571011849185387     0.75067193402764578748804439934641754579     -0.7242592697429851795829147905274520127    0.007118602923604279990849265475970693936
   0.75067193402764578748804439934641754579    -0.59687878455295176704129571011849185387     -0.7242592697429851795829147905274520127    0.007118602923604279990849265475970693936
  -0.59687878455295176704129571011849185387    -0.75067193402764578748804439934641754579     -0.7242592697429851795829147905274520127    0.007118602923604279990849265475970693936
  -0.75067193402764578748804439934641754579    -0.59687878455295176704129571011849185387     -0.7242592697429851795829147905274520127    0.007118602923604279990849265475970693936
   0.65195579095678241795280829889334448495     0.90831159113921184887771271845806954803    -0.89137054471272980117931521279726768949   0.0029154754949882063112752263984967330191
   0.90831159113921184887771271845806954803     0.65195579095678241795280829889334448495    -0.89137054471272980117931521279726768949   0.0029154754949882063112752263984967330191
   0.65195579095678241795280829889334448495    -0.90831159113921184887771271845806954803    -0.89137054471272980117931521279726768949   0.0029154754949882063112752263984967330191
  -0.90831159113921184887771271845806954803     0.65195579095678241795280829889334448495    -0.89137054471272980117931521279726768949   0.0029154754949882063112752263984967330191
  -0.65195579095678241795280829889334448495     0.90831159113921184887771271845806954803    -0.89137054471272980117931521279726768949   0.0029154754949882063112752263984967330191
   0.90831159113921184887771271845806954803    -0.65195579095678241795280829889334448495    -0.89137054471272980117931521279726768949   0.0029154754949882063112752263984967330191
  -0.65195579095678241795280829889334448495    -0.90831159113921184887771271845806954803    -0.89137054471272980117931521279726768949   0.0029154754949882063112752263984967330191
  -0.90831159113921184887771271845806954803    -0.65195579095678241795280829889334448495    -0.89137054471272980117931521279726768949   0.0029154754949882063112752263984967330191
   0.74693701285434168840175065278642180708     0.90754391655581717231372606868374790425    -0.98982871785256069234011964196875930218   0.0012201622467041960502714588281049277591
   0.90754391655581717231372606868374790425     0.74693701285434168840175065278642180708    -0.98982871785256069234011964196875930218   0.0012201622467041960502714588281049277591
   0.74693701285434168840175065278642180708    -0.90754391655581717231372606868374790425    -0.98982871785256069234011964196875930218   0.0012201622467041960502714588281049277591
  -0.90754391655581717231372606868374790425     0.74693701285434168840175065278642180708    -0.98982871785256069234011964196875930218   0.0012201622467041960502714588281049277591
  -0.74693701285434168840175065278642180708     0.90754391655581717231372606868374790425    -0.98982871785256069234011964196875930218   0.0012201622467041960502714588281049277591
   0.90754391655581717231372606868374790425    -0.74693701285434168840175065278642180708    -0.98982871785256069234011964196875930218   0.0012201622467041960502714588281049277591
  -0.74693701285434168840175065278642180708    -0.90754391655581717231372606868374790425    -0.98982871785256069234011964196875930218   0.0012201622467041960502714588281049277591
  -0.90754391655581717231372606868374790425    -0.74693701285434168840175065278642180708    -0.98982871785256069234011964196875930218   0.0012201622467041960502714588281049277591
    0.7845808748902592924073203368593133529     0.87447816539823713501415271687653946756    -0.79361687860455229492716133749530128553    0.002048747761299959106619257433899134405
   0.87447816539823713501415271687653946756      0.7845808748902592924073203368593133529    -0.79361687860455229492716133749530128553    0.002048747761299959106619257433899134405
    0.7845808748902592924073203368593133529    -0.87447816539823713501415271687653946756    -0.79361687860455229492716133749530128553    0.002048747761299959106619257433899134405
  -0.87447816539823713501415271687653946756      0.7845808748902592924073203368593133529    -0.79361687860455229492716133749530128553    0.002048747761299959106619257433899134405
   -0.7845808748902592924073203368593133529     0.87447816539823713501415271687653946756    -0.79361687860455229492716133749530128553    0.002048747761299959106619257433899134405
   0.87447816539823713501415271687653946756     -0.7845808748902592924073203368593133529    -0.79361687860455229492716133749530128553    0.002048747761299959106619257433899134405
   -0.7845808748902592924073203368593133529    -0.87447816539823713501415271687653946756    -0.79361687860455229492716133749530128553    0.002048747761299959106619257433899134405
  -0.87447816539823713501415271687653946756     -0.7845808748902592924073203368593133529    -0.79361687860455229492716133749530128553    0.002048747761299959106619257433899134405
   0.82421734973371599437436510196830772814     0.97672927004505918740574582244555078042    -0.96518116453593294535744628169505541859   0.0004934807865790916050345779107418818543
   0.97672927004505918740574582244555078042     0.82421734973371599437436510196830772814    -0.96518116453593294535744628169505541859   0.0004934807865790916050345779107418818543
   0.82421734973371599437436510196830772814    -0.97672927004505918740574582244555078042    -0.96518116453593294535744628169505541859   0.0004934807865790916050345779107418818543
  -0.97672927004505918740574582244555078042     0.82421734973371599437436510196830772814    -0.96518116453593294535744628169505541859   0.0004934807865790916050345779107418818543
  -0.82421734973371599437436510196830772814     0.97672927004505918740574582244555078042    -0.96518116453593294535744628169505541859   0.0004934807865790916050345779107418818543
   0.97672927004505918740574582244555078042    -0.82421734973371599437436510196830772814    -0.96518116453593294535744628169505541859   0.0004934807865790916050345779107418818543
  -0.82421734973371599437436510196830772814    -0.97672927004505918740574582244555078042    -0.96518116453593294535744628169505541859   0.0004934807865790916050345779107418818543
  -0.97672927004505918740574582244555078042    -0.82421734973371599437436510196830772814    -0.96518116453593294535744628169505541859   0.0004934807865790916050345779107418818543

