                                           0                                             0      0.16961086821625198841160807357430296303      0.13184265374874503915150962831580955798
                                           0                                             0     -0.45709920916162097942096244184174038575      0.23294583850972276008807786158154187047
                                           0                                             0      -0.8571191395690919692972040925801237448       0.1025615399916185433427056721703912695
    0.79609608877425818401350057240825839617                                             0     -0.99999998535272208389601372955851209324     0.025002825067006628763387217678722243502
                                           0      0.79609608877425818401350057240825839617     -0.99999998535272208389601372955851209324     0.025002825067006628763387217678722243502
   -0.79609608877425818401350057240825839617                                             0     -0.99999998535272208389601372955851209324     0.025002825067006628763387217678722243502
                                           0     -0.79609608877425818401350057240825839617     -0.99999998535272208389601372955851209324     0.025002825067006628763387217678722243502
    0.56488895874183987384568871426044651743                                             0     -0.15563259879788280847417645674822833541     0.043496051243830853021390765401449212594
                                           0      0.56488895874183987384568871426044651743     -0.15563259879788280847417645674822833541     0.043496051243830853021390765401449212594
   -0.56488895874183987384568871426044651743                                             0     -0.15563259879788280847417645674822833541     0.043496051243830853021390765401449212594
                                           0     -0.56488895874183987384568871426044651743     -0.15563259879788280847417645674822833541     0.043496051243830853021390765401449212594
    0.75302269354894756094500969219941272468                                             0     -0.70447200540690062790548707515722730722     0.085972592189522311083702670388617702554
                                           0      0.75302269354894756094500969219941272468     -0.70447200540690062790548707515722730722     0.085972592189522311083702670388617702554
   -0.75302269354894756094500969219941272468                                             0     -0.70447200540690062790548707515722730722     0.085972592189522311083702670388617702554
                                           0     -0.75302269354894756094500969219941272468     -0.70447200540690062790548707515722730722     0.085972592189522311083702670388617702554
    0.24657794246228701631399967234303066604      0.24657794246228701631399967234303066604      0.34690569585096941192869185686421558358     0.033693598991694192959947383133729992714
    0.24657794246228701631399967234303066604     -0.24657794246228701631399967234303066604      0.34690569585096941192869185686421558358     0.033693598991694192959947383133729992714
   -0.24657794246228701631399967234303066604      0.24657794246228701631399967234303066604      0.34690569585096941192869185686421558358     0.033693598991694192959947383133729992714
   -0.24657794246228701631399967234303066604     -0.24657794246228701631399967234303066604      0.34690569585096941192869185686421558358     0.033693598991694192959947383133729992714
      0.733889532546736034455005667208354524        0.733889532546736034455005667208354524     -0.50885838992749887300910718599394991577     0.016574786736306812829168423699380538904
      0.733889532546736034455005667208354524       -0.733889532546736034455005667208354524     -0.50885838992749887300910718599394991577     0.016574786736306812829168423699380538904
     -0.733889532546736034455005667208354524        0.733889532546736034455005667208354524     -0.50885838992749887300910718599394991577     0.016574786736306812829168423699380538904
     -0.733889532546736034455005667208354524       -0.733889532546736034455005667208354524     -0.50885838992749887300910718599394991577     0.016574786736306812829168423699380538904
 8.2682671512759671070733214668120998744e-05   8.2682671512759671070733214668120998744e-05      0.71650072530116328406253461877461140784    0.0069686742230647669915684670235521865055
 8.2682671512759671070733214668120998744e-05  -8.2682671512759671070733214668120998744e-05      0.71650072530116328406253461877461140784    0.0069686742230647669915684670235521865055
-8.2682671512759671070733214668120998744e-05   8.2682671512759671070733214668120998744e-05      0.71650072530116328406253461877461140784    0.0069686742230647669915684670235521865055
-8.2682671512759671070733214668120998744e-05  -8.2682671512759671070733214668120998744e-05      0.71650072530116328406253461877461140784    0.0069686742230647669915684670235521865055
    0.39899655709522770213204971246835352882      0.39899655709522770213204971246835352882       -0.905193536761024932000392660301831356     0.078199915186776001276629590295086773482
    0.39899655709522770213204971246835352882     -0.39899655709522770213204971246835352882       -0.905193536761024932000392660301831356     0.078199915186776001276629590295086773482
   -0.39899655709522770213204971246835352882      0.39899655709522770213204971246835352882       -0.905193536761024932000392660301831356     0.078199915186776001276629590295086773482
   -0.39899655709522770213204971246835352882     -0.39899655709522770213204971246835352882       -0.905193536761024932000392660301831356     0.078199915186776001276629590295086773482
    0.36531241447958999003326854299025213837      0.36531241447958999003326854299025213837     -0.19562858755898781208157405487726925012      0.09695835803779916324529325757517456104
    0.36531241447958999003326854299025213837     -0.36531241447958999003326854299025213837     -0.19562858755898781208157405487726925012      0.09695835803779916324529325757517456104
   -0.36531241447958999003326854299025213837      0.36531241447958999003326854299025213837     -0.19562858755898781208157405487726925012      0.09695835803779916324529325757517456104
   -0.36531241447958999003326854299025213837     -0.36531241447958999003326854299025213837     -0.19562858755898781208157405487726925012      0.09695835803779916324529325757517456104
    0.48342524404083818448316048507452071227      0.48342524404083818448316048507452071227      -0.6193703578271817921429725882760024584      0.10928549585578987401418986532517092138
    0.48342524404083818448316048507452071227     -0.48342524404083818448316048507452071227      -0.6193703578271817921429725882760024584      0.10928549585578987401418986532517092138
   -0.48342524404083818448316048507452071227      0.48342524404083818448316048507452071227      -0.6193703578271817921429725882760024584      0.10928549585578987401418986532517092138
   -0.48342524404083818448316048507452071227     -0.48342524404083818448316048507452071227      -0.6193703578271817921429725882760024584      0.10928549585578987401418986532517092138
    0.63140479760056088062582891340019355538      0.89485619649153056248689063682197549292     -0.90904839155249779567018573275816306293     0.026838430536177238417907867814423429749
    0.89485619649153056248689063682197549292      0.63140479760056088062582891340019355538     -0.90904839155249779567018573275816306293     0.026838430536177238417907867814423429749
    0.63140479760056088062582891340019355538     -0.89485619649153056248689063682197549292     -0.90904839155249779567018573275816306293     0.026838430536177238417907867814423429749
   -0.89485619649153056248689063682197549292      0.63140479760056088062582891340019355538     -0.90904839155249779567018573275816306293     0.026838430536177238417907867814423429749
   -0.63140479760056088062582891340019355538      0.89485619649153056248689063682197549292     -0.90904839155249779567018573275816306293     0.026838430536177238417907867814423429749
    0.89485619649153056248689063682197549292     -0.63140479760056088062582891340019355538     -0.90904839155249779567018573275816306293     0.026838430536177238417907867814423429749
   -0.63140479760056088062582891340019355538     -0.89485619649153056248689063682197549292     -0.90904839155249779567018573275816306293     0.026838430536177238417907867814423429749
   -0.89485619649153056248689063682197549292     -0.63140479760056088062582891340019355538     -0.90904839155249779567018573275816306293     0.026838430536177238417907867814423429749
