                                         0                                           0   -0.92570813813698889109129119190081512807   0.085460984360913357764893933078028332729
                                         0                                           0    0.38840052634065219135681708305790886389   0.063448589186874929695131357848153481143
  0.92582009586084253032799389643931359042                                           0   -0.99999999154974290966555556001355192819   0.011128992807985123067277549928909458533
                                         0    0.92582009586084253032799389643931359042   -0.99999999154974290966555556001355192819   0.011128992807985123067277549928909458533
 -0.92582009586084253032799389643931359042                                           0   -0.99999999154974290966555556001355192819   0.011128992807985123067277549928909458533
                                         0   -0.92582009586084253032799389643931359042   -0.99999999154974290966555556001355192819   0.011128992807985123067277549928909458533
  0.67609699211636384672984868113196489501                                           0   -0.46053643095988580287931352750197363634   0.059450110292314583119663538852454940094
                                         0    0.67609699211636384672984868113196489501   -0.46053643095988580287931352750197363634   0.059450110292314583119663538852454940094
 -0.67609699211636384672984868113196489501                                           0   -0.46053643095988580287931352750197363634   0.059450110292314583119663538852454940094
                                         0   -0.67609699211636384672984868113196489501   -0.46053643095988580287931352750197363634   0.059450110292314583119663538852454940094
  0.61633217785092524266810713694367497984                                           0   -0.83333333333333333333333333333333333333     0.0776747274078750789822277466474486484
                                         0    0.61633217785092524266810713694367497984   -0.83333333333333333333333333333333333333     0.0776747274078750789822277466474486484
 -0.61633217785092524266810713694367497984                                           0   -0.83333333333333333333333333333333333333     0.0776747274078750789822277466474486484
                                         0   -0.61633217785092524266810713694367497984   -0.83333333333333333333333333333333333333     0.0776747274078750789822277466474486484
   0.4319711692851802893108753357781180147                                           0   0.066835620891566889973434395390065117459   0.030778150795469403052702032209364808496
                                         0     0.4319711692851802893108753357781180147   0.066835620891566889973434395390065117459   0.030778150795469403052702032209364808496
  -0.4319711692851802893108753357781180147                                           0   0.066835620891566889973434395390065117459   0.030778150795469403052702032209364808496
                                         0    -0.4319711692851802893108753357781180147   0.066835620891566889973434395390065117459   0.030778150795469403052702032209364808496
   0.2418018136307698645699176701173330115     0.2418018136307698645699176701173330115    0.32397601743070136249634461603450683373   0.026934866206292627452016019156950031128
   0.2418018136307698645699176701173330115    -0.2418018136307698645699176701173330115    0.32397601743070136249634461603450683373   0.026934866206292627452016019156950031128
  -0.2418018136307698645699176701173330115     0.2418018136307698645699176701173330115    0.32397601743070136249634461603450683373   0.026934866206292627452016019156950031128
  -0.2418018136307698645699176701173330115    -0.2418018136307698645699176701173330115    0.32397601743070136249634461603450683373   0.026934866206292627452016019156950031128
  0.84407916290318983449502858785742636196    0.84407916290318983449502858785742636196   -0.69559058038907269643252446934200271874  0.0054906085371215318653035688791270966898
  0.84407916290318983449502858785742636196   -0.84407916290318983449502858785742636196   -0.69559058038907269643252446934200271874  0.0054906085371215318653035688791270966898
 -0.84407916290318983449502858785742636196    0.84407916290318983449502858785742636196   -0.69559058038907269643252446934200271874  0.0054906085371215318653035688791270966898
 -0.84407916290318983449502858785742636196   -0.84407916290318983449502858785742636196   -0.69559058038907269643252446934200271874  0.0054906085371215318653035688791270966898
  0.22796693876082527450191978423554002258    0.22796693876082527450191978423554002258   -0.15546892682110902998061305430650131847   0.091321836708580883183025234669307589456
  0.22796693876082527450191978423554002258   -0.22796693876082527450191978423554002258   -0.15546892682110902998061305430650131847   0.091321836708580883183025234669307589456
 -0.22796693876082527450191978423554002258    0.22796693876082527450191978423554002258   -0.15546892682110902998061305430650131847   0.091321836708580883183025234669307589456
 -0.22796693876082527450191978423554002258   -0.22796693876082527450191978423554002258   -0.15546892682110902998061305430650131847   0.091321836708580883183025234669307589456
  0.50278497713501010732851661733402034476    0.50278497713501010732851661733402034476   -0.20647126020221948473530582466409396899   0.034425103045059116731460865162898501905
  0.50278497713501010732851661733402034476   -0.50278497713501010732851661733402034476   -0.20647126020221948473530582466409396899   0.034425103045059116731460865162898501905
 -0.50278497713501010732851661733402034476    0.50278497713501010732851661733402034476   -0.20647126020221948473530582466409396899   0.034425103045059116731460865162898501905
 -0.50278497713501010732851661733402034476   -0.50278497713501010732851661733402034476   -0.20647126020221948473530582466409396899   0.034425103045059116731460865162898501905
  0.26050107498343109780824156599994159958    0.26050107498343109780824156599994159958   -0.59835855612565852733392737890318400229   0.098966083060889195749931548220643079817
  0.26050107498343109780824156599994159958   -0.26050107498343109780824156599994159958   -0.59835855612565852733392737890318400229   0.098966083060889195749931548220643079817
 -0.26050107498343109780824156599994159958    0.26050107498343109780824156599994159958   -0.59835855612565852733392737890318400229   0.098966083060889195749931548220643079817
 -0.26050107498343109780824156599994159958   -0.26050107498343109780824156599994159958   -0.59835855612565852733392737890318400229   0.098966083060889195749931548220643079817
 0.092695873086724294634409475285537266946   0.092695873086724294634409475285537266946    0.73229074155927557470203809617847092006  0.0059165284766696216483252319063621153113
 0.092695873086724294634409475285537266946  -0.092695873086724294634409475285537266946    0.73229074155927557470203809617847092006  0.0059165284766696216483252319063621153113
-0.092695873086724294634409475285537266946   0.092695873086724294634409475285537266946    0.73229074155927557470203809617847092006  0.0059165284766696216483252319063621153113
-0.092695873086724294634409475285537266946  -0.092695873086724294634409475285537266946    0.73229074155927557470203809617847092006  0.0059165284766696216483252319063621153113
  0.48321616807064450811403139613908012977    0.48321616807064450811403139613908012977   -0.96099197501517696963244605665802872457   0.042549891029853590361699211197576823164
  0.48321616807064450811403139613908012977   -0.48321616807064450811403139613908012977   -0.96099197501517696963244605665802872457   0.042549891029853590361699211197576823164
 -0.48321616807064450811403139613908012977    0.48321616807064450811403139613908012977   -0.96099197501517696963244605665802872457   0.042549891029853590361699211197576823164
 -0.48321616807064450811403139613908012977   -0.48321616807064450811403139613908012977   -0.96099197501517696963244605665802872457   0.042549891029853590361699211197576823164
  0.56718550560823240035320376398524873163    0.56718550560823240035320376398524873163   -0.57366279658687978481813471518028589696   0.061512848339540276373149763598941694174
  0.56718550560823240035320376398524873163   -0.56718550560823240035320376398524873163   -0.57366279658687978481813471518028589696   0.061512848339540276373149763598941694174
 -0.56718550560823240035320376398524873163    0.56718550560823240035320376398524873163   -0.57366279658687978481813471518028589696   0.061512848339540276373149763598941694174
 -0.56718550560823240035320376398524873163   -0.56718550560823240035320376398524873163   -0.57366279658687978481813471518028589696   0.061512848339540276373149763598941694174
  0.84639499151387610363269282068500210562    0.84639499151387610363269282068500210562    -0.9693044055039805656571133868955522239    0.01226506819386170482790970630106848162
  0.84639499151387610363269282068500210562   -0.84639499151387610363269282068500210562    -0.9693044055039805656571133868955522239    0.01226506819386170482790970630106848162
 -0.84639499151387610363269282068500210562    0.84639499151387610363269282068500210562    -0.9693044055039805656571133868955522239    0.01226506819386170482790970630106848162
 -0.84639499151387610363269282068500210562   -0.84639499151387610363269282068500210562    -0.9693044055039805656571133868955522239    0.01226506819386170482790970630106848162
  0.84717786811774533056315715378413225505     0.4641907129661462762986126522881287914   -0.83333333333333333333333333333333333333   0.035512229189103429193484163602033972206
   0.4641907129661462762986126522881287914    0.84717786811774533056315715378413225505   -0.83333333333333333333333333333333333333   0.035512229189103429193484163602033972206
  0.84717786811774533056315715378413225505    -0.4641907129661462762986126522881287914   -0.83333333333333333333333333333333333333   0.035512229189103429193484163602033972206
  -0.4641907129661462762986126522881287914    0.84717786811774533056315715378413225505   -0.83333333333333333333333333333333333333   0.035512229189103429193484163602033972206
 -0.84717786811774533056315715378413225505     0.4641907129661462762986126522881287914   -0.83333333333333333333333333333333333333   0.035512229189103429193484163602033972206
   0.4641907129661462762986126522881287914   -0.84717786811774533056315715378413225505   -0.83333333333333333333333333333333333333   0.035512229189103429193484163602033972206
 -0.84717786811774533056315715378413225505    -0.4641907129661462762986126522881287914   -0.83333333333333333333333333333333333333   0.035512229189103429193484163602033972206
  -0.4641907129661462762986126522881287914   -0.84717786811774533056315715378413225505   -0.83333333333333333333333333333333333333   0.035512229189103429193484163602033972206
