                                        0                                          0  -0.99990903958359448324157651569821071245  0.066668205424525275886791453990965274088
                                        0                                          0  -0.21283424648469159495743047454829830674   0.26808048719971487350508383578016326765
                                        0                                          0   0.67736556563370307561404794332413479832  0.041885798472046210460725670120584684749
 0.86409875978771469746212899147839955436                                          0  -0.86666666666666666666666666666666666667  0.071178024781341107871720116618075801749
                                        0   0.86409875978771469746212899147839955436  -0.86666666666666666666666666666666666667  0.071178024781341107871720116618075801749
-0.86409875978771469746212899147839955436                                          0  -0.86666666666666666666666666666666666667  0.071178024781341107871720116618075801749
                                        0  -0.86409875978771469746212899147839955436  -0.86666666666666666666666666666666666667  0.071178024781341107871720116618075801749
 0.61721339984836764104437785105599968169                                          0  -0.33333333333333333333333333333333333333                                  0.0765625
                                        0   0.61721339984836764104437785105599968169  -0.33333333333333333333333333333333333333                                  0.0765625
-0.61721339984836764104437785105599968169                                          0  -0.33333333333333333333333333333333333333                                  0.0765625
                                        0  -0.61721339984836764104437785105599968169  -0.33333333333333333333333333333333333333                                  0.0765625
 0.35415238086811614472192282023591880504   0.35415238086811614472192282023591880504  -0.74142718092090097274899859132692797362   0.17589383239993943496133030969806235827
 0.35415238086811614472192282023591880504  -0.35415238086811614472192282023591880504  -0.74142718092090097274899859132692797362   0.17589383239993943496133030969806235827
-0.35415238086811614472192282023591880504   0.35415238086811614472192282023591880504  -0.74142718092090097274899859132692797362   0.17589383239993943496133030969806235827
-0.35415238086811614472192282023591880504  -0.35415238086811614472192282023591880504  -0.74142718092090097274899859132692797362   0.17589383239993943496133030969806235827
 0.80272585010008780509805139967826527905   0.80272585010008780509805139967826527905   -0.8397229396404438938817746892937556123  0.039429701216628418845191891303832420129
 0.80272585010008780509805139967826527905  -0.80272585010008780509805139967826527905   -0.8397229396404438938817746892937556123  0.039429701216628418845191891303832420129
-0.80272585010008780509805139967826527905   0.80272585010008780509805139967826527905   -0.8397229396404438938817746892937556123  0.039429701216628418845191891303832420129
-0.80272585010008780509805139967826527905  -0.80272585010008780509805139967826527905   -0.8397229396404438938817746892937556123  0.039429701216628418845191891303832420129
 0.25413534686185723866998548790851960044   0.25413534686185723866998548790851960044   0.21103986022119982736889633047207386205  0.078717625851263666944851563183733367932
 0.25413534686185723866998548790851960044  -0.25413534686185723866998548790851960044   0.21103986022119982736889633047207386205  0.078717625851263666944851563183733367932
-0.25413534686185723866998548790851960044   0.25413534686185723866998548790851960044   0.21103986022119982736889633047207386205  0.078717625851263666944851563183733367932
-0.25413534686185723866998548790851960044  -0.25413534686185723866998548790851960044   0.21103986022119982736889633047207386205  0.078717625851263666944851563183733367932
 0.61430510772078528251050043488178085003   0.61430510772078528251050043488178085003  -0.99999999982048339801908931464259502541  0.035476919918997616432307229513622918413
 0.61430510772078528251050043488178085003  -0.61430510772078528251050043488178085003  -0.99999999982048339801908931464259502541  0.035476919918997616432307229513622918413
-0.61430510772078528251050043488178085003   0.61430510772078528251050043488178085003  -0.99999999982048339801908931464259502541  0.035476919918997616432307229513622918413
-0.61430510772078528251050043488178085003  -0.61430510772078528251050043488178085003  -0.99999999982048339801908931464259502541  0.035476919918997616432307229513622918413
 0.52483269825437554768220460074528261831   0.52483269825437554768220460074528261831  -0.41891384901080493632836824125506837378  0.095249439724424831648115316376411493553
 0.52483269825437554768220460074528261831  -0.52483269825437554768220460074528261831  -0.41891384901080493632836824125506837378  0.095249439724424831648115316376411493553
-0.52483269825437554768220460074528261831   0.52483269825437554768220460074528261831  -0.41891384901080493632836824125506837378  0.095249439724424831648115316376411493553
-0.52483269825437554768220460074528261831  -0.52483269825437554768220460074528261831  -0.41891384901080493632836824125506837378  0.095249439724424831648115316376411493553
