                                          0                                            0    -0.97944878740364157633115864141524541135   0.0053858792764586716321417446300885138164
                                          0                                            0    -0.49828571235924310888996745916201185764    0.025158489113173046846695135420302117777
                                          0                                            0      0.2282443973186375868187241761075416528    0.011475468819409051791209087703117509294
   0.03451500732355418658818990228521286877                                            0     0.92595937103227215527173920412457222869  0.00013037755295400871615411461274976829341
                                          0     0.03451500732355418658818990228521286877     0.92595937103227215527173920412457222869  0.00013037755295400871615411461274976829341
  -0.03451500732355418658818990228521286877                                            0     0.92595937103227215527173920412457222869  0.00013037755295400871615411461274976829341
                                          0    -0.03451500732355418658818990228521286877     0.92595937103227215527173920412457222869  0.00013037755295400871615411461274976829341
  0.074260410704965352363178210622543463689                                            0     0.80886622052533876602532683204139390723   0.0012467568123890791973375883304296660155
                                          0    0.074260410704965352363178210622543463689     0.80886622052533876602532683204139390723   0.0012467568123890791973375883304296660155
 -0.074260410704965352363178210622543463689                                            0     0.80886622052533876602532683204139390723   0.0012467568123890791973375883304296660155
                                          0   -0.074260410704965352363178210622543463689     0.80886622052533876602532683204139390723   0.0012467568123890791973375883304296660155
   0.11779096934421485423822822571817914865                                            0     0.43171765989282164610175783204630797578   0.0061387449492808990766627739799529550609
                                          0     0.11779096934421485423822822571817914865     0.43171765989282164610175783204630797578   0.0061387449492808990766627739799529550609
  -0.11779096934421485423822822571817914865                                            0     0.43171765989282164610175783204630797578   0.0061387449492808990766627739799529550609
                                          0    -0.11779096934421485423822822571817914865     0.43171765989282164610175783204630797578   0.0061387449492808990766627739799529550609
   0.19618877120760617054826077063988396115                                            0     0.57508320493549324579234191298947454924   0.0021834647873937162300375368759095313217
                                          0     0.19618877120760617054826077063988396115     0.57508320493549324579234191298947454924   0.0021834647873937162300375368759095313217
  -0.19618877120760617054826077063988396115                                            0     0.57508320493549324579234191298947454924   0.0021834647873937162300375368759095313217
                                          0    -0.19618877120760617054826077063988396115     0.57508320493549324579234191298947454924   0.0021834647873937162300375368759095313217
   0.21071760522557943851247600187930761377                                            0    0.061902309854431807552168811079128884914     0.01668888272058468545979883708795934195
                                          0     0.21071760522557943851247600187930761377    0.061902309854431807552168811079128884914     0.01668888272058468545979883708795934195
  -0.21071760522557943851247600187930761377                                            0    0.061902309854431807552168811079128884914     0.01668888272058468545979883708795934195
                                          0    -0.21071760522557943851247600187930761377    0.061902309854431807552168811079128884914     0.01668888272058468545979883708795934195
   0.41539811368338827303695202539680964144                                            0    -0.79608241526326303935799442421228370385    0.016361016573413315118211494316779647236
                                          0     0.41539811368338827303695202539680964144    -0.79608241526326303935799442421228370385    0.016361016573413315118211494316779647236
  -0.41539811368338827303695202539680964144                                            0    -0.79608241526326303935799442421228370385    0.016361016573413315118211494316779647236
                                          0    -0.41539811368338827303695202539680964144    -0.79608241526326303935799442421228370385    0.016361016573413315118211494316779647236
   0.46858338344166747298033625100817055649                                            0     -0.9914096908877769542500716030036810685   0.0032589518466159987485243080056857748892
                                          0     0.46858338344166747298033625100817055649     -0.9914096908877769542500716030036810685   0.0032589518466159987485243080056857748892
  -0.46858338344166747298033625100817055649                                            0     -0.9914096908877769542500716030036810685   0.0032589518466159987485243080056857748892
                                          0    -0.46858338344166747298033625100817055649     -0.9914096908877769542500716030036810685   0.0032589518466159987485243080056857748892
   0.52282891706797532346433936323118432163                                            0    -0.92959629211382875697807213784598231053    0.011851823978658734866877507949279187308
                                          0     0.52282891706797532346433936323118432163    -0.92959629211382875697807213784598231053    0.011851823978658734866877507949279187308
  -0.52282891706797532346433936323118432163                                            0    -0.92959629211382875697807213784598231053    0.011851823978658734866877507949279187308
                                          0    -0.52282891706797532346433936323118432163    -0.92959629211382875697807213784598231053    0.011851823978658734866877507949279187308
    0.5262813074338376381388920415462769706                                            0    -0.10947190932068909975970984754847704952   0.0069465298313565290794673274820220007129
                                          0      0.5262813074338376381388920415462769706    -0.10947190932068909975970984754847704952   0.0069465298313565290794673274820220007129
   -0.5262813074338376381388920415462769706                                            0    -0.10947190932068909975970984754847704952   0.0069465298313565290794673274820220007129
                                          0     -0.5262813074338376381388920415462769706    -0.10947190932068909975970984754847704952   0.0069465298313565290794673274820220007129
   0.61661121696541487222504472730960024772                                            0     -0.6107440048483183902667547552720139549    0.011214181471800014054701750068658447083
                                          0     0.61661121696541487222504472730960024772     -0.6107440048483183902667547552720139549    0.011214181471800014054701750068658447083
  -0.61661121696541487222504472730960024772                                            0     -0.6107440048483183902667547552720139549    0.011214181471800014054701750068658447083
                                          0    -0.61661121696541487222504472730960024772     -0.6107440048483183902667547552720139549    0.011214181471800014054701750068658447083
   0.67303827635964612058071236781004639569                                            0     -0.4407041643469028146723864798958738799   0.0098242748146678264475962415379862025576
                                          0     0.67303827635964612058071236781004639569     -0.4407041643469028146723864798958738799   0.0098242748146678264475962415379862025576
  -0.67303827635964612058071236781004639569                                            0     -0.4407041643469028146723864798958738799   0.0098242748146678264475962415379862025576
                                          0    -0.67303827635964612058071236781004639569     -0.4407041643469028146723864798958738799   0.0098242748146678264475962415379862025576
   0.78866671862845622820961322773131701443                                            0    -0.77787420650050224191737760406481875333   0.0096300067628940581262796148122718351153
                                          0     0.78866671862845622820961322773131701443    -0.77787420650050224191737760406481875333   0.0096300067628940581262796148122718351153
  -0.78866671862845622820961322773131701443                                            0    -0.77787420650050224191737760406481875333   0.0096300067628940581262796148122718351153
                                          0    -0.78866671862845622820961322773131701443    -0.77787420650050224191737760406481875333   0.0096300067628940581262796148122718351153
   0.82880762214943174492937950506572469442                                            0    -0.66689632296173059394546031595318042349   0.0024174183012619417474058496022077198616
                                          0     0.82880762214943174492937950506572469442    -0.66689632296173059394546031595318042349   0.0024174183012619417474058496022077198616
  -0.82880762214943174492937950506572469442                                            0    -0.66689632296173059394546031595318042349   0.0024174183012619417474058496022077198616
                                          0    -0.82880762214943174492937950506572469442    -0.66689632296173059394546031595318042349   0.0024174183012619417474058496022077198616
   0.87966277240926443744067241654612336474                                            0    -0.91566304292024849754264460408673355223   0.0061566826726173974672395428021942814371
                                          0     0.87966277240926443744067241654612336474    -0.91566304292024849754264460408673355223   0.0061566826726173974672395428021942814371
  -0.87966277240926443744067241654612336474                                            0    -0.91566304292024849754264460408673355223   0.0061566826726173974672395428021942814371
                                          0    -0.87966277240926443744067241654612336474    -0.91566304292024849754264460408673355223   0.0061566826726173974672395428021942814371
   0.90333661571789380530779902624886177607                                            0    -0.98816253168758923125352856385638712392   0.0021775195510074898946700879088248645601
                                          0     0.90333661571789380530779902624886177607    -0.98816253168758923125352856385638712392   0.0021775195510074898946700879088248645601
  -0.90333661571789380530779902624886177607                                            0    -0.98816253168758923125352856385638712392   0.0021775195510074898946700879088248645601
                                          0    -0.90333661571789380530779902624886177607    -0.98816253168758923125352856385638712392   0.0021775195510074898946700879088248645601
  0.065571638619549438702659512723232052138    0.065571638619549438702659512723232052138     0.64958233473431381266210907572688714986   0.0031545123240806355040994663852487757529
  0.065571638619549438702659512723232052138   -0.065571638619549438702659512723232052138     0.64958233473431381266210907572688714986   0.0031545123240806355040994663852487757529
 -0.065571638619549438702659512723232052138    0.065571638619549438702659512723232052138     0.64958233473431381266210907572688714986   0.0031545123240806355040994663852487757529
 -0.065571638619549438702659512723232052138   -0.065571638619549438702659512723232052138     0.64958233473431381266210907572688714986   0.0031545123240806355040994663852487757529
  0.094688192917156414100251410650514556453    0.094688192917156414100251410650514556453    -0.88104938674711103958545379309276701057   0.0077446183152231469156679214243601886155
  0.094688192917156414100251410650514556453   -0.094688192917156414100251410650514556453    -0.88104938674711103958545379309276701057   0.0077446183152231469156679214243601886155
 -0.094688192917156414100251410650514556453    0.094688192917156414100251410650514556453    -0.88104938674711103958545379309276701057   0.0077446183152231469156679214243601886155
 -0.094688192917156414100251410650514556453   -0.094688192917156414100251410650514556453    -0.88104938674711103958545379309276701057   0.0077446183152231469156679214243601886155
   0.10557069816742781334440419095333468748     0.10557069816742781334440419095333468748    -0.16236755011665179210965963409613245376    0.013242646120491257618569118827098322559
   0.10557069816742781334440419095333468748    -0.10557069816742781334440419095333468748    -0.16236755011665179210965963409613245376    0.013242646120491257618569118827098322559
  -0.10557069816742781334440419095333468748     0.10557069816742781334440419095333468748    -0.16236755011665179210965963409613245376    0.013242646120491257618569118827098322559
  -0.10557069816742781334440419095333468748    -0.10557069816742781334440419095333468748    -0.16236755011665179210965963409613245376    0.013242646120491257618569118827098322559
   0.13467662574601576271310578509855842417     0.13467662574601576271310578509855842417     0.67956449345286917059725230122053589691   0.0012241404312509383635299985753223743992
   0.13467662574601576271310578509855842417    -0.13467662574601576271310578509855842417     0.67956449345286917059725230122053589691   0.0012241404312509383635299985753223743992
  -0.13467662574601576271310578509855842417     0.13467662574601576271310578509855842417     0.67956449345286917059725230122053589691   0.0012241404312509383635299985753223743992
  -0.13467662574601576271310578509855842417    -0.13467662574601576271310578509855842417     0.67956449345286917059725230122053589691   0.0012241404312509383635299985753223743992
   0.16267944457421030260716119832451546097     0.16267944457421030260716119832451546097    -0.70705347414684764185698224024825633024    0.019159912358369280344736801723124169056
   0.16267944457421030260716119832451546097    -0.16267944457421030260716119832451546097    -0.70705347414684764185698224024825633024    0.019159912358369280344736801723124169056
  -0.16267944457421030260716119832451546097     0.16267944457421030260716119832451546097    -0.70705347414684764185698224024825633024    0.019159912358369280344736801723124169056
  -0.16267944457421030260716119832451546097    -0.16267944457421030260716119832451546097    -0.70705347414684764185698224024825633024    0.019159912358369280344736801723124169056
   0.17759364611561125607561905313342866316     0.17759364611561125607561905313342866316     0.24416961492537611243053419633271325512    0.010088133247237645591554914356723253299
   0.17759364611561125607561905313342866316    -0.17759364611561125607561905313342866316     0.24416961492537611243053419633271325512    0.010088133247237645591554914356723253299
  -0.17759364611561125607561905313342866316     0.17759364611561125607561905313342866316     0.24416961492537611243053419633271325512    0.010088133247237645591554914356723253299
  -0.17759364611561125607561905313342866316    -0.17759364611561125607561905313342866316     0.24416961492537611243053419633271325512    0.010088133247237645591554914356723253299
   0.18735000366116658444550707665169985085     0.18735000366116658444550707665169985085    -0.38930578583521428592999126857441893045    0.019796265693531517639041334960000814388
   0.18735000366116658444550707665169985085    -0.18735000366116658444550707665169985085    -0.38930578583521428592999126857441893045    0.019796265693531517639041334960000814388
  -0.18735000366116658444550707665169985085     0.18735000366116658444550707665169985085    -0.38930578583521428592999126857441893045    0.019796265693531517639041334960000814388
  -0.18735000366116658444550707665169985085    -0.18735000366116658444550707665169985085    -0.38930578583521428592999126857441893045    0.019796265693531517639041334960000814388
    0.2296953516097957172530275064735142288      0.2296953516097957172530275064735142288    -0.97372219762516518886505910100837012763   0.0074631483132307410498559144718656840838
    0.2296953516097957172530275064735142288     -0.2296953516097957172530275064735142288    -0.97372219762516518886505910100837012763   0.0074631483132307410498559144718656840838
   -0.2296953516097957172530275064735142288      0.2296953516097957172530275064735142288    -0.97372219762516518886505910100837012763   0.0074631483132307410498559144718656840838
   -0.2296953516097957172530275064735142288     -0.2296953516097957172530275064735142288    -0.97372219762516518886505910100837012763   0.0074631483132307410498559144718656840838
   0.27374512396411024423796225505448251837     0.27374512396411024423796225505448251837    -0.15046551338304984371561319039356282253    0.016113458341621346327252680385635490585
   0.27374512396411024423796225505448251837    -0.27374512396411024423796225505448251837    -0.15046551338304984371561319039356282253    0.016113458341621346327252680385635490585
  -0.27374512396411024423796225505448251837     0.27374512396411024423796225505448251837    -0.15046551338304984371561319039356282253    0.016113458341621346327252680385635490585
  -0.27374512396411024423796225505448251837    -0.27374512396411024423796225505448251837    -0.15046551338304984371561319039356282253    0.016113458341621346327252680385635490585
   0.30437018217344211715538333277097134514     0.30437018217344211715538333277097134514     0.17717484702649433778130795809503324458   0.0059873050245717842086025290052723376709
   0.30437018217344211715538333277097134514    -0.30437018217344211715538333277097134514     0.17717484702649433778130795809503324458   0.0059873050245717842086025290052723376709
  -0.30437018217344211715538333277097134514     0.30437018217344211715538333277097134514     0.17717484702649433778130795809503324458   0.0059873050245717842086025290052723376709
  -0.30437018217344211715538333277097134514    -0.30437018217344211715538333277097134514     0.17717484702649433778130795809503324458   0.0059873050245717842086025290052723376709
   0.30886933325613455395986922078423559167     0.30886933325613455395986922078423559167    -0.88368418100787917134565757197726423641    0.015840551496358863008446857857177859488
   0.30886933325613455395986922078423559167    -0.30886933325613455395986922078423559167    -0.88368418100787917134565757197726423641    0.015840551496358863008446857857177859488
  -0.30886933325613455395986922078423559167     0.30886933325613455395986922078423559167    -0.88368418100787917134565757197726423641    0.015840551496358863008446857857177859488
  -0.30886933325613455395986922078423559167    -0.30886933325613455395986922078423559167    -0.88368418100787917134565757197726423641    0.015840551496358863008446857857177859488
   0.37079582718236003049971637912675363689     0.37079582718236003049971637912675363689   -0.043694580050126456209922737454809505007   0.0048547296482389678461168417579525090309
   0.37079582718236003049971637912675363689    -0.37079582718236003049971637912675363689   -0.043694580050126456209922737454809505007   0.0048547296482389678461168417579525090309
  -0.37079582718236003049971637912675363689     0.37079582718236003049971637912675363689   -0.043694580050126456209922737454809505007   0.0048547296482389678461168417579525090309
  -0.37079582718236003049971637912675363689    -0.37079582718236003049971637912675363689   -0.043694580050126456209922737454809505007   0.0048547296482389678461168417579525090309
    0.3949055262680819695745462104952946931      0.3949055262680819695745462104952946931      0.1375278871226429934886138616907728836   0.0021861713900552934307331012088938683275
    0.3949055262680819695745462104952946931     -0.3949055262680819695745462104952946931      0.1375278871226429934886138616907728836   0.0021861713900552934307331012088938683275
   -0.3949055262680819695745462104952946931      0.3949055262680819695745462104952946931      0.1375278871226429934886138616907728836   0.0021861713900552934307331012088938683275
   -0.3949055262680819695745462104952946931     -0.3949055262680819695745462104952946931      0.1375278871226429934886138616907728836   0.0021861713900552934307331012088938683275
    0.4018069912207432083670582256268021297      0.4018069912207432083670582256268021297    -0.42816659149284701583583307036846295203    0.016662752902532381731160975784957057163
    0.4018069912207432083670582256268021297     -0.4018069912207432083670582256268021297    -0.42816659149284701583583307036846295203    0.016662752902532381731160975784957057163
   -0.4018069912207432083670582256268021297      0.4018069912207432083670582256268021297    -0.42816659149284701583583307036846295203    0.016662752902532381731160975784957057163
   -0.4018069912207432083670582256268021297     -0.4018069912207432083670582256268021297    -0.42816659149284701583583307036846295203    0.016662752902532381731160975784957057163
   0.41345545249545558113040690088318245855     0.41345545249545558113040690088318245855    -0.71097163935546479433325454772182015358    0.017822674763424086313632932697821880613
   0.41345545249545558113040690088318245855    -0.41345545249545558113040690088318245855    -0.71097163935546479433325454772182015358    0.017822674763424086313632932697821880613
  -0.41345545249545558113040690088318245855     0.41345545249545558113040690088318245855    -0.71097163935546479433325454772182015358    0.017822674763424086313632932697821880613
  -0.41345545249545558113040690088318245855    -0.41345545249545558113040690088318245855    -0.71097163935546479433325454772182015358    0.017822674763424086313632932697821880613
   0.48518383831191313390962399498011007191     0.48518383831191313390962399498011007191    -0.28877936425798748649275556091775572666   0.0080873883086094050595962731786661643548
   0.48518383831191313390962399498011007191    -0.48518383831191313390962399498011007191    -0.28877936425798748649275556091775572666   0.0080873883086094050595962731786661643548
  -0.48518383831191313390962399498011007191     0.48518383831191313390962399498011007191    -0.28877936425798748649275556091775572666   0.0080873883086094050595962731786661643548
  -0.48518383831191313390962399498011007191    -0.48518383831191313390962399498011007191    -0.28877936425798748649275556091775572666   0.0080873883086094050595962731786661643548
   0.51253052480442570848407065943720692217     0.51253052480442570848407065943720692217    -0.08323995684307588963012408443204144048   0.0013688757773467019847141179730783593853
   0.51253052480442570848407065943720692217    -0.51253052480442570848407065943720692217    -0.08323995684307588963012408443204144048   0.0013688757773467019847141179730783593853
  -0.51253052480442570848407065943720692217     0.51253052480442570848407065943720692217    -0.08323995684307588963012408443204144048   0.0013688757773467019847141179730783593853
  -0.51253052480442570848407065943720692217    -0.51253052480442570848407065943720692217    -0.08323995684307588963012408443204144048   0.0013688757773467019847141179730783593853
   0.54184402223424218809413490484679701652     0.54184402223424218809413490484679701652    -0.88918510828739278697315691206188613137    0.012574992242711824740262262369639135886
   0.54184402223424218809413490484679701652    -0.54184402223424218809413490484679701652    -0.88918510828739278697315691206188613137    0.012574992242711824740262262369639135886
  -0.54184402223424218809413490484679701652     0.54184402223424218809413490484679701652    -0.88918510828739278697315691206188613137    0.012574992242711824740262262369639135886
  -0.54184402223424218809413490484679701652    -0.54184402223424218809413490484679701652    -0.88918510828739278697315691206188613137    0.012574992242711824740262262369639135886
   0.66798359436329504803997716420935565976     0.66798359436329504803997716420935565976    -0.80659399151394314466276772572811825713   0.0062263387028551407208239116860037803925
   0.66798359436329504803997716420935565976    -0.66798359436329504803997716420935565976    -0.80659399151394314466276772572811825713   0.0062263387028551407208239116860037803925
  -0.66798359436329504803997716420935565976     0.66798359436329504803997716420935565976    -0.80659399151394314466276772572811825713   0.0062263387028551407208239116860037803925
  -0.66798359436329504803997716420935565976    -0.66798359436329504803997716420935565976    -0.80659399151394314466276772572811825713   0.0062263387028551407208239116860037803925
   0.73908585918950562265717914843700399433     0.73908585918950562265717914843700399433    -0.67694212370154584662956378900074916382   0.0054142673420678584848332678042541887713
   0.73908585918950562265717914843700399433    -0.73908585918950562265717914843700399433    -0.67694212370154584662956378900074916382   0.0054142673420678584848332678042541887713
  -0.73908585918950562265717914843700399433     0.73908585918950562265717914843700399433    -0.67694212370154584662956378900074916382   0.0054142673420678584848332678042541887713
  -0.73908585918950562265717914843700399433    -0.73908585918950562265717914843700399433    -0.67694212370154584662956378900074916382   0.0054142673420678584848332678042541887713
   0.74845059091003541936551206764965333984     0.74845059091003541936551206764965333984    -0.89580561341408596874429729660252389322    0.004795985631474094001282268069368784461
   0.74845059091003541936551206764965333984    -0.74845059091003541936551206764965333984    -0.89580561341408596874429729660252389322    0.004795985631474094001282268069368784461
  -0.74845059091003541936551206764965333984     0.74845059091003541936551206764965333984    -0.89580561341408596874429729660252389322    0.004795985631474094001282268069368784461
  -0.74845059091003541936551206764965333984    -0.74845059091003541936551206764965333984    -0.89580561341408596874429729660252389322    0.004795985631474094001282268069368784461
   0.85893063171027829537724105036448812471     0.85893063171027829537724105036448812471    -0.97369690287335557611450830477963103015   0.0022773805235862954365257130975669780025
   0.85893063171027829537724105036448812471    -0.85893063171027829537724105036448812471    -0.97369690287335557611450830477963103015   0.0022773805235862954365257130975669780025
  -0.85893063171027829537724105036448812471     0.85893063171027829537724105036448812471    -0.97369690287335557611450830477963103015   0.0022773805235862954365257130975669780025
  -0.85893063171027829537724105036448812471    -0.85893063171027829537724105036448812471    -0.97369690287335557611450830477963103015   0.0022773805235862954365257130975669780025
    0.8725386058817095303914801470660220482      0.8725386058817095303914801470660220482    -0.77886567120523769228132992734531957223  0.00066091894740396042495157885536139170449
    0.8725386058817095303914801470660220482     -0.8725386058817095303914801470660220482    -0.77886567120523769228132992734531957223  0.00066091894740396042495157885536139170449
   -0.8725386058817095303914801470660220482      0.8725386058817095303914801470660220482    -0.77886567120523769228132992734531957223  0.00066091894740396042495157885536139170449
   -0.8725386058817095303914801470660220482     -0.8725386058817095303914801470660220482    -0.77886567120523769228132992734531957223  0.00066091894740396042495157885536139170449
   0.95617967985580987584190167121477587227     0.95617967985580987584190167121477587227    -0.98015837005050684220350847438083095758  0.00040304402774074465807870256982842928148
   0.95617967985580987584190167121477587227    -0.95617967985580987584190167121477587227    -0.98015837005050684220350847438083095758  0.00040304402774074465807870256982842928148
  -0.95617967985580987584190167121477587227     0.95617967985580987584190167121477587227    -0.98015837005050684220350847438083095758  0.00040304402774074465807870256982842928148
  -0.95617967985580987584190167121477587227    -0.95617967985580987584190167121477587227    -0.98015837005050684220350847438083095758  0.00040304402774074465807870256982842928148
  0.027482558250806292940546270557606849181     0.40428744644936262626646213305161271177    -0.28951601485352939748306837124026665611    0.011648651912954518988163248240521032103
   0.40428744644936262626646213305161271177    0.027482558250806292940546270557606849181    -0.28951601485352939748306837124026665611    0.011648651912954518988163248240521032103
  0.027482558250806292940546270557606849181    -0.40428744644936262626646213305161271177    -0.28951601485352939748306837124026665611    0.011648651912954518988163248240521032103
  -0.40428744644936262626646213305161271177    0.027482558250806292940546270557606849181    -0.28951601485352939748306837124026665611    0.011648651912954518988163248240521032103
 -0.027482558250806292940546270557606849181     0.40428744644936262626646213305161271177    -0.28951601485352939748306837124026665611    0.011648651912954518988163248240521032103
   0.40428744644936262626646213305161271177   -0.027482558250806292940546270557606849181    -0.28951601485352939748306837124026665611    0.011648651912954518988163248240521032103
 -0.027482558250806292940546270557606849181    -0.40428744644936262626646213305161271177    -0.28951601485352939748306837124026665611    0.011648651912954518988163248240521032103
  -0.40428744644936262626646213305161271177   -0.027482558250806292940546270557606849181    -0.28951601485352939748306837124026665611    0.011648651912954518988163248240521032103
  0.053393232514681148133331896056119828923     0.31000369451265529167128835196345314901     0.27599161218993597539129261620065997044    0.004685748474327627855011723119409941656
   0.31000369451265529167128835196345314901    0.053393232514681148133331896056119828923     0.27599161218993597539129261620065997044    0.004685748474327627855011723119409941656
  0.053393232514681148133331896056119828923    -0.31000369451265529167128835196345314901     0.27599161218993597539129261620065997044    0.004685748474327627855011723119409941656
  -0.31000369451265529167128835196345314901    0.053393232514681148133331896056119828923     0.27599161218993597539129261620065997044    0.004685748474327627855011723119409941656
 -0.053393232514681148133331896056119828923     0.31000369451265529167128835196345314901     0.27599161218993597539129261620065997044    0.004685748474327627855011723119409941656
   0.31000369451265529167128835196345314901   -0.053393232514681148133331896056119828923     0.27599161218993597539129261620065997044    0.004685748474327627855011723119409941656
 -0.053393232514681148133331896056119828923    -0.31000369451265529167128835196345314901     0.27599161218993597539129261620065997044    0.004685748474327627855011723119409941656
  -0.31000369451265529167128835196345314901   -0.053393232514681148133331896056119828923     0.27599161218993597539129261620065997044    0.004685748474327627855011723119409941656
   0.12848049876485900013233901161616089034     0.20356179336846931225845949343687472173     0.47114721288545826829068550738887058653   0.0029948994906816246596047803189585781772
   0.20356179336846931225845949343687472173     0.12848049876485900013233901161616089034     0.47114721288545826829068550738887058653   0.0029948994906816246596047803189585781772
   0.12848049876485900013233901161616089034    -0.20356179336846931225845949343687472173     0.47114721288545826829068550738887058653   0.0029948994906816246596047803189585781772
  -0.20356179336846931225845949343687472173     0.12848049876485900013233901161616089034     0.47114721288545826829068550738887058653   0.0029948994906816246596047803189585781772
  -0.12848049876485900013233901161616089034     0.20356179336846931225845949343687472173     0.47114721288545826829068550738887058653   0.0029948994906816246596047803189585781772
   0.20356179336846931225845949343687472173    -0.12848049876485900013233901161616089034     0.47114721288545826829068550738887058653   0.0029948994906816246596047803189585781772
  -0.12848049876485900013233901161616089034    -0.20356179336846931225845949343687472173     0.47114721288545826829068550738887058653   0.0029948994906816246596047803189585781772
  -0.20356179336846931225845949343687472173    -0.12848049876485900013233901161616089034     0.47114721288545826829068550738887058653   0.0029948994906816246596047803189585781772
   0.13185907332585223130823098500570467391     0.38223292124027916984376085478962706616    -0.56833898374605148628238235506051520261    0.016583685477037867009443645486952748411
   0.38223292124027916984376085478962706616     0.13185907332585223130823098500570467391    -0.56833898374605148628238235506051520261    0.016583685477037867009443645486952748411
   0.13185907332585223130823098500570467391    -0.38223292124027916984376085478962706616    -0.56833898374605148628238235506051520261    0.016583685477037867009443645486952748411
  -0.38223292124027916984376085478962706616     0.13185907332585223130823098500570467391    -0.56833898374605148628238235506051520261    0.016583685477037867009443645486952748411
  -0.13185907332585223130823098500570467391     0.38223292124027916984376085478962706616    -0.56833898374605148628238235506051520261    0.016583685477037867009443645486952748411
   0.38223292124027916984376085478962706616    -0.13185907332585223130823098500570467391    -0.56833898374605148628238235506051520261    0.016583685477037867009443645486952748411
  -0.13185907332585223130823098500570467391    -0.38223292124027916984376085478962706616    -0.56833898374605148628238235506051520261    0.016583685477037867009443645486952748411
  -0.38223292124027916984376085478962706616    -0.13185907332585223130823098500570467391    -0.56833898374605148628238235506051520261    0.016583685477037867009443645486952748411
   0.15187985474731597117493336779467128548     0.39185413325025617145539510276533735713   -0.012652068562310682049265418630735813232    0.010625243614484029535519357714202295008
   0.39185413325025617145539510276533735713     0.15187985474731597117493336779467128548   -0.012652068562310682049265418630735813232    0.010625243614484029535519357714202295008
   0.15187985474731597117493336779467128548    -0.39185413325025617145539510276533735713   -0.012652068562310682049265418630735813232    0.010625243614484029535519357714202295008
  -0.39185413325025617145539510276533735713     0.15187985474731597117493336779467128548   -0.012652068562310682049265418630735813232    0.010625243614484029535519357714202295008
  -0.15187985474731597117493336779467128548     0.39185413325025617145539510276533735713   -0.012652068562310682049265418630735813232    0.010625243614484029535519357714202295008
   0.39185413325025617145539510276533735713    -0.15187985474731597117493336779467128548   -0.012652068562310682049265418630735813232    0.010625243614484029535519357714202295008
  -0.15187985474731597117493336779467128548    -0.39185413325025617145539510276533735713   -0.012652068562310682049265418630735813232    0.010625243614484029535519357714202295008
  -0.39185413325025617145539510276533735713    -0.15187985474731597117493336779467128548   -0.012652068562310682049265418630735813232    0.010625243614484029535519357714202295008
   0.19462801121765192906375942564480287361     0.42957705492732946504804449616409216437     0.12056783427561597380930269857954067119   0.0030018707885756059366376278748798284273
   0.42957705492732946504804449616409216437     0.19462801121765192906375942564480287361     0.12056783427561597380930269857954067119   0.0030018707885756059366376278748798284273
   0.19462801121765192906375942564480287361    -0.42957705492732946504804449616409216437     0.12056783427561597380930269857954067119   0.0030018707885756059366376278748798284273
  -0.42957705492732946504804449616409216437     0.19462801121765192906375942564480287361     0.12056783427561597380930269857954067119   0.0030018707885756059366376278748798284273
  -0.19462801121765192906375942564480287361     0.42957705492732946504804449616409216437     0.12056783427561597380930269857954067119   0.0030018707885756059366376278748798284273
   0.42957705492732946504804449616409216437    -0.19462801121765192906375942564480287361     0.12056783427561597380930269857954067119   0.0030018707885756059366376278748798284273
  -0.19462801121765192906375942564480287361    -0.42957705492732946504804449616409216437     0.12056783427561597380930269857954067119   0.0030018707885756059366376278748798284273
  -0.42957705492732946504804449616409216437    -0.19462801121765192906375942564480287361     0.12056783427561597380930269857954067119   0.0030018707885756059366376278748798284273
   0.22022798196673112778523953877203471368     0.29521053540578287214099852091027369068     0.39958898065699631118752036416967016105   0.0014751259634912230403745457722997296288
   0.29521053540578287214099852091027369068     0.22022798196673112778523953877203471368     0.39958898065699631118752036416967016105   0.0014751259634912230403745457722997296288
   0.22022798196673112778523953877203471368    -0.29521053540578287214099852091027369068     0.39958898065699631118752036416967016105   0.0014751259634912230403745457722997296288
  -0.29521053540578287214099852091027369068     0.22022798196673112778523953877203471368     0.39958898065699631118752036416967016105   0.0014751259634912230403745457722997296288
  -0.22022798196673112778523953877203471368     0.29521053540578287214099852091027369068     0.39958898065699631118752036416967016105   0.0014751259634912230403745457722997296288
   0.29521053540578287214099852091027369068    -0.22022798196673112778523953877203471368     0.39958898065699631118752036416967016105   0.0014751259634912230403745457722997296288
  -0.22022798196673112778523953877203471368    -0.29521053540578287214099852091027369068     0.39958898065699631118752036416967016105   0.0014751259634912230403745457722997296288
  -0.29521053540578287214099852091027369068    -0.22022798196673112778523953877203471368     0.39958898065699631118752036416967016105   0.0014751259634912230403745457722997296288
   0.22147307477444154120289752049530414312     0.61560521471118761826914714649300193444    -0.77792517007519315668078156155650970097    0.014515962690966125601549019071366955447
   0.61560521471118761826914714649300193444     0.22147307477444154120289752049530414312    -0.77792517007519315668078156155650970097    0.014515962690966125601549019071366955447
   0.22147307477444154120289752049530414312    -0.61560521471118761826914714649300193444    -0.77792517007519315668078156155650970097    0.014515962690966125601549019071366955447
  -0.61560521471118761826914714649300193444     0.22147307477444154120289752049530414312    -0.77792517007519315668078156155650970097    0.014515962690966125601549019071366955447
  -0.22147307477444154120289752049530414312     0.61560521471118761826914714649300193444    -0.77792517007519315668078156155650970097    0.014515962690966125601549019071366955447
   0.61560521471118761826914714649300193444    -0.22147307477444154120289752049530414312    -0.77792517007519315668078156155650970097    0.014515962690966125601549019071366955447
  -0.22147307477444154120289752049530414312    -0.61560521471118761826914714649300193444    -0.77792517007519315668078156155650970097    0.014515962690966125601549019071366955447
  -0.61560521471118761826914714649300193444    -0.22147307477444154120289752049530414312    -0.77792517007519315668078156155650970097    0.014515962690966125601549019071366955447
   0.22155645602095320081405798006254724472      0.7360103331077247916548888886530887322    -0.98713484205497130817267107418217871922   0.0032691926022748613598590444246566006635
    0.7360103331077247916548888886530887322     0.22155645602095320081405798006254724472    -0.98713484205497130817267107418217871922   0.0032691926022748613598590444246566006635
   0.22155645602095320081405798006254724472     -0.7360103331077247916548888886530887322    -0.98713484205497130817267107418217871922   0.0032691926022748613598590444246566006635
   -0.7360103331077247916548888886530887322     0.22155645602095320081405798006254724472    -0.98713484205497130817267107418217871922   0.0032691926022748613598590444246566006635
  -0.22155645602095320081405798006254724472      0.7360103331077247916548888886530887322    -0.98713484205497130817267107418217871922   0.0032691926022748613598590444246566006635
    0.7360103331077247916548888886530887322    -0.22155645602095320081405798006254724472    -0.98713484205497130817267107418217871922   0.0032691926022748613598590444246566006635
  -0.22155645602095320081405798006254724472     -0.7360103331077247916548888886530887322    -0.98713484205497130817267107418217871922   0.0032691926022748613598590444246566006635
   -0.7360103331077247916548888886530887322    -0.22155645602095320081405798006254724472    -0.98713484205497130817267107418217871922   0.0032691926022748613598590444246566006635
   0.23588855401925301003593559011277350035     0.71929923170006909670876110591259049627    -0.91269059255931279340558116320627250572   0.0088268129463737336937330933269404636577
   0.71929923170006909670876110591259049627     0.23588855401925301003593559011277350035    -0.91269059255931279340558116320627250572   0.0088268129463737336937330933269404636577
   0.23588855401925301003593559011277350035    -0.71929923170006909670876110591259049627    -0.91269059255931279340558116320627250572   0.0088268129463737336937330933269404636577
  -0.71929923170006909670876110591259049627     0.23588855401925301003593559011277350035    -0.91269059255931279340558116320627250572   0.0088268129463737336937330933269404636577
  -0.23588855401925301003593559011277350035     0.71929923170006909670876110591259049627    -0.91269059255931279340558116320627250572   0.0088268129463737336937330933269404636577
   0.71929923170006909670876110591259049627    -0.23588855401925301003593559011277350035    -0.91269059255931279340558116320627250572   0.0088268129463737336937330933269404636577
  -0.23588855401925301003593559011277350035    -0.71929923170006909670876110591259049627    -0.91269059255931279340558116320627250572   0.0088268129463737336937330933269404636577
  -0.71929923170006909670876110591259049627    -0.23588855401925301003593559011277350035    -0.91269059255931279340558116320627250572   0.0088268129463737336937330933269404636577
   0.23679521468655969047534817523498510081     0.55059188008090639281261387784127093421    -0.29784983657837999218001011111157320409    0.011327896098286030883218581947618324535
   0.55059188008090639281261387784127093421     0.23679521468655969047534817523498510081    -0.29784983657837999218001011111157320409    0.011327896098286030883218581947618324535
   0.23679521468655969047534817523498510081    -0.55059188008090639281261387784127093421    -0.29784983657837999218001011111157320409    0.011327896098286030883218581947618324535
  -0.55059188008090639281261387784127093421     0.23679521468655969047534817523498510081    -0.29784983657837999218001011111157320409    0.011327896098286030883218581947618324535
  -0.23679521468655969047534817523498510081     0.55059188008090639281261387784127093421    -0.29784983657837999218001011111157320409    0.011327896098286030883218581947618324535
   0.55059188008090639281261387784127093421    -0.23679521468655969047534817523498510081    -0.29784983657837999218001011111157320409    0.011327896098286030883218581947618324535
  -0.23679521468655969047534817523498510081    -0.55059188008090639281261387784127093421    -0.29784983657837999218001011111157320409    0.011327896098286030883218581947618324535
  -0.55059188008090639281261387784127093421    -0.23679521468655969047534817523498510081    -0.29784983657837999218001011111157320409    0.011327896098286030883218581947618324535
   0.24691487714330895725174571288712494585     0.58037895496619836530625011999421432293    -0.52652073431051240341886717897229564777    0.012092788841727049112863572601097150205
   0.58037895496619836530625011999421432293     0.24691487714330895725174571288712494585    -0.52652073431051240341886717897229564777    0.012092788841727049112863572601097150205
   0.24691487714330895725174571288712494585    -0.58037895496619836530625011999421432293    -0.52652073431051240341886717897229564777    0.012092788841727049112863572601097150205
  -0.58037895496619836530625011999421432293     0.24691487714330895725174571288712494585    -0.52652073431051240341886717897229564777    0.012092788841727049112863572601097150205
  -0.24691487714330895725174571288712494585     0.58037895496619836530625011999421432293    -0.52652073431051240341886717897229564777    0.012092788841727049112863572601097150205
   0.58037895496619836530625011999421432293    -0.24691487714330895725174571288712494585    -0.52652073431051240341886717897229564777    0.012092788841727049112863572601097150205
  -0.24691487714330895725174571288712494585    -0.58037895496619836530625011999421432293    -0.52652073431051240341886717897229564777    0.012092788841727049112863572601097150205
  -0.58037895496619836530625011999421432293    -0.24691487714330895725174571288712494585    -0.52652073431051240341886717897229564777    0.012092788841727049112863572601097150205
   0.26453061572118673207056071905551640316     0.76878637562825966711213148296461626732    -0.65112638413042267026917428488432698189   0.0073471655225895269534848002500814895827
   0.76878637562825966711213148296461626732     0.26453061572118673207056071905551640316    -0.65112638413042267026917428488432698189   0.0073471655225895269534848002500814895827
   0.26453061572118673207056071905551640316    -0.76878637562825966711213148296461626732    -0.65112638413042267026917428488432698189   0.0073471655225895269534848002500814895827
  -0.76878637562825966711213148296461626732     0.26453061572118673207056071905551640316    -0.65112638413042267026917428488432698189   0.0073471655225895269534848002500814895827
  -0.26453061572118673207056071905551640316     0.76878637562825966711213148296461626732    -0.65112638413042267026917428488432698189   0.0073471655225895269534848002500814895827
   0.76878637562825966711213148296461626732    -0.26453061572118673207056071905551640316    -0.65112638413042267026917428488432698189   0.0073471655225895269534848002500814895827
  -0.26453061572118673207056071905551640316    -0.76878637562825966711213148296461626732    -0.65112638413042267026917428488432698189   0.0073471655225895269534848002500814895827
  -0.76878637562825966711213148296461626732    -0.26453061572118673207056071905551640316    -0.65112638413042267026917428488432698189   0.0073471655225895269534848002500814895827
   0.26590748045214843707467044400787747024     0.65832144815512018832808184723450131462    -0.31705884022642735544658890644344394647   0.0022307096454993818425383951800905847201
   0.65832144815512018832808184723450131462     0.26590748045214843707467044400787747024    -0.31705884022642735544658890644344394647   0.0022307096454993818425383951800905847201
   0.26590748045214843707467044400787747024    -0.65832144815512018832808184723450131462    -0.31705884022642735544658890644344394647   0.0022307096454993818425383951800905847201
  -0.65832144815512018832808184723450131462     0.26590748045214843707467044400787747024    -0.31705884022642735544658890644344394647   0.0022307096454993818425383951800905847201
  -0.26590748045214843707467044400787747024     0.65832144815512018832808184723450131462    -0.31705884022642735544658890644344394647   0.0022307096454993818425383951800905847201
   0.65832144815512018832808184723450131462    -0.26590748045214843707467044400787747024    -0.31705884022642735544658890644344394647   0.0022307096454993818425383951800905847201
  -0.26590748045214843707467044400787747024    -0.65832144815512018832808184723450131462    -0.31705884022642735544658890644344394647   0.0022307096454993818425383951800905847201
  -0.65832144815512018832808184723450131462    -0.26590748045214843707467044400787747024    -0.31705884022642735544658890644344394647   0.0022307096454993818425383951800905847201
   0.26796929908697956712543569931140458649     0.90886610839225849596844785183704911778    -0.84697780332951351258413127564518787509   0.0033436021594812094368492620552495172486
   0.90886610839225849596844785183704911778     0.26796929908697956712543569931140458649    -0.84697780332951351258413127564518787509   0.0033436021594812094368492620552495172486
   0.26796929908697956712543569931140458649    -0.90886610839225849596844785183704911778    -0.84697780332951351258413127564518787509   0.0033436021594812094368492620552495172486
  -0.90886610839225849596844785183704911778     0.26796929908697956712543569931140458649    -0.84697780332951351258413127564518787509   0.0033436021594812094368492620552495172486
  -0.26796929908697956712543569931140458649     0.90886610839225849596844785183704911778    -0.84697780332951351258413127564518787509   0.0033436021594812094368492620552495172486
   0.90886610839225849596844785183704911778    -0.26796929908697956712543569931140458649    -0.84697780332951351258413127564518787509   0.0033436021594812094368492620552495172486
  -0.26796929908697956712543569931140458649    -0.90886610839225849596844785183704911778    -0.84697780332951351258413127564518787509   0.0033436021594812094368492620552495172486
  -0.90886610839225849596844785183704911778    -0.26796929908697956712543569931140458649    -0.84697780332951351258413127564518787509   0.0033436021594812094368492620552495172486
    0.2766679674507315269446096738984971315     0.97172932023120136366217129094827460929    -0.97185543185113994976068007508554905518   0.0015187796275709171836649428976492671067
   0.97172932023120136366217129094827460929      0.2766679674507315269446096738984971315    -0.97185543185113994976068007508554905518   0.0015187796275709171836649428976492671067
    0.2766679674507315269446096738984971315    -0.97172932023120136366217129094827460929    -0.97185543185113994976068007508554905518   0.0015187796275709171836649428976492671067
  -0.97172932023120136366217129094827460929      0.2766679674507315269446096738984971315    -0.97185543185113994976068007508554905518   0.0015187796275709171836649428976492671067
   -0.2766679674507315269446096738984971315     0.97172932023120136366217129094827460929    -0.97185543185113994976068007508554905518   0.0015187796275709171836649428976492671067
   0.97172932023120136366217129094827460929     -0.2766679674507315269446096738984971315    -0.97185543185113994976068007508554905518   0.0015187796275709171836649428976492671067
   -0.2766679674507315269446096738984971315    -0.97172932023120136366217129094827460929    -0.97185543185113994976068007508554905518   0.0015187796275709171836649428976492671067
  -0.97172932023120136366217129094827460929     -0.2766679674507315269446096738984971315    -0.97185543185113994976068007508554905518   0.0015187796275709171836649428976492671067
   0.37058113809029903413615502511986425228     0.76176965339554184750444949735801352196    -0.54813170055371348835180157233610398883   0.0023426689079687914029661667623890875545
   0.76176965339554184750444949735801352196     0.37058113809029903413615502511986425228    -0.54813170055371348835180157233610398883   0.0023426689079687914029661667623890875545
   0.37058113809029903413615502511986425228    -0.76176965339554184750444949735801352196    -0.54813170055371348835180157233610398883   0.0023426689079687914029661667623890875545
  -0.76176965339554184750444949735801352196     0.37058113809029903413615502511986425228    -0.54813170055371348835180157233610398883   0.0023426689079687914029661667623890875545
  -0.37058113809029903413615502511986425228     0.76176965339554184750444949735801352196    -0.54813170055371348835180157233610398883   0.0023426689079687914029661667623890875545
   0.76176965339554184750444949735801352196    -0.37058113809029903413615502511986425228    -0.54813170055371348835180157233610398883   0.0023426689079687914029661667623890875545
  -0.37058113809029903413615502511986425228    -0.76176965339554184750444949735801352196    -0.54813170055371348835180157233610398883   0.0023426689079687914029661667623890875545
  -0.76176965339554184750444949735801352196    -0.37058113809029903413615502511986425228    -0.54813170055371348835180157233610398883   0.0023426689079687914029661667623890875545
   0.38343946249365314834068955319015429228     0.53048789661807299404291827204010399424    -0.12865644330657108603787418585273495617   0.0050386176732040426965825445313304857001
   0.53048789661807299404291827204010399424     0.38343946249365314834068955319015429228    -0.12865644330657108603787418585273495617   0.0050386176732040426965825445313304857001
   0.38343946249365314834068955319015429228    -0.53048789661807299404291827204010399424    -0.12865644330657108603787418585273495617   0.0050386176732040426965825445313304857001
  -0.53048789661807299404291827204010399424     0.38343946249365314834068955319015429228    -0.12865644330657108603787418585273495617   0.0050386176732040426965825445313304857001
  -0.38343946249365314834068955319015429228     0.53048789661807299404291827204010399424    -0.12865644330657108603787418585273495617   0.0050386176732040426965825445313304857001
   0.53048789661807299404291827204010399424    -0.38343946249365314834068955319015429228    -0.12865644330657108603787418585273495617   0.0050386176732040426965825445313304857001
  -0.38343946249365314834068955319015429228    -0.53048789661807299404291827204010399424    -0.12865644330657108603787418585273495617   0.0050386176732040426965825445313304857001
  -0.53048789661807299404291827204010399424    -0.38343946249365314834068955319015429228    -0.12865644330657108603787418585273495617   0.0050386176732040426965825445313304857001
   0.40042322520987937350816410899060747521     0.54520939006080813212321134565704906142    -0.97907310249178817395827194996938096168   0.0040438768511299800650429297405920313615
   0.54520939006080813212321134565704906142     0.40042322520987937350816410899060747521    -0.97907310249178817395827194996938096168   0.0040438768511299800650429297405920313615
   0.40042322520987937350816410899060747521    -0.54520939006080813212321134565704906142    -0.97907310249178817395827194996938096168   0.0040438768511299800650429297405920313615
  -0.54520939006080813212321134565704906142     0.40042322520987937350816410899060747521    -0.97907310249178817395827194996938096168   0.0040438768511299800650429297405920313615
  -0.40042322520987937350816410899060747521     0.54520939006080813212321134565704906142    -0.97907310249178817395827194996938096168   0.0040438768511299800650429297405920313615
   0.54520939006080813212321134565704906142    -0.40042322520987937350816410899060747521    -0.97907310249178817395827194996938096168   0.0040438768511299800650429297405920313615
  -0.40042322520987937350816410899060747521    -0.54520939006080813212321134565704906142    -0.97907310249178817395827194996938096168   0.0040438768511299800650429297405920313615
  -0.54520939006080813212321134565704906142    -0.40042322520987937350816410899060747521    -0.97907310249178817395827194996938096168   0.0040438768511299800650429297405920313615
    0.4514198328435389181049788423231746545     0.85042881116894880704350444277161209567    -0.94784235228091057984820984935831027285   0.0045108286002075155840544811236751308298
   0.85042881116894880704350444277161209567      0.4514198328435389181049788423231746545    -0.94784235228091057984820984935831027285   0.0045108286002075155840544811236751308298
    0.4514198328435389181049788423231746545    -0.85042881116894880704350444277161209567    -0.94784235228091057984820984935831027285   0.0045108286002075155840544811236751308298
  -0.85042881116894880704350444277161209567      0.4514198328435389181049788423231746545    -0.94784235228091057984820984935831027285   0.0045108286002075155840544811236751308298
   -0.4514198328435389181049788423231746545     0.85042881116894880704350444277161209567    -0.94784235228091057984820984935831027285   0.0045108286002075155840544811236751308298
   0.85042881116894880704350444277161209567     -0.4514198328435389181049788423231746545    -0.94784235228091057984820984935831027285   0.0045108286002075155840544811236751308298
   -0.4514198328435389181049788423231746545    -0.85042881116894880704350444277161209567    -0.94784235228091057984820984935831027285   0.0045108286002075155840544811236751308298
  -0.85042881116894880704350444277161209567     -0.4514198328435389181049788423231746545    -0.94784235228091057984820984935831027285   0.0045108286002075155840544811236751308298
   0.45182616506655597302588955334228116004     0.79467084547124638621867125950299670996    -0.81571604485969711158932012572919318535   0.0082703420834521370681236759421204402945
   0.79467084547124638621867125950299670996     0.45182616506655597302588955334228116004    -0.81571604485969711158932012572919318535   0.0082703420834521370681236759421204402945
   0.45182616506655597302588955334228116004    -0.79467084547124638621867125950299670996    -0.81571604485969711158932012572919318535   0.0082703420834521370681236759421204402945
  -0.79467084547124638621867125950299670996     0.45182616506655597302588955334228116004    -0.81571604485969711158932012572919318535   0.0082703420834521370681236759421204402945
  -0.45182616506655597302588955334228116004     0.79467084547124638621867125950299670996    -0.81571604485969711158932012572919318535   0.0082703420834521370681236759421204402945
   0.79467084547124638621867125950299670996    -0.45182616506655597302588955334228116004    -0.81571604485969711158932012572919318535   0.0082703420834521370681236759421204402945
  -0.45182616506655597302588955334228116004    -0.79467084547124638621867125950299670996    -0.81571604485969711158932012572919318535   0.0082703420834521370681236759421204402945
  -0.79467084547124638621867125950299670996    -0.45182616506655597302588955334228116004    -0.81571604485969711158932012572919318535   0.0082703420834521370681236759421204402945
   0.49886546831403228287601757652943941361     0.64534055497288808799680217374036352521    -0.64973269072997696326868786522967377369   0.0097233385071605034261083443446224237347
   0.64534055497288808799680217374036352521     0.49886546831403228287601757652943941361    -0.64973269072997696326868786522967377369   0.0097233385071605034261083443446224237347
   0.49886546831403228287601757652943941361    -0.64534055497288808799680217374036352521    -0.64973269072997696326868786522967377369   0.0097233385071605034261083443446224237347
  -0.64534055497288808799680217374036352521     0.49886546831403228287601757652943941361    -0.64973269072997696326868786522967377369   0.0097233385071605034261083443446224237347
  -0.49886546831403228287601757652943941361     0.64534055497288808799680217374036352521    -0.64973269072997696326868786522967377369   0.0097233385071605034261083443446224237347
   0.64534055497288808799680217374036352521    -0.49886546831403228287601757652943941361    -0.64973269072997696326868786522967377369   0.0097233385071605034261083443446224237347
  -0.49886546831403228287601757652943941361    -0.64534055497288808799680217374036352521    -0.64973269072997696326868786522967377369   0.0097233385071605034261083443446224237347
  -0.64534055497288808799680217374036352521    -0.49886546831403228287601757652943941361    -0.64973269072997696326868786522967377369   0.0097233385071605034261083443446224237347
   0.51318326223531042052766267235032953477     0.90497530964425793376508293147440343965    -0.99999999301891296149660887552363735098  0.00089331634992983698471724365703061588575
   0.90497530964425793376508293147440343965     0.51318326223531042052766267235032953477    -0.99999999301891296149660887552363735098  0.00089331634992983698471724365703061588575
   0.51318326223531042052766267235032953477    -0.90497530964425793376508293147440343965    -0.99999999301891296149660887552363735098  0.00089331634992983698471724365703061588575
  -0.90497530964425793376508293147440343965     0.51318326223531042052766267235032953477    -0.99999999301891296149660887552363735098  0.00089331634992983698471724365703061588575
  -0.51318326223531042052766267235032953477     0.90497530964425793376508293147440343965    -0.99999999301891296149660887552363735098  0.00089331634992983698471724365703061588575
   0.90497530964425793376508293147440343965    -0.51318326223531042052766267235032953477    -0.99999999301891296149660887552363735098  0.00089331634992983698471724365703061588575
  -0.51318326223531042052766267235032953477    -0.90497530964425793376508293147440343965    -0.99999999301891296149660887552363735098  0.00089331634992983698471724365703061588575
  -0.90497530964425793376508293147440343965    -0.51318326223531042052766267235032953477    -0.99999999301891296149660887552363735098  0.00089331634992983698471724365703061588575
   0.52052288871092046370412517111311073131     0.67434537347865987721259193798453773963    -0.47918229931759673567806987932219031996   0.0077493868057731088907011783489016664895
   0.67434537347865987721259193798453773963     0.52052288871092046370412517111311073131    -0.47918229931759673567806987932219031996   0.0077493868057731088907011783489016664895
   0.52052288871092046370412517111311073131    -0.67434537347865987721259193798453773963    -0.47918229931759673567806987932219031996   0.0077493868057731088907011783489016664895
  -0.67434537347865987721259193798453773963     0.52052288871092046370412517111311073131    -0.47918229931759673567806987932219031996   0.0077493868057731088907011783489016664895
  -0.52052288871092046370412517111311073131     0.67434537347865987721259193798453773963    -0.47918229931759673567806987932219031996   0.0077493868057731088907011783489016664895
   0.67434537347865987721259193798453773963    -0.52052288871092046370412517111311073131    -0.47918229931759673567806987932219031996   0.0077493868057731088907011783489016664895
  -0.52052288871092046370412517111311073131    -0.67434537347865987721259193798453773963    -0.47918229931759673567806987932219031996   0.0077493868057731088907011783489016664895
  -0.67434537347865987721259193798453773963    -0.52052288871092046370412517111311073131    -0.47918229931759673567806987932219031996   0.0077493868057731088907011783489016664895
   0.58992587434888997925124763877274415809     0.64829154243608108593050527490190886629    -0.33290429261136644255825033239437464473   0.0018502079293642965785267721439427144681
   0.64829154243608108593050527490190886629     0.58992587434888997925124763877274415809    -0.33290429261136644255825033239437464473   0.0018502079293642965785267721439427144681
   0.58992587434888997925124763877274415809    -0.64829154243608108593050527490190886629    -0.33290429261136644255825033239437464473   0.0018502079293642965785267721439427144681
  -0.64829154243608108593050527490190886629     0.58992587434888997925124763877274415809    -0.33290429261136644255825033239437464473   0.0018502079293642965785267721439427144681
  -0.58992587434888997925124763877274415809     0.64829154243608108593050527490190886629    -0.33290429261136644255825033239437464473   0.0018502079293642965785267721439427144681
   0.64829154243608108593050527490190886629    -0.58992587434888997925124763877274415809    -0.33290429261136644255825033239437464473   0.0018502079293642965785267721439427144681
  -0.58992587434888997925124763877274415809    -0.64829154243608108593050527490190886629    -0.33290429261136644255825033239437464473   0.0018502079293642965785267721439427144681
  -0.64829154243608108593050527490190886629    -0.58992587434888997925124763877274415809    -0.33290429261136644255825033239437464473   0.0018502079293642965785267721439427144681
   0.60273710664567824860531260230017934223     0.84982750687265499154793316544012326104    -0.74283844607913621848176564031250764765   0.0036353959389071459269961785154198841158
   0.84982750687265499154793316544012326104     0.60273710664567824860531260230017934223    -0.74283844607913621848176564031250764765   0.0036353959389071459269961785154198841158
   0.60273710664567824860531260230017934223    -0.84982750687265499154793316544012326104    -0.74283844607913621848176564031250764765   0.0036353959389071459269961785154198841158
  -0.84982750687265499154793316544012326104     0.60273710664567824860531260230017934223    -0.74283844607913621848176564031250764765   0.0036353959389071459269961785154198841158
  -0.60273710664567824860531260230017934223     0.84982750687265499154793316544012326104    -0.74283844607913621848176564031250764765   0.0036353959389071459269961785154198841158
   0.84982750687265499154793316544012326104    -0.60273710664567824860531260230017934223    -0.74283844607913621848176564031250764765   0.0036353959389071459269961785154198841158
  -0.60273710664567824860531260230017934223    -0.84982750687265499154793316544012326104    -0.74283844607913621848176564031250764765   0.0036353959389071459269961785154198841158
  -0.84982750687265499154793316544012326104    -0.60273710664567824860531260230017934223    -0.74283844607913621848176564031250764765   0.0036353959389071459269961785154198841158
    0.6334350043861340278413815601195731925     0.92538203174413480832721055052495295529    -0.92520691319295772041071004438224045911   0.0030330167719398263117842928603408812609
   0.92538203174413480832721055052495295529      0.6334350043861340278413815601195731925    -0.92520691319295772041071004438224045911   0.0030330167719398263117842928603408812609
    0.6334350043861340278413815601195731925    -0.92538203174413480832721055052495295529    -0.92520691319295772041071004438224045911   0.0030330167719398263117842928603408812609
  -0.92538203174413480832721055052495295529      0.6334350043861340278413815601195731925    -0.92520691319295772041071004438224045911   0.0030330167719398263117842928603408812609
   -0.6334350043861340278413815601195731925     0.92538203174413480832721055052495295529    -0.92520691319295772041071004438224045911   0.0030330167719398263117842928603408812609
   0.92538203174413480832721055052495295529     -0.6334350043861340278413815601195731925    -0.92520691319295772041071004438224045911   0.0030330167719398263117842928603408812609
   -0.6334350043861340278413815601195731925    -0.92538203174413480832721055052495295529    -0.92520691319295772041071004438224045911   0.0030330167719398263117842928603408812609
  -0.92538203174413480832721055052495295529     -0.6334350043861340278413815601195731925    -0.92520691319295772041071004438224045911   0.0030330167719398263117842928603408812609
   0.65078603564031551447135838529312347319     0.73646233855333813987899261265813849077    -0.97787376505180783265593360530650505641    0.002536308006979318512747616615211322797
   0.73646233855333813987899261265813849077     0.65078603564031551447135838529312347319    -0.97787376505180783265593360530650505641    0.002536308006979318512747616615211322797
   0.65078603564031551447135838529312347319    -0.73646233855333813987899261265813849077    -0.97787376505180783265593360530650505641    0.002536308006979318512747616615211322797
  -0.73646233855333813987899261265813849077     0.65078603564031551447135838529312347319    -0.97787376505180783265593360530650505641    0.002536308006979318512747616615211322797
  -0.65078603564031551447135838529312347319     0.73646233855333813987899261265813849077    -0.97787376505180783265593360530650505641    0.002536308006979318512747616615211322797
   0.73646233855333813987899261265813849077    -0.65078603564031551447135838529312347319    -0.97787376505180783265593360530650505641    0.002536308006979318512747616615211322797
  -0.65078603564031551447135838529312347319    -0.73646233855333813987899261265813849077    -0.97787376505180783265593360530650505641    0.002536308006979318512747616615211322797
  -0.73646233855333813987899261265813849077    -0.65078603564031551447135838529312347319    -0.97787376505180783265593360530650505641    0.002536308006979318512747616615211322797
   0.71048009524839623170045949175719475983     0.78183358778400586033647679607636353112    -0.57041481141649067503668167249607635315   0.0011204315529548661329191275362021385866
   0.78183358778400586033647679607636353112     0.71048009524839623170045949175719475983    -0.57041481141649067503668167249607635315   0.0011204315529548661329191275362021385866
   0.71048009524839623170045949175719475983    -0.78183358778400586033647679607636353112    -0.57041481141649067503668167249607635315   0.0011204315529548661329191275362021385866
  -0.78183358778400586033647679607636353112     0.71048009524839623170045949175719475983    -0.57041481141649067503668167249607635315   0.0011204315529548661329191275362021385866
  -0.71048009524839623170045949175719475983     0.78183358778400586033647679607636353112    -0.57041481141649067503668167249607635315   0.0011204315529548661329191275362021385866
   0.78183358778400586033647679607636353112    -0.71048009524839623170045949175719475983    -0.57041481141649067503668167249607635315   0.0011204315529548661329191275362021385866
  -0.71048009524839623170045949175719475983    -0.78183358778400586033647679607636353112    -0.57041481141649067503668167249607635315   0.0011204315529548661329191275362021385866
  -0.78183358778400586033647679607636353112    -0.71048009524839623170045949175719475983    -0.57041481141649067503668167249607635315   0.0011204315529548661329191275362021385866
   0.74256783786114726308075160567340426271     0.97623475878630568867155463231676026307    -0.99339576592240314528467453692871212889  0.00050966062512397116201846898568766744462
   0.97623475878630568867155463231676026307     0.74256783786114726308075160567340426271    -0.99339576592240314528467453692871212889  0.00050966062512397116201846898568766744462
   0.74256783786114726308075160567340426271    -0.97623475878630568867155463231676026307    -0.99339576592240314528467453692871212889  0.00050966062512397116201846898568766744462
  -0.97623475878630568867155463231676026307     0.74256783786114726308075160567340426271    -0.99339576592240314528467453692871212889  0.00050966062512397116201846898568766744462
  -0.74256783786114726308075160567340426271     0.97623475878630568867155463231676026307    -0.99339576592240314528467453692871212889  0.00050966062512397116201846898568766744462
   0.97623475878630568867155463231676026307    -0.74256783786114726308075160567340426271    -0.99339576592240314528467453692871212889  0.00050966062512397116201846898568766744462
  -0.74256783786114726308075160567340426271    -0.97623475878630568867155463231676026307    -0.99339576592240314528467453692871212889  0.00050966062512397116201846898568766744462
  -0.97623475878630568867155463231676026307    -0.74256783786114726308075160567340426271    -0.99339576592240314528467453692871212889  0.00050966062512397116201846898568766744462
    0.7935420720204688935246576105327123972     0.87270234026974681664532489639249772797    -0.84710310065363399402538940024161859197   0.0020542690213386674068065104700647486562
   0.87270234026974681664532489639249772797      0.7935420720204688935246576105327123972    -0.84710310065363399402538940024161859197   0.0020542690213386674068065104700647486562
    0.7935420720204688935246576105327123972    -0.87270234026974681664532489639249772797    -0.84710310065363399402538940024161859197   0.0020542690213386674068065104700647486562
  -0.87270234026974681664532489639249772797      0.7935420720204688935246576105327123972    -0.84710310065363399402538940024161859197   0.0020542690213386674068065104700647486562
   -0.7935420720204688935246576105327123972     0.87270234026974681664532489639249772797    -0.84710310065363399402538940024161859197   0.0020542690213386674068065104700647486562
   0.87270234026974681664532489639249772797     -0.7935420720204688935246576105327123972    -0.84710310065363399402538940024161859197   0.0020542690213386674068065104700647486562
   -0.7935420720204688935246576105327123972    -0.87270234026974681664532489639249772797    -0.84710310065363399402538940024161859197   0.0020542690213386674068065104700647486562
  -0.87270234026974681664532489639249772797     -0.7935420720204688935246576105327123972    -0.84710310065363399402538940024161859197   0.0020542690213386674068065104700647486562
   0.86641358567175675518256759893183934794     0.95437018229992928033297552832035663125    -0.92060292414155855139757236723637768221  0.00059262994999309298944938530557255962833
   0.95437018229992928033297552832035663125     0.86641358567175675518256759893183934794    -0.92060292414155855139757236723637768221  0.00059262994999309298944938530557255962833
   0.86641358567175675518256759893183934794    -0.95437018229992928033297552832035663125    -0.92060292414155855139757236723637768221  0.00059262994999309298944938530557255962833
  -0.95437018229992928033297552832035663125     0.86641358567175675518256759893183934794    -0.92060292414155855139757236723637768221  0.00059262994999309298944938530557255962833
  -0.86641358567175675518256759893183934794     0.95437018229992928033297552832035663125    -0.92060292414155855139757236723637768221  0.00059262994999309298944938530557255962833
   0.95437018229992928033297552832035663125    -0.86641358567175675518256759893183934794    -0.92060292414155855139757236723637768221  0.00059262994999309298944938530557255962833
  -0.86641358567175675518256759893183934794    -0.95437018229992928033297552832035663125    -0.92060292414155855139757236723637768221  0.00059262994999309298944938530557255962833
  -0.95437018229992928033297552832035663125    -0.86641358567175675518256759893183934794    -0.92060292414155855139757236723637768221  0.00059262994999309298944938530557255962833

