                                         0                                           0   -0.98539631533244728455075926452170695449  0.0094657791168556214785438075035608098986
                                         0                                           0   -0.82664800432983634721692389116054097598    0.04733189850916715700736157560439058851
                                         0                                           0    -0.5445828221314496453630822363461315291   0.062827232003343094308052046733193769846
                                         0                                           0    0.20119601344829280041365885530394566011   0.035767476442489457533699706416797376805
                                         0                                           0    0.64161245685485491577164231630054046471   0.011043723341678722728407184399850742764
                                         0                                           0    0.88327704419546336699191557648403725581  0.0020723557988648194680985416242165128789
  0.25707165086490762004906675428734574717                                           0     0.4710110501189793939994474675206845902  0.0051531891994543389566248413238576002382
                                         0    0.25707165086490762004906675428734574717     0.4710110501189793939994474675206845902  0.0051531891994543389566248413238576002382
 -0.25707165086490762004906675428734574717                                           0     0.4710110501189793939994474675206845902  0.0051531891994543389566248413238576002382
                                         0   -0.25707165086490762004906675428734574717     0.4710110501189793939994474675206845902  0.0051531891994543389566248413238576002382
  0.37353018413607641442293269891351690414                                           0    0.11593437952997278041057535463153396583   0.019589227707056448278326006390353101746
                                         0    0.37353018413607641442293269891351690414    0.11593437952997278041057535463153396583   0.019589227707056448278326006390353101746
 -0.37353018413607641442293269891351690414                                           0    0.11593437952997278041057535463153396583   0.019589227707056448278326006390353101746
                                         0   -0.37353018413607641442293269891351690414    0.11593437952997278041057535463153396583   0.019589227707056448278326006390353101746
  0.43978638560573787226824232398049710078                                           0   -0.24586447583438883309514437885836337578   0.031177377504095437137219059956807918053
                                         0    0.43978638560573787226824232398049710078   -0.24586447583438883309514437885836337578   0.031177377504095437137219059956807918053
 -0.43978638560573787226824232398049710078                                           0   -0.24586447583438883309514437885836337578   0.031177377504095437137219059956807918053
                                         0   -0.43978638560573787226824232398049710078   -0.24586447583438883309514437885836337578   0.031177377504095437137219059956807918053
  0.53974062733139698172138268830917155299                                           0   -0.59065452872175454887109750207940200867   0.040022548168889265798774894409124631514
                                         0    0.53974062733139698172138268830917155299   -0.59065452872175454887109750207940200867   0.040022548168889265798774894409124631514
 -0.53974062733139698172138268830917155299                                           0   -0.59065452872175454887109750207940200867   0.040022548168889265798774894409124631514
                                         0   -0.53974062733139698172138268830917155299   -0.59065452872175454887109750207940200867   0.040022548168889265798774894409124631514
  0.54956197568085428342927025551522366462                                           0   -0.84969560509602643356083457875273805735   0.027917048024104844177965104272319085139
                                         0    0.54956197568085428342927025551522366462   -0.84969560509602643356083457875273805735   0.027917048024104844177965104272319085139
 -0.54956197568085428342927025551522366462                                           0   -0.84969560509602643356083457875273805735   0.027917048024104844177965104272319085139
                                         0   -0.54956197568085428342927025551522366462   -0.84969560509602643356083457875273805735   0.027917048024104844177965104272319085139
   0.6421627004120406567398452087164506368                                           0   -0.28432890475742153059200695246760809024  0.0084989241340404687195608040310897460702
                                         0     0.6421627004120406567398452087164506368   -0.28432890475742153059200695246760809024  0.0084989241340404687195608040310897460702
  -0.6421627004120406567398452087164506368                                           0   -0.28432890475742153059200695246760809024  0.0084989241340404687195608040310897460702
                                         0    -0.6421627004120406567398452087164506368   -0.28432890475742153059200695246760809024  0.0084989241340404687195608040310897460702
  0.65217753028985677117215409590320165456                                           0   -0.97479109864287308060248616584442111968   0.012696569567543151011450244915373278597
                                         0    0.65217753028985677117215409590320165456   -0.97479109864287308060248616584442111968   0.012696569567543151011450244915373278597
 -0.65217753028985677117215409590320165456                                           0   -0.97479109864287308060248616584442111968   0.012696569567543151011450244915373278597
                                         0   -0.65217753028985677117215409590320165456   -0.97479109864287308060248616584442111968   0.012696569567543151011450244915373278597
  0.79812399870280316189886185069545607415                                           0   -0.64841499082954415395931167147321876358  0.0057726629360120824015043085463109574917
                                         0    0.79812399870280316189886185069545607415   -0.64841499082954415395931167147321876358  0.0057726629360120824015043085463109574917
 -0.79812399870280316189886185069545607415                                           0   -0.64841499082954415395931167147321876358  0.0057726629360120824015043085463109574917
                                         0   -0.79812399870280316189886185069545607415   -0.64841499082954415395931167147321876358  0.0057726629360120824015043085463109574917
  0.88692964703791208587841340655843392591                                           0   -0.85017840277121967376404020005229998984  0.0095965618089583649002940820436968254439
                                         0    0.88692964703791208587841340655843392591   -0.85017840277121967376404020005229998984  0.0095965618089583649002940820436968254439
 -0.88692964703791208587841340655843392591                                           0   -0.85017840277121967376404020005229998984  0.0095965618089583649002940820436968254439
                                         0   -0.88692964703791208587841340655843392591   -0.85017840277121967376404020005229998984  0.0095965618089583649002940820436968254439
  0.98253046652655143944684227310613984529                                           0   -0.97449685577548814378156875909459600265  0.0019600960882265455540327465217578531572
                                         0    0.98253046652655143944684227310613984529   -0.97449685577548814378156875909459600265  0.0019600960882265455540327465217578531572
 -0.98253046652655143944684227310613984529                                           0   -0.97449685577548814378156875909459600265  0.0019600960882265455540327465217578531572
                                         0   -0.98253046652655143944684227310613984529   -0.97449685577548814378156875909459600265  0.0019600960882265455540327465217578531572
   0.1096518944360303870172103484347941938     0.1096518944360303870172103484347941938    0.70595026271360088508823911579101680582  0.0033896918841424817482961065832998686172
   0.1096518944360303870172103484347941938    -0.1096518944360303870172103484347941938    0.70595026271360088508823911579101680582  0.0033896918841424817482961065832998686172
  -0.1096518944360303870172103484347941938     0.1096518944360303870172103484347941938    0.70595026271360088508823911579101680582  0.0033896918841424817482961065832998686172
  -0.1096518944360303870172103484347941938    -0.1096518944360303870172103484347941938    0.70595026271360088508823911579101680582  0.0033896918841424817482961065832998686172
   0.1467927230717737701225538472480632296     0.1467927230717737701225538472480632296   -0.18782153011228948203935875658695472838   0.029030373113390134464033365862494814507
   0.1467927230717737701225538472480632296    -0.1467927230717737701225538472480632296   -0.18782153011228948203935875658695472838   0.029030373113390134464033365862494814507
  -0.1467927230717737701225538472480632296     0.1467927230717737701225538472480632296   -0.18782153011228948203935875658695472838   0.029030373113390134464033365862494814507
  -0.1467927230717737701225538472480632296    -0.1467927230717737701225538472480632296   -0.18782153011228948203935875658695472838   0.029030373113390134464033365862494814507
  0.14942623975130213358378816419945997402    0.14942623975130213358378816419945997402    0.40615494933215367906352205401542261387   0.015783612562013453386749539436157479246
  0.14942623975130213358378816419945997402   -0.14942623975130213358378816419945997402    0.40615494933215367906352205401542261387   0.015783612562013453386749539436157479246
 -0.14942623975130213358378816419945997402    0.14942623975130213358378816419945997402    0.40615494933215367906352205401542261387   0.015783612562013453386749539436157479246
 -0.14942623975130213358378816419945997402   -0.14942623975130213358378816419945997402    0.40615494933215367906352205401542261387   0.015783612562013453386749539436157479246
  0.23847323377762998202172370755101896152    0.23847323377762998202172370755101896152   0.044207062550124715628065878811691475613   0.027512649780119201178347325642200231362
  0.23847323377762998202172370755101896152   -0.23847323377762998202172370755101896152   0.044207062550124715628065878811691475613   0.027512649780119201178347325642200231362
 -0.23847323377762998202172370755101896152    0.23847323377762998202172370755101896152   0.044207062550124715628065878811691475613   0.027512649780119201178347325642200231362
 -0.23847323377762998202172370755101896152   -0.23847323377762998202172370755101896152   0.044207062550124715628065878811691475613   0.027512649780119201178347325642200231362
   0.2914204866430356349904227050530395754     0.2914204866430356349904227050530395754   -0.95327480163948118531480148947745937548   0.023073780243586230176580349812264583808
   0.2914204866430356349904227050530395754    -0.2914204866430356349904227050530395754   -0.95327480163948118531480148947745937548   0.023073780243586230176580349812264583808
  -0.2914204866430356349904227050530395754     0.2914204866430356349904227050530395754   -0.95327480163948118531480148947745937548   0.023073780243586230176580349812264583808
  -0.2914204866430356349904227050530395754    -0.2914204866430356349904227050530395754   -0.95327480163948118531480148947745937548   0.023073780243586230176580349812264583808
  0.29311336893096092440831329654736252534    0.29311336893096092440831329654736252534     -0.470447123744172183771988624330438825   0.041959775199201872783076089659972001656
  0.29311336893096092440831329654736252534   -0.29311336893096092440831329654736252534     -0.470447123744172183771988624330438825   0.041959775199201872783076089659972001656
 -0.29311336893096092440831329654736252534    0.29311336893096092440831329654736252534     -0.470447123744172183771988624330438825   0.041959775199201872783076089659972001656
 -0.29311336893096092440831329654736252534   -0.29311336893096092440831329654736252534     -0.470447123744172183771988624330438825   0.041959775199201872783076089659972001656
  0.29583218182121131830438532136842809845    0.29583218182121131830438532136842809845     0.3160192233456938890700557028803784292  0.0057880590659785315603358784007578833124
  0.29583218182121131830438532136842809845   -0.29583218182121131830438532136842809845     0.3160192233456938890700557028803784292  0.0057880590659785315603358784007578833124
 -0.29583218182121131830438532136842809845    0.29583218182121131830438532136842809845     0.3160192233456938890700557028803784292  0.0057880590659785315603358784007578833124
 -0.29583218182121131830438532136842809845   -0.29583218182121131830438532136842809845     0.3160192233456938890700557028803784292  0.0057880590659785315603358784007578833124
  0.31599457468430795340761009297650756091    0.31599457468430795340761009297650756091   -0.74841823821607207002802112279055876274   0.042498303276554891745119374010373870255
  0.31599457468430795340761009297650756091   -0.31599457468430795340761009297650756091   -0.74841823821607207002802112279055876274   0.042498303276554891745119374010373870255
 -0.31599457468430795340761009297650756091    0.31599457468430795340761009297650756091   -0.74841823821607207002802112279055876274   0.042498303276554891745119374010373870255
 -0.31599457468430795340761009297650756091   -0.31599457468430795340761009297650756091   -0.74841823821607207002802112279055876274   0.042498303276554891745119374010373870255
  0.54658999517433174369835812851212913176    0.54658999517433174369835812851212913176   -0.18420890046681161933963272670981189836  0.0052675214881236135903883784921976622225
  0.54658999517433174369835812851212913176   -0.54658999517433174369835812851212913176   -0.18420890046681161933963272670981189836  0.0052675214881236135903883784921976622225
 -0.54658999517433174369835812851212913176    0.54658999517433174369835812851212913176   -0.18420890046681161933963272670981189836  0.0052675214881236135903883784921976622225
 -0.54658999517433174369835812851212913176   -0.54658999517433174369835812851212913176   -0.18420890046681161933963272670981189836  0.0052675214881236135903883784921976622225
  0.57320814507264148470563004068376513682    0.57320814507264148470563004068376513682   -0.90651712816526815263795098605380793153   0.018463706499970384226193277105757634873
  0.57320814507264148470563004068376513682   -0.57320814507264148470563004068376513682   -0.90651712816526815263795098605380793153   0.018463706499970384226193277105757634873
 -0.57320814507264148470563004068376513682    0.57320814507264148470563004068376513682   -0.90651712816526815263795098605380793153   0.018463706499970384226193277105757634873
 -0.57320814507264148470563004068376513682   -0.57320814507264148470563004068376513682   -0.90651712816526815263795098605380793153   0.018463706499970384226193277105757634873
   0.5776030589421087720201719165425045675     0.5776030589421087720201719165425045675   -0.99395602410149795192263763536490062626   0.005208420360412082370895791914477007887
   0.5776030589421087720201719165425045675    -0.5776030589421087720201719165425045675   -0.99395602410149795192263763536490062626   0.005208420360412082370895791914477007887
  -0.5776030589421087720201719165425045675     0.5776030589421087720201719165425045675   -0.99395602410149795192263763536490062626   0.005208420360412082370895791914477007887
  -0.5776030589421087720201719165425045675    -0.5776030589421087720201719165425045675   -0.99395602410149795192263763536490062626   0.005208420360412082370895791914477007887
  0.57895097144834337212277082376228700572    0.57895097144834337212277082376228700572   -0.65082826946425270979852497461163429744   0.030012832294799606209006902486459530462
  0.57895097144834337212277082376228700572   -0.57895097144834337212277082376228700572   -0.65082826946425270979852497461163429744   0.030012832294799606209006902486459530462
 -0.57895097144834337212277082376228700572    0.57895097144834337212277082376228700572   -0.65082826946425270979852497461163429744   0.030012832294799606209006902486459530462
 -0.57895097144834337212277082376228700572   -0.57895097144834337212277082376228700572   -0.65082826946425270979852497461163429744   0.030012832294799606209006902486459530462
  0.76431969126830204726146409625434530414    0.76431969126830204726146409625434530414    -0.8763998890170561543636782058490549496  0.0099136433382149326707507115893903434028
  0.76431969126830204726146409625434530414   -0.76431969126830204726146409625434530414    -0.8763998890170561543636782058490549496  0.0099136433382149326707507115893903434028
 -0.76431969126830204726146409625434530414    0.76431969126830204726146409625434530414    -0.8763998890170561543636782058490549496  0.0099136433382149326707507115893903434028
 -0.76431969126830204726146409625434530414   -0.76431969126830204726146409625434530414    -0.8763998890170561543636782058490549496  0.0099136433382149326707507115893903434028
  0.81573835723726479331343541027378489357    0.81573835723726479331343541027378489357   -0.98393148358921201516473145624494196055   0.003516387293883273247972957965267750764
  0.81573835723726479331343541027378489357   -0.81573835723726479331343541027378489357   -0.98393148358921201516473145624494196055   0.003516387293883273247972957965267750764
 -0.81573835723726479331343541027378489357    0.81573835723726479331343541027378489357   -0.98393148358921201516473145624494196055   0.003516387293883273247972957965267750764
 -0.81573835723726479331343541027378489357   -0.81573835723726479331343541027378489357   -0.98393148358921201516473145624494196055   0.003516387293883273247972957965267750764
  0.81815611007856223883884589482342819031    0.81815611007856223883884589482342819031   -0.76099418457636562695459066938886110068   0.006033914538727970682046698373477051146
  0.81815611007856223883884589482342819031   -0.81815611007856223883884589482342819031   -0.76099418457636562695459066938886110068   0.006033914538727970682046698373477051146
 -0.81815611007856223883884589482342819031    0.81815611007856223883884589482342819031   -0.76099418457636562695459066938886110068   0.006033914538727970682046698373477051146
 -0.81815611007856223883884589482342819031   -0.81815611007856223883884589482342819031   -0.76099418457636562695459066938886110068   0.006033914538727970682046698373477051146
  0.93419482533159281867307978440562971401    0.93419482533159281867307978440562971401   -0.95156837580013930127181049768593406845  0.0017664751248804297095081792952116912045
  0.93419482533159281867307978440562971401   -0.93419482533159281867307978440562971401   -0.95156837580013930127181049768593406845  0.0017664751248804297095081792952116912045
 -0.93419482533159281867307978440562971401    0.93419482533159281867307978440562971401   -0.95156837580013930127181049768593406845  0.0017664751248804297095081792952116912045
 -0.93419482533159281867307978440562971401   -0.93419482533159281867307978440562971401   -0.95156837580013930127181049768593406845  0.0017664751248804297095081792952116912045
  0.28413370935797410241684936991086914501    0.72259556263009532123294710517334825407   -0.58506178149227832817233007463419055722    0.01740460215745829350103446903844907863
  0.72259556263009532123294710517334825407    0.28413370935797410241684936991086914501   -0.58506178149227832817233007463419055722    0.01740460215745829350103446903844907863
  0.28413370935797410241684936991086914501   -0.72259556263009532123294710517334825407   -0.58506178149227832817233007463419055722    0.01740460215745829350103446903844907863
 -0.72259556263009532123294710517334825407    0.28413370935797410241684936991086914501   -0.58506178149227832817233007463419055722    0.01740460215745829350103446903844907863
 -0.28413370935797410241684936991086914501    0.72259556263009532123294710517334825407   -0.58506178149227832817233007463419055722    0.01740460215745829350103446903844907863
  0.72259556263009532123294710517334825407   -0.28413370935797410241684936991086914501   -0.58506178149227832817233007463419055722    0.01740460215745829350103446903844907863
 -0.28413370935797410241684936991086914501   -0.72259556263009532123294710517334825407   -0.58506178149227832817233007463419055722    0.01740460215745829350103446903844907863
 -0.72259556263009532123294710517334825407   -0.28413370935797410241684936991086914501   -0.58506178149227832817233007463419055722    0.01740460215745829350103446903844907863
  0.30445656458482114830292248929971202097    0.46577068911227569104100931190875898172   0.013009373143965885247063092546242678946  0.0085803844363110248638044177901316284071
  0.46577068911227569104100931190875898172    0.30445656458482114830292248929971202097   0.013009373143965885247063092546242678946  0.0085803844363110248638044177901316284071
  0.30445656458482114830292248929971202097   -0.46577068911227569104100931190875898172   0.013009373143965885247063092546242678946  0.0085803844363110248638044177901316284071
 -0.46577068911227569104100931190875898172    0.30445656458482114830292248929971202097   0.013009373143965885247063092546242678946  0.0085803844363110248638044177901316284071
 -0.30445656458482114830292248929971202097    0.46577068911227569104100931190875898172   0.013009373143965885247063092546242678946  0.0085803844363110248638044177901316284071
  0.46577068911227569104100931190875898172   -0.30445656458482114830292248929971202097   0.013009373143965885247063092546242678946  0.0085803844363110248638044177901316284071
 -0.30445656458482114830292248929971202097   -0.46577068911227569104100931190875898172   0.013009373143965885247063092546242678946  0.0085803844363110248638044177901316284071
 -0.46577068911227569104100931190875898172   -0.30445656458482114830292248929971202097   0.013009373143965885247063092546242678946  0.0085803844363110248638044177901316284071
  0.31175868771234956128084852270505118762    0.74268384453255882968282585784596817581   -0.82237542494087418551471563781517156562   0.019843510896307549815399381058080413048
  0.74268384453255882968282585784596817581    0.31175868771234956128084852270505118762   -0.82237542494087418551471563781517156562   0.019843510896307549815399381058080413048
  0.31175868771234956128084852270505118762   -0.74268384453255882968282585784596817581   -0.82237542494087418551471563781517156562   0.019843510896307549815399381058080413048
 -0.74268384453255882968282585784596817581    0.31175868771234956128084852270505118762   -0.82237542494087418551471563781517156562   0.019843510896307549815399381058080413048
 -0.31175868771234956128084852270505118762    0.74268384453255882968282585784596817581   -0.82237542494087418551471563781517156562   0.019843510896307549815399381058080413048
  0.74268384453255882968282585784596817581   -0.31175868771234956128084852270505118762   -0.82237542494087418551471563781517156562   0.019843510896307549815399381058080413048
 -0.31175868771234956128084852270505118762   -0.74268384453255882968282585784596817581   -0.82237542494087418551471563781517156562   0.019843510896307549815399381058080413048
 -0.74268384453255882968282585784596817581   -0.31175868771234956128084852270505118762   -0.82237542494087418551471563781517156562   0.019843510896307549815399381058080413048
  0.33247209390892165033186483179427630314    0.86185084815004976577321979741096898943   -0.96485103723486961779742245976973048597  0.0095783140583227382953272683294445572298
  0.86185084815004976577321979741096898943    0.33247209390892165033186483179427630314   -0.96485103723486961779742245976973048597  0.0095783140583227382953272683294445572298
  0.33247209390892165033186483179427630314   -0.86185084815004976577321979741096898943   -0.96485103723486961779742245976973048597  0.0095783140583227382953272683294445572298
 -0.86185084815004976577321979741096898943    0.33247209390892165033186483179427630314   -0.96485103723486961779742245976973048597  0.0095783140583227382953272683294445572298
 -0.33247209390892165033186483179427630314    0.86185084815004976577321979741096898943   -0.96485103723486961779742245976973048597  0.0095783140583227382953272683294445572298
  0.86185084815004976577321979741096898943   -0.33247209390892165033186483179427630314   -0.96485103723486961779742245976973048597  0.0095783140583227382953272683294445572298
 -0.33247209390892165033186483179427630314   -0.86185084815004976577321979741096898943   -0.96485103723486961779742245976973048597  0.0095783140583227382953272683294445572298
 -0.86185084815004976577321979741096898943   -0.33247209390892165033186483179427630314   -0.96485103723486961779742245976973048597  0.0095783140583227382953272683294445572298
  0.34010122597691546043373613173159487161    0.54058187001750365351222007284545456454   -0.30277550040251047596986548625969858033   0.024162537362921741630942928839197120577
  0.54058187001750365351222007284545456454    0.34010122597691546043373613173159487161   -0.30277550040251047596986548625969858033   0.024162537362921741630942928839197120577
  0.34010122597691546043373613173159487161   -0.54058187001750365351222007284545456454   -0.30277550040251047596986548625969858033   0.024162537362921741630942928839197120577
 -0.54058187001750365351222007284545456454    0.34010122597691546043373613173159487161   -0.30277550040251047596986548625969858033   0.024162537362921741630942928839197120577
 -0.34010122597691546043373613173159487161    0.54058187001750365351222007284545456454   -0.30277550040251047596986548625969858033   0.024162537362921741630942928839197120577
  0.54058187001750365351222007284545456454   -0.34010122597691546043373613173159487161   -0.30277550040251047596986548625969858033   0.024162537362921741630942928839197120577
 -0.34010122597691546043373613173159487161   -0.54058187001750365351222007284545456454   -0.30277550040251047596986548625969858033   0.024162537362921741630942928839197120577
 -0.54058187001750365351222007284545456454   -0.34010122597691546043373613173159487161   -0.30277550040251047596986548625969858033   0.024162537362921741630942928839197120577
  0.54409602583279693299165145873066162231    0.87995826607804218135214577873481119144   -0.80510138589781446076847806134527728537  0.0069101431928833410047999953352864309522
  0.87995826607804218135214577873481119144    0.54409602583279693299165145873066162231   -0.80510138589781446076847806134527728537  0.0069101431928833410047999953352864309522
  0.54409602583279693299165145873066162231   -0.87995826607804218135214577873481119144   -0.80510138589781446076847806134527728537  0.0069101431928833410047999953352864309522
 -0.87995826607804218135214577873481119144    0.54409602583279693299165145873066162231   -0.80510138589781446076847806134527728537  0.0069101431928833410047999953352864309522
 -0.54409602583279693299165145873066162231    0.87995826607804218135214577873481119144   -0.80510138589781446076847806134527728537  0.0069101431928833410047999953352864309522
  0.87995826607804218135214577873481119144   -0.54409602583279693299165145873066162231   -0.80510138589781446076847806134527728537  0.0069101431928833410047999953352864309522
 -0.54409602583279693299165145873066162231   -0.87995826607804218135214577873481119144   -0.80510138589781446076847806134527728537  0.0069101431928833410047999953352864309522
 -0.87995826607804218135214577873481119144   -0.54409602583279693299165145873066162231   -0.80510138589781446076847806134527728537  0.0069101431928833410047999953352864309522
  0.60071746699368972582671113819150080749    0.72954994774808396574259315017580964839   -0.50203627062075115996371366644798201056  0.0070222285690248294109372274225967636159
  0.72954994774808396574259315017580964839    0.60071746699368972582671113819150080749   -0.50203627062075115996371366644798201056  0.0070222285690248294109372274225967636159
  0.60071746699368972582671113819150080749   -0.72954994774808396574259315017580964839   -0.50203627062075115996371366644798201056  0.0070222285690248294109372274225967636159
 -0.72954994774808396574259315017580964839    0.60071746699368972582671113819150080749   -0.50203627062075115996371366644798201056  0.0070222285690248294109372274225967636159
 -0.60071746699368972582671113819150080749    0.72954994774808396574259315017580964839   -0.50203627062075115996371366644798201056  0.0070222285690248294109372274225967636159
  0.72954994774808396574259315017580964839   -0.60071746699368972582671113819150080749   -0.50203627062075115996371366644798201056  0.0070222285690248294109372274225967636159
 -0.60071746699368972582671113819150080749   -0.72954994774808396574259315017580964839   -0.50203627062075115996371366644798201056  0.0070222285690248294109372274225967636159
 -0.72954994774808396574259315017580964839   -0.60071746699368972582671113819150080749   -0.50203627062075115996371366644798201056  0.0070222285690248294109372274225967636159
  0.64766191361876140954304712801190192906    0.95606416157409256308888574451217345465   -0.96153763715982154570472329791953898653  0.0029663789073639374030407782146709146977
  0.95606416157409256308888574451217345465    0.64766191361876140954304712801190192906   -0.96153763715982154570472329791953898653  0.0029663789073639374030407782146709146977
  0.64766191361876140954304712801190192906   -0.95606416157409256308888574451217345465   -0.96153763715982154570472329791953898653  0.0029663789073639374030407782146709146977
 -0.95606416157409256308888574451217345465    0.64766191361876140954304712801190192906   -0.96153763715982154570472329791953898653  0.0029663789073639374030407782146709146977
 -0.64766191361876140954304712801190192906    0.95606416157409256308888574451217345465   -0.96153763715982154570472329791953898653  0.0029663789073639374030407782146709146977
  0.95606416157409256308888574451217345465   -0.64766191361876140954304712801190192906   -0.96153763715982154570472329791953898653  0.0029663789073639374030407782146709146977
 -0.64766191361876140954304712801190192906   -0.95606416157409256308888574451217345465   -0.96153763715982154570472329791953898653  0.0029663789073639374030407782146709146977
 -0.95606416157409256308888574451217345465   -0.64766191361876140954304712801190192906   -0.96153763715982154570472329791953898653  0.0029663789073639374030407782146709146977

