                                         0                                           0   -0.77844166442682490345747153840321607837   0.052067939576183223275632801676919285976
                                         0                                           0   -0.41239358581086106595338797198995852667    0.08747548019942669260998105973262520398
                                         0                                           0    -0.0924862695865680928022221152853136227   0.044935641240943978922510373670605616252
                                         0                                           0    0.82842624254088166436604873149760244248  0.0061578901042442077030668927840881482852
  0.33227510088508483331677639826630795586                                           0    0.31060047509828513253799924358977996554   0.011347078244764696132311078560817761357
                                         0    0.33227510088508483331677639826630795586    0.31060047509828513253799924358977996554   0.011347078244764696132311078560817761357
 -0.33227510088508483331677639826630795586                                           0    0.31060047509828513253799924358977996554   0.011347078244764696132311078560817761357
                                         0   -0.33227510088508483331677639826630795586    0.31060047509828513253799924358977996554   0.011347078244764696132311078560817761357
  0.42548314276524925783138401328670267964                                           0   -0.10353461074028260777002783708307514953   0.034867849622320312684246694752042882182
                                         0    0.42548314276524925783138401328670267964   -0.10353461074028260777002783708307514953   0.034867849622320312684246694752042882182
 -0.42548314276524925783138401328670267964                                           0   -0.10353461074028260777002783708307514953   0.034867849622320312684246694752042882182
                                         0   -0.42548314276524925783138401328670267964   -0.10353461074028260777002783708307514953   0.034867849622320312684246694752042882182
  0.46003611522755492796018186891356209461                                           0    -0.8013430596642981832932102570043917577   0.045980586108957923497254271345807589676
                                         0    0.46003611522755492796018186891356209461    -0.8013430596642981832932102570043917577   0.045980586108957923497254271345807589676
 -0.46003611522755492796018186891356209461                                           0    -0.8013430596642981832932102570043917577   0.045980586108957923497254271345807589676
                                         0   -0.46003611522755492796018186891356209461    -0.8013430596642981832932102570043917577   0.045980586108957923497254271345807589676
  0.60787677973580557806216617089970569477                                           0   -0.52073311430229067806266821613872782864   0.052838501111099230319010626043143979112
                                         0    0.60787677973580557806216617089970569477   -0.52073311430229067806266821613872782864   0.052838501111099230319010626043143979112
 -0.60787677973580557806216617089970569477                                           0   -0.52073311430229067806266821613872782864   0.052838501111099230319010626043143979112
                                         0   -0.60787677973580557806216617089970569477   -0.52073311430229067806266821613872782864   0.052838501111099230319010626043143979112
   0.7140549244015074716953203557725351173                                           0   -0.97268431792835342131794066590231632979   0.017297982494555807692460738152404661389
                                         0     0.7140549244015074716953203557725351173   -0.97268431792835342131794066590231632979   0.017297982494555807692460738152404661389
  -0.7140549244015074716953203557725351173                                           0   -0.97268431792835342131794066590231632979   0.017297982494555807692460738152404661389
                                         0    -0.7140549244015074716953203557725351173   -0.97268431792835342131794066590231632979   0.017297982494555807692460738152404661389
  0.88573122470914647342126357381093882108                                           0   -0.84775603450294370531035549684175691931   0.015649040397527472328170973854337124637
                                         0    0.88573122470914647342126357381093882108   -0.84775603450294370531035549684175691931   0.015649040397527472328170973854337124637
 -0.88573122470914647342126357381093882108                                           0   -0.84775603450294370531035549684175691931   0.015649040397527472328170973854337124637
                                         0   -0.88573122470914647342126357381093882108   -0.84775603450294370531035549684175691931   0.015649040397527472328170973854337124637
  0.10370060388026806730887701083287654808    0.10370060388026806730887701083287654808     0.5021901508439290457282169664927078799   0.013531028312195221227380971874325634024
  0.10370060388026806730887701083287654808   -0.10370060388026806730887701083287654808     0.5021901508439290457282169664927078799   0.013531028312195221227380971874325634024
 -0.10370060388026806730887701083287654808    0.10370060388026806730887701083287654808     0.5021901508439290457282169664927078799   0.013531028312195221227380971874325634024
 -0.10370060388026806730887701083287654808   -0.10370060388026806730887701083287654808     0.5021901508439290457282169664927078799   0.013531028312195221227380971874325634024
   0.1532661254295416756760683008430656252     0.1532661254295416756760683008430656252    0.63487377408850911996087307798769754653  0.0040768999082955596002373362605865258483
   0.1532661254295416756760683008430656252    -0.1532661254295416756760683008430656252    0.63487377408850911996087307798769754653  0.0040768999082955596002373362605865258483
  -0.1532661254295416756760683008430656252     0.1532661254295416756760683008430656252    0.63487377408850911996087307798769754653  0.0040768999082955596002373362605865258483
  -0.1532661254295416756760683008430656252    -0.1532661254295416756760683008430656252    0.63487377408850911996087307798769754653  0.0040768999082955596002373362605865258483
  0.17064102556152056733243587044171560145    0.17064102556152056733243587044171560145    0.14908881004371868870905717330703348183   0.032786169377196841134860674796755531955
  0.17064102556152056733243587044171560145   -0.17064102556152056733243587044171560145    0.14908881004371868870905717330703348183   0.032786169377196841134860674796755531955
 -0.17064102556152056733243587044171560145    0.17064102556152056733243587044171560145    0.14908881004371868870905717330703348183   0.032786169377196841134860674796755531955
 -0.17064102556152056733243587044171560145   -0.17064102556152056733243587044171560145    0.14908881004371868870905717330703348183   0.032786169377196841134860674796755531955
  0.23777375177380094696201786573272469962    0.23777375177380094696201786573272469962   -0.95714322713188341026928442998876257974   0.023347317302858520034539166633512691594
  0.23777375177380094696201786573272469962   -0.23777375177380094696201786573272469962   -0.95714322713188341026928442998876257974   0.023347317302858520034539166633512691594
 -0.23777375177380094696201786573272469962    0.23777375177380094696201786573272469962   -0.95714322713188341026928442998876257974   0.023347317302858520034539166633512691594
 -0.23777375177380094696201786573272469962   -0.23777375177380094696201786573272469962   -0.95714322713188341026928442998876257974   0.023347317302858520034539166633512691594
  0.32420017240043818599670280346589164231    0.32420017240043818599670280346589164231   -0.61801166233315363418917401475749067995   0.056973038821550372415179691805960322835
  0.32420017240043818599670280346589164231   -0.32420017240043818599670280346589164231   -0.61801166233315363418917401475749067995   0.056973038821550372415179691805960322835
 -0.32420017240043818599670280346589164231    0.32420017240043818599670280346589164231   -0.61801166233315363418917401475749067995   0.056973038821550372415179691805960322835
 -0.32420017240043818599670280346589164231   -0.32420017240043818599670280346589164231   -0.61801166233315363418917401475749067995   0.056973038821550372415179691805960322835
  0.32760890126850227183761812395467243408    0.32760890126850227183761812395467243408   -0.29465477878576867764668999317116565274   0.057173486786062636298598435203489008784
  0.32760890126850227183761812395467243408   -0.32760890126850227183761812395467243408   -0.29465477878576867764668999317116565274   0.057173486786062636298598435203489008784
 -0.32760890126850227183761812395467243408    0.32760890126850227183761812395467243408   -0.29465477878576867764668999317116565274   0.057173486786062636298598435203489008784
 -0.32760890126850227183761812395467243408   -0.32760890126850227183761812395467243408   -0.29465477878576867764668999317116565274   0.057173486786062636298598435203489008784
  0.34320622406848373079814429035308958631    0.34320622406848373079814429035308958631    0.15395484860784942800209335126038687482   0.017548516192266074370481639489680276595
  0.34320622406848373079814429035308958631   -0.34320622406848373079814429035308958631    0.15395484860784942800209335126038687482   0.017548516192266074370481639489680276595
 -0.34320622406848373079814429035308958631    0.34320622406848373079814429035308958631    0.15395484860784942800209335126038687482   0.017548516192266074370481639489680276595
 -0.34320622406848373079814429035308958631   -0.34320622406848373079814429035308958631    0.15395484860784942800209335126038687482   0.017548516192266074370481639489680276595
  0.49227744284592589625476195852843179169    0.49227744284592589625476195852843179169   -0.94569452683471909883309299431524008394    0.02010341314681789331716107458904414624
  0.49227744284592589625476195852843179169   -0.49227744284592589625476195852843179169   -0.94569452683471909883309299431524008394    0.02010341314681789331716107458904414624
 -0.49227744284592589625476195852843179169    0.49227744284592589625476195852843179169   -0.94569452683471909883309299431524008394    0.02010341314681789331716107458904414624
 -0.49227744284592589625476195852843179169   -0.49227744284592589625476195852843179169   -0.94569452683471909883309299431524008394    0.02010341314681789331716107458904414624
  0.56883247647500950739061592642182473992    0.56883247647500950739061592642182473992   -0.29880644343595756736095332663660238794   0.015559341667013254756601784021091496731
  0.56883247647500950739061592642182473992   -0.56883247647500950739061592642182473992   -0.29880644343595756736095332663660238794   0.015559341667013254756601784021091496731
 -0.56883247647500950739061592642182473992    0.56883247647500950739061592642182473992   -0.29880644343595756736095332663660238794   0.015559341667013254756601784021091496731
 -0.56883247647500950739061592642182473992   -0.56883247647500950739061592642182473992   -0.29880644343595756736095332663660238794   0.015559341667013254756601784021091496731
  0.62264738871927374166092527322698427785    0.62264738871927374166092527322698427785   -0.61803543433242342815288611425852893027   0.031779399284785921972752932461089503791
  0.62264738871927374166092527322698427785   -0.62264738871927374166092527322698427785   -0.61803543433242342815288611425852893027   0.031779399284785921972752932461089503791
 -0.62264738871927374166092527322698427785    0.62264738871927374166092527322698427785   -0.61803543433242342815288611425852893027   0.031779399284785921972752932461089503791
 -0.62264738871927374166092527322698427785   -0.62264738871927374166092527322698427785   -0.61803543433242342815288611425852893027   0.031779399284785921972752932461089503791
  0.73552808320283866265561946542222095852    0.73552808320283866265561946542222095852   -0.98507709244213958239317303685838917825  0.0077497845126251114918085913065932354635
  0.73552808320283866265561946542222095852   -0.73552808320283866265561946542222095852   -0.98507709244213958239317303685838917825  0.0077497845126251114918085913065932354635
 -0.73552808320283866265561946542222095852    0.73552808320283866265561946542222095852   -0.98507709244213958239317303685838917825  0.0077497845126251114918085913065932354635
 -0.73552808320283866265561946542222095852   -0.73552808320283866265561946542222095852   -0.98507709244213958239317303685838917825  0.0077497845126251114918085913065932354635
  0.81568569708679155795625507329975332963    0.81568569708679155795625507329975332963   -0.67540900783854372859197009882632498725  0.0037616554324506361568663957743817276775
  0.81568569708679155795625507329975332963   -0.81568569708679155795625507329975332963   -0.67540900783854372859197009882632498725  0.0037616554324506361568663957743817276775
 -0.81568569708679155795625507329975332963    0.81568569708679155795625507329975332963   -0.67540900783854372859197009882632498725  0.0037616554324506361568663957743817276775
 -0.81568569708679155795625507329975332963   -0.81568569708679155795625507329975332963   -0.67540900783854372859197009882632498725  0.0037616554324506361568663957743817276775
   0.9458982355439206548951060553846880858     0.9458982355439206548951060553846880858   -0.98889579675320219356502990891957420575  0.0013223980747805413720507702854148644433
   0.9458982355439206548951060553846880858    -0.9458982355439206548951060553846880858   -0.98889579675320219356502990891957420575  0.0013223980747805413720507702854148644433
  -0.9458982355439206548951060553846880858     0.9458982355439206548951060553846880858   -0.98889579675320219356502990891957420575  0.0013223980747805413720507702854148644433
  -0.9458982355439206548951060553846880858    -0.9458982355439206548951060553846880858   -0.98889579675320219356502990891957420575  0.0013223980747805413720507702854148644433
  0.27151644308804655056312199760025275375    0.57304928403362992783467762472362095337   -0.19226980837410633693893261792377392689   0.013404465039854214761599347743750595565
  0.57304928403362992783467762472362095337    0.27151644308804655056312199760025275375   -0.19226980837410633693893261792377392689   0.013404465039854214761599347743750595565
  0.27151644308804655056312199760025275375   -0.57304928403362992783467762472362095337   -0.19226980837410633693893261792377392689   0.013404465039854214761599347743750595565
 -0.57304928403362992783467762472362095337    0.27151644308804655056312199760025275375   -0.19226980837410633693893261792377392689   0.013404465039854214761599347743750595565
 -0.27151644308804655056312199760025275375    0.57304928403362992783467762472362095337   -0.19226980837410633693893261792377392689   0.013404465039854214761599347743750595565
  0.57304928403362992783467762472362095337   -0.27151644308804655056312199760025275375   -0.19226980837410633693893261792377392689   0.013404465039854214761599347743750595565
 -0.27151644308804655056312199760025275375   -0.57304928403362992783467762472362095337   -0.19226980837410633693893261792377392689   0.013404465039854214761599347743750595565
 -0.57304928403362992783467762472362095337   -0.27151644308804655056312199760025275375   -0.19226980837410633693893261792377392689   0.013404465039854214761599347743750595565
  0.35906710260558920873373066789889042329    0.77380503643842520136988354241128669141   -0.59416191925626545298029116371735277169   0.014974373120480349620087176485011647162
  0.77380503643842520136988354241128669141    0.35906710260558920873373066789889042329   -0.59416191925626545298029116371735277169   0.014974373120480349620087176485011647162
  0.35906710260558920873373066789889042329   -0.77380503643842520136988354241128669141   -0.59416191925626545298029116371735277169   0.014974373120480349620087176485011647162
 -0.77380503643842520136988354241128669141    0.35906710260558920873373066789889042329   -0.59416191925626545298029116371735277169   0.014974373120480349620087176485011647162
 -0.35906710260558920873373066789889042329    0.77380503643842520136988354241128669141   -0.59416191925626545298029116371735277169   0.014974373120480349620087176485011647162
  0.77380503643842520136988354241128669141   -0.35906710260558920873373066789889042329   -0.59416191925626545298029116371735277169   0.014974373120480349620087176485011647162
 -0.35906710260558920873373066789889042329   -0.77380503643842520136988354241128669141   -0.59416191925626545298029116371735277169   0.014974373120480349620087176485011647162
 -0.77380503643842520136988354241128669141   -0.35906710260558920873373066789889042329   -0.59416191925626545298029116371735277169   0.014974373120480349620087176485011647162
  0.37388453626266080778371329232425472121    0.93440059917857017946928595957957074516   -0.98013416863103570871630392917566693815  0.0059895615025349627906318428635467456269
  0.93440059917857017946928595957957074516    0.37388453626266080778371329232425472121   -0.98013416863103570871630392917566693815  0.0059895615025349627906318428635467456269
  0.37388453626266080778371329232425472121   -0.93440059917857017946928595957957074516   -0.98013416863103570871630392917566693815  0.0059895615025349627906318428635467456269
 -0.93440059917857017946928595957957074516    0.37388453626266080778371329232425472121   -0.98013416863103570871630392917566693815  0.0059895615025349627906318428635467456269
 -0.37388453626266080778371329232425472121    0.93440059917857017946928595957957074516   -0.98013416863103570871630392917566693815  0.0059895615025349627906318428635467456269
  0.93440059917857017946928595957957074516   -0.37388453626266080778371329232425472121   -0.98013416863103570871630392917566693815  0.0059895615025349627906318428635467456269
 -0.37388453626266080778371329232425472121   -0.93440059917857017946928595957957074516   -0.98013416863103570871630392917566693815  0.0059895615025349627906318428635467456269
 -0.93440059917857017946928595957957074516   -0.37388453626266080778371329232425472121   -0.98013416863103570871630392917566693815  0.0059895615025349627906318428635467456269
  0.37438734881453441759439589936052532672    0.72069216541492545925916724210879268856   -0.83088828433970258274652420083583211393   0.032890217701268905590532105888104667977
  0.72069216541492545925916724210879268856    0.37438734881453441759439589936052532672   -0.83088828433970258274652420083583211393   0.032890217701268905590532105888104667977
  0.37438734881453441759439589936052532672   -0.72069216541492545925916724210879268856   -0.83088828433970258274652420083583211393   0.032890217701268905590532105888104667977
 -0.72069216541492545925916724210879268856    0.37438734881453441759439589936052532672   -0.83088828433970258274652420083583211393   0.032890217701268905590532105888104667977
 -0.37438734881453441759439589936052532672    0.72069216541492545925916724210879268856   -0.83088828433970258274652420083583211393   0.032890217701268905590532105888104667977
  0.72069216541492545925916724210879268856   -0.37438734881453441759439589936052532672   -0.83088828433970258274652420083583211393   0.032890217701268905590532105888104667977
 -0.37438734881453441759439589936052532672   -0.72069216541492545925916724210879268856   -0.83088828433970258274652420083583211393   0.032890217701268905590532105888104667977
 -0.72069216541492545925916724210879268856   -0.37438734881453441759439589936052532672   -0.83088828433970258274652420083583211393   0.032890217701268905590532105888104667977
  0.70738962480936284025061558855449952728    0.89403429461385591673480357809877090172   -0.88086115985243629299820191625881228161   0.010398353680033124355597045764650413023
  0.89403429461385591673480357809877090172    0.70738962480936284025061558855449952728   -0.88086115985243629299820191625881228161   0.010398353680033124355597045764650413023
  0.70738962480936284025061558855449952728   -0.89403429461385591673480357809877090172   -0.88086115985243629299820191625881228161   0.010398353680033124355597045764650413023
 -0.89403429461385591673480357809877090172    0.70738962480936284025061558855449952728   -0.88086115985243629299820191625881228161   0.010398353680033124355597045764650413023
 -0.70738962480936284025061558855449952728    0.89403429461385591673480357809877090172   -0.88086115985243629299820191625881228161   0.010398353680033124355597045764650413023
  0.89403429461385591673480357809877090172   -0.70738962480936284025061558855449952728   -0.88086115985243629299820191625881228161   0.010398353680033124355597045764650413023
 -0.70738962480936284025061558855449952728   -0.89403429461385591673480357809877090172   -0.88086115985243629299820191625881228161   0.010398353680033124355597045764650413023
 -0.89403429461385591673480357809877090172   -0.70738962480936284025061558855449952728   -0.88086115985243629299820191625881228161   0.010398353680033124355597045764650413023

