                                          0                                            0    -0.96000690908030356810457965043943289245    0.016690898281580052531211891082137771691
                                          0                                            0    -0.80648573333079916180975168539667611169    0.036593501850072882838619234397606258053
                                          0                                            0    -0.52062245837106785441253816360272664498    0.046490769523602131941842042025134830449
                                          0                                            0    -0.18080914670067551394778296495906861919    0.035753551216597216986106403788778501771
                                          0                                            0     0.20983892570766514642368845309879029118    0.022074548387300184444372834351658776905
                                          0                                            0     0.90307545397238490076722793983424398805   0.0011486700717022997440090806350441096519
   0.19016194300475914009880766092828167995                                            0     0.56027207765232541775338095685657358359   0.0047504141877838612883128514075036047226
                                          0     0.19016194300475914009880766092828167995     0.56027207765232541775338095685657358359   0.0047504141877838612883128514075036047226
  -0.19016194300475914009880766092828167995                                            0     0.56027207765232541775338095685657358359   0.0047504141877838612883128514075036047226
                                          0    -0.19016194300475914009880766092828167995     0.56027207765232541775338095685657358359   0.0047504141877838612883128514075036047226
    0.2981779206551457963111920540825704142                                            0     0.12584531682090082598342936989730799746    0.016805977170918690368785729784116300707
                                          0      0.2981779206551457963111920540825704142     0.12584531682090082598342936989730799746    0.016805977170918690368785729784116300707
   -0.2981779206551457963111920540825704142                                            0     0.12584531682090082598342936989730799746    0.016805977170918690368785729784116300707
                                          0     -0.2981779206551457963111920540825704142     0.12584531682090082598342936989730799746    0.016805977170918690368785729784116300707
   0.37549651136655760700270413732558523813                                            0    -0.29567639031041683783123730250064603897    0.028370298116044660822404168738609000901
                                          0     0.37549651136655760700270413732558523813    -0.29567639031041683783123730250064603897    0.028370298116044660822404168738609000901
  -0.37549651136655760700270413732558523813                                            0    -0.29567639031041683783123730250064603897    0.028370298116044660822404168738609000901
                                          0    -0.37549651136655760700270413732558523813    -0.29567639031041683783123730250064603897    0.028370298116044660822404168738609000901
   0.49420504506837580736047841875713065254                                            0    -0.65099368948114604906026670899233553508     0.03169662916864566930116308688901610845
                                          0     0.49420504506837580736047841875713065254    -0.65099368948114604906026670899233553508     0.03169662916864566930116308688901610845
  -0.49420504506837580736047841875713065254                                            0    -0.65099368948114604906026670899233553508     0.03169662916864566930116308688901610845
                                          0    -0.49420504506837580736047841875713065254    -0.65099368948114604906026670899233553508     0.03169662916864566930116308688901610845
   0.51073322648770520692563187737653563934                                            0   -0.021717177730950447717844100825299184657    0.003525146849530779076691629353441403568
                                          0     0.51073322648770520692563187737653563934   -0.021717177730950447717844100825299184657    0.003525146849530779076691629353441403568
  -0.51073322648770520692563187737653563934                                            0   -0.021717177730950447717844100825299184657    0.003525146849530779076691629353441403568
                                          0    -0.51073322648770520692563187737653563934   -0.021717177730950447717844100825299184657    0.003525146849530779076691629353441403568
   0.54766678793221553601276364831732831461                                            0    -0.88213284022488558728216392299616544784    0.023543330710259493290452613470011999258
                                          0     0.54766678793221553601276364831732831461    -0.88213284022488558728216392299616544784    0.023543330710259493290452613470011999258
  -0.54766678793221553601276364831732831461                                            0    -0.88213284022488558728216392299616544784    0.023543330710259493290452613470011999258
                                          0    -0.54766678793221553601276364831732831461    -0.88213284022488558728216392299616544784    0.023543330710259493290452613470011999258
   0.55082888570221739133691862073327540175                                            0    -0.98932269443005804267852109651696153205   0.0061664642065397439329768736546449399695
                                          0     0.55082888570221739133691862073327540175    -0.98932269443005804267852109651696153205   0.0061664642065397439329768736546449399695
  -0.55082888570221739133691862073327540175                                            0    -0.98932269443005804267852109651696153205   0.0061664642065397439329768736546449399695
                                          0    -0.55082888570221739133691862073327540175    -0.98932269443005804267852109651696153205   0.0061664642065397439329768736546449399695
   0.82746616980712870706419588356957331868                                            0    -0.70481867527603233426940689413007372723   0.0092483879077640795557811797177613149575
                                          0     0.82746616980712870706419588356957331868    -0.70481867527603233426940689413007372723   0.0092483879077640795557811797177613149575
  -0.82746616980712870706419588356957331868                                            0    -0.70481867527603233426940689413007372723   0.0092483879077640795557811797177613149575
                                          0    -0.82746616980712870706419588356957331868    -0.70481867527603233426940689413007372723   0.0092483879077640795557811797177613149575
   0.89854798832362890563018325177581989097                                            0    -0.91369481344341572092385642920355205135   0.0080266614419957711039743140300433046296
                                          0     0.89854798832362890563018325177581989097    -0.91369481344341572092385642920355205135   0.0080266614419957711039743140300433046296
  -0.89854798832362890563018325177581989097                                            0    -0.91369481344341572092385642920355205135   0.0080266614419957711039743140300433046296
                                          0    -0.89854798832362890563018325177581989097    -0.91369481344341572092385642920355205135   0.0080266614419957711039743140300433046296
   0.92195078869470943505437064373917515128                                            0    -0.99572809900568401295539923612774916716   0.0019705830757828079564524553445941548117
                                          0     0.92195078869470943505437064373917515128    -0.99572809900568401295539923612774916716   0.0019705830757828079564524553445941548117
  -0.92195078869470943505437064373917515128                                            0    -0.99572809900568401295539923612774916716   0.0019705830757828079564524553445941548117
                                          0    -0.92195078869470943505437064373917515128    -0.99572809900568401295539923612774916716   0.0019705830757828079564524553445941548117
  0.032446416208551024515334684893075264549    0.032446416208551024515334684893075264549      0.6381366315114942688832430160329990584   0.0023436037126561730144606523516811414938
  0.032446416208551024515334684893075264549   -0.032446416208551024515334684893075264549      0.6381366315114942688832430160329990584   0.0023436037126561730144606523516811414938
 -0.032446416208551024515334684893075264549    0.032446416208551024515334684893075264549      0.6381366315114942688832430160329990584   0.0023436037126561730144606523516811414938
 -0.032446416208551024515334684893075264549   -0.032446416208551024515334684893075264549      0.6381366315114942688832430160329990584   0.0023436037126561730144606523516811414938
  0.081093247604016389839864574413727066465    0.081093247604016389839864574413727066465     0.76009496417957209507200244025361159086   0.0022173895494599354296037350885109982859
  0.081093247604016389839864574413727066465   -0.081093247604016389839864574413727066465     0.76009496417957209507200244025361159086   0.0022173895494599354296037350885109982859
 -0.081093247604016389839864574413727066465    0.081093247604016389839864574413727066465     0.76009496417957209507200244025361159086   0.0022173895494599354296037350885109982859
 -0.081093247604016389839864574413727066465   -0.081093247604016389839864574413727066465     0.76009496417957209507200244025361159086   0.0022173895494599354296037350885109982859
   0.12846697354999735411399390659621360989     0.12846697354999735411399390659621360989     0.39072916174463160007170277893081813366    0.012537051697085738903682726529453470315
   0.12846697354999735411399390659621360989    -0.12846697354999735411399390659621360989     0.39072916174463160007170277893081813366    0.012537051697085738903682726529453470315
  -0.12846697354999735411399390659621360989     0.12846697354999735411399390659621360989     0.39072916174463160007170277893081813366    0.012537051697085738903682726529453470315
  -0.12846697354999735411399390659621360989    -0.12846697354999735411399390659621360989     0.39072916174463160007170277893081813366    0.012537051697085738903682726529453470315
   0.19616579398740140547303479895109039137     0.19616579398740140547303479895109039137   -0.038020637875434195029475866419327315449    0.025381374322231922168909108961263667424
   0.19616579398740140547303479895109039137    -0.19616579398740140547303479895109039137   -0.038020637875434195029475866419327315449    0.025381374322231922168909108961263667424
  -0.19616579398740140547303479895109039137     0.19616579398740140547303479895109039137   -0.038020637875434195029475866419327315449    0.025381374322231922168909108961263667424
  -0.19616579398740140547303479895109039137    -0.19616579398740140547303479895109039137   -0.038020637875434195029475866419327315449    0.025381374322231922168909108961263667424
     0.208453160036517600411681791758485071       0.208453160036517600411681791758485071     0.49590550140891524627301160108245113231   0.0036211273021731575740744972837562680176
     0.208453160036517600411681791758485071      -0.208453160036517600411681791758485071     0.49590550140891524627301160108245113231   0.0036211273021731575740744972837562680176
    -0.208453160036517600411681791758485071       0.208453160036517600411681791758485071     0.49590550140891524627301160108245113231   0.0036211273021731575740744972837562680176
    -0.208453160036517600411681791758485071      -0.208453160036517600411681791758485071     0.49590550140891524627301160108245113231   0.0036211273021731575740744972837562680176
   0.26019414911015356361759993417943898682     0.26019414911015356361759993417943898682    -0.42245753541587001016719924791783284488    0.032792617308405878059440480688849206087
   0.26019414911015356361759993417943898682    -0.26019414911015356361759993417943898682    -0.42245753541587001016719924791783284488    0.032792617308405878059440480688849206087
  -0.26019414911015356361759993417943898682     0.26019414911015356361759993417943898682    -0.42245753541587001016719924791783284488    0.032792617308405878059440480688849206087
  -0.26019414911015356361759993417943898682    -0.26019414911015356361759993417943898682    -0.42245753541587001016719924791783284488    0.032792617308405878059440480688849206087
   0.26823189562431645244888339035101219061     0.26823189562431645244888339035101219061    -0.69630596748259745952074310914018349722    0.031793246949005452153141242669471773775
   0.26823189562431645244888339035101219061    -0.26823189562431645244888339035101219061    -0.69630596748259745952074310914018349722    0.031793246949005452153141242669471773775
  -0.26823189562431645244888339035101219061     0.26823189562431645244888339035101219061    -0.69630596748259745952074310914018349722    0.031793246949005452153141242669471773775
  -0.26823189562431645244888339035101219061    -0.26823189562431645244888339035101219061    -0.69630596748259745952074310914018349722    0.031793246949005452153141242669471773775
    0.2837054048335288323528174732146655915      0.2837054048335288323528174732146655915    -0.97508647464587382118807570097598895995   0.0095933058660921440582489025882671647316
    0.2837054048335288323528174732146655915     -0.2837054048335288323528174732146655915    -0.97508647464587382118807570097598895995   0.0095933058660921440582489025882671647316
   -0.2837054048335288323528174732146655915      0.2837054048335288323528174732146655915    -0.97508647464587382118807570097598895995   0.0095933058660921440582489025882671647316
   -0.2837054048335288323528174732146655915     -0.2837054048335288323528174732146655915    -0.97508647464587382118807570097598895995   0.0095933058660921440582489025882671647316
   0.29665741908588956972458076789070066648     0.29665741908588956972458076789070066648    -0.87992912999539502458386925275880720373    0.020970130219244431857666793550886186615
   0.29665741908588956972458076789070066648    -0.29665741908588956972458076789070066648    -0.87992912999539502458386925275880720373    0.020970130219244431857666793550886186615
  -0.29665741908588956972458076789070066648     0.29665741908588956972458076789070066648    -0.87992912999539502458386925275880720373    0.020970130219244431857666793550886186615
  -0.29665741908588956972458076789070066648    -0.29665741908588956972458076789070066648    -0.87992912999539502458386925275880720373    0.020970130219244431857666793550886186615
   0.31428295242213090405748026553765365127     0.31428295242213090405748026553765365127      0.1009057510328825331000307061302959477    0.010816884281104610701902517569320725239
   0.31428295242213090405748026553765365127    -0.31428295242213090405748026553765365127      0.1009057510328825331000307061302959477    0.010816884281104610701902517569320725239
  -0.31428295242213090405748026553765365127     0.31428295242213090405748026553765365127      0.1009057510328825331000307061302959477    0.010816884281104610701902517569320725239
  -0.31428295242213090405748026553765365127    -0.31428295242213090405748026553765365127      0.1009057510328825331000307061302959477    0.010816884281104610701902517569320725239
   0.37401351551561421599991168270255839836     0.37401351551561421599991168270255839836     0.19757009883385410910314553899351767058    0.002226388345923457559764624705919308986
   0.37401351551561421599991168270255839836    -0.37401351551561421599991168270255839836     0.19757009883385410910314553899351767058    0.002226388345923457559764624705919308986
  -0.37401351551561421599991168270255839836     0.37401351551561421599991168270255839836     0.19757009883385410910314553899351767058    0.002226388345923457559764624705919308986
  -0.37401351551561421599991168270255839836    -0.37401351551561421599991168270255839836     0.19757009883385410910314553899351767058    0.002226388345923457559764624705919308986
   0.43696867338333574013462766522819252359     0.43696867338333574013462766522819252359    -0.29044310414984368573978517574615930489    0.020207747272930303226594038742945357774
   0.43696867338333574013462766522819252359    -0.43696867338333574013462766522819252359    -0.29044310414984368573978517574615930489    0.020207747272930303226594038742945357774
  -0.43696867338333574013462766522819252359     0.43696867338333574013462766522819252359    -0.29044310414984368573978517574615930489    0.020207747272930303226594038742945357774
  -0.43696867338333574013462766522819252359    -0.43696867338333574013462766522819252359    -0.29044310414984368573978517574615930489    0.020207747272930303226594038742945357774
   0.50581794956409764643103053563488950624     0.50581794956409764643103053563488950624    -0.61256670472983359471922360856136052724    0.024368630720047246987863779649591290667
   0.50581794956409764643103053563488950624    -0.50581794956409764643103053563488950624    -0.61256670472983359471922360856136052724    0.024368630720047246987863779649591290667
  -0.50581794956409764643103053563488950624     0.50581794956409764643103053563488950624    -0.61256670472983359471922360856136052724    0.024368630720047246987863779649591290667
  -0.50581794956409764643103053563488950624    -0.50581794956409764643103053563488950624    -0.61256670472983359471922360856136052724    0.024368630720047246987863779649591290667
    0.5413493242053960926894352704340276588      0.5413493242053960926894352704340276588    -0.83488343979754062678278699777641776833    0.020444464168438942088319800692688536323
    0.5413493242053960926894352704340276588     -0.5413493242053960926894352704340276588    -0.83488343979754062678278699777641776833    0.020444464168438942088319800692688536323
   -0.5413493242053960926894352704340276588      0.5413493242053960926894352704340276588    -0.83488343979754062678278699777641776833    0.020444464168438942088319800692688536323
   -0.5413493242053960926894352704340276588     -0.5413493242053960926894352704340276588    -0.83488343979754062678278699777641776833    0.020444464168438942088319800692688536323
   0.55785301266927959055213142655424189406     0.55785301266927959055213142655424189406    -0.97154335340420473834654386200341988854   0.0090358012046328230958565530819453268878
   0.55785301266927959055213142655424189406    -0.55785301266927959055213142655424189406    -0.97154335340420473834654386200341988854   0.0090358012046328230958565530819453268878
  -0.55785301266927959055213142655424189406     0.55785301266927959055213142655424189406    -0.97154335340420473834654386200341988854   0.0090358012046328230958565530819453268878
  -0.55785301266927959055213142655424189406    -0.55785301266927959055213142655424189406    -0.97154335340420473834654386200341988854   0.0090358012046328230958565530819453268878
   0.56969179620938738110699642132507005244     0.56969179620938738110699642132507005244    -0.23338484787163441159970333268148174111   0.0048709056930576110971572317195025265287
   0.56969179620938738110699642132507005244    -0.56969179620938738110699642132507005244    -0.23338484787163441159970333268148174111   0.0048709056930576110971572317195025265287
  -0.56969179620938738110699642132507005244     0.56969179620938738110699642132507005244    -0.23338484787163441159970333268148174111   0.0048709056930576110971572317195025265287
  -0.56969179620938738110699642132507005244    -0.56969179620938738110699642132507005244    -0.23338484787163441159970333268148174111   0.0048709056930576110971572317195025265287
   0.64982981665503518750826110673906231814     0.64982981665503518750826110673906231814    -0.53007048356318393232870948269300995927   0.0094575660793023060748090557379750757884
   0.64982981665503518750826110673906231814    -0.64982981665503518750826110673906231814    -0.53007048356318393232870948269300995927   0.0094575660793023060748090557379750757884
  -0.64982981665503518750826110673906231814     0.64982981665503518750826110673906231814    -0.53007048356318393232870948269300995927   0.0094575660793023060748090557379750757884
  -0.64982981665503518750826110673906231814    -0.64982981665503518750826110673906231814    -0.53007048356318393232870948269300995927   0.0094575660793023060748090557379750757884
   0.73079051399658528767642875217688015795     0.73079051399658528767642875217688015795    -0.76456908975633997412828314275263810545   0.0097833760248482383732098422528454161885
   0.73079051399658528767642875217688015795    -0.73079051399658528767642875217688015795    -0.76456908975633997412828314275263810545   0.0097833760248482383732098422528454161885
  -0.73079051399658528767642875217688015795     0.73079051399658528767642875217688015795    -0.76456908975633997412828314275263810545   0.0097833760248482383732098422528454161885
  -0.73079051399658528767642875217688015795    -0.73079051399658528767642875217688015795    -0.76456908975633997412828314275263810545   0.0097833760248482383732098422528454161885
   0.75791209185049723919959837041627714859     0.75791209185049723919959837041627714859    -0.92371510971578529319450083874558840683   0.0046441206706958243581839436719719487946
   0.75791209185049723919959837041627714859    -0.75791209185049723919959837041627714859    -0.92371510971578529319450083874558840683   0.0046441206706958243581839436719719487946
  -0.75791209185049723919959837041627714859     0.75791209185049723919959837041627714859    -0.92371510971578529319450083874558840683   0.0046441206706958243581839436719719487946
  -0.75791209185049723919959837041627714859    -0.75791209185049723919959837041627714859    -0.92371510971578529319450083874558840683   0.0046441206706958243581839436719719487946
   0.86817976315494382309613137173789069567     0.86817976315494382309613137173789069567    -0.81885742698010823897349731461258499088   0.0024074538165547063830861330812852632584
   0.86817976315494382309613137173789069567    -0.86817976315494382309613137173789069567    -0.81885742698010823897349731461258499088   0.0024074538165547063830861330812852632584
  -0.86817976315494382309613137173789069567     0.86817976315494382309613137173789069567    -0.81885742698010823897349731461258499088   0.0024074538165547063830861330812852632584
  -0.86817976315494382309613137173789069567    -0.86817976315494382309613137173789069567    -0.81885742698010823897349731461258499088   0.0024074538165547063830861330812852632584
   0.95904459068022256920932208026281455007     0.95904459068022256920932208026281455007    -0.99909968359869140589210629032038902738  0.00024980959570736296979536210978020263515
   0.95904459068022256920932208026281455007    -0.95904459068022256920932208026281455007    -0.99909968359869140589210629032038902738  0.00024980959570736296979536210978020263515
  -0.95904459068022256920932208026281455007     0.95904459068022256920932208026281455007    -0.99909968359869140589210629032038902738  0.00024980959570736296979536210978020263515
  -0.95904459068022256920932208026281455007    -0.95904459068022256920932208026281455007    -0.99909968359869140589210629032038902738  0.00024980959570736296979536210978020263515
  0.089731879855056493988225199793290044447     0.68126801374273788650576510257247495351    -0.39575691493889822217978508116719330895   0.0042417998377517160671114243328184262457
   0.68126801374273788650576510257247495351    0.089731879855056493988225199793290044447    -0.39575691493889822217978508116719330895   0.0042417998377517160671114243328184262457
  0.089731879855056493988225199793290044447    -0.68126801374273788650576510257247495351    -0.39575691493889822217978508116719330895   0.0042417998377517160671114243328184262457
  -0.68126801374273788650576510257247495351    0.089731879855056493988225199793290044447    -0.39575691493889822217978508116719330895   0.0042417998377517160671114243328184262457
 -0.089731879855056493988225199793290044447     0.68126801374273788650576510257247495351    -0.39575691493889822217978508116719330895   0.0042417998377517160671114243328184262457
   0.68126801374273788650576510257247495351   -0.089731879855056493988225199793290044447    -0.39575691493889822217978508116719330895   0.0042417998377517160671114243328184262457
 -0.089731879855056493988225199793290044447    -0.68126801374273788650576510257247495351    -0.39575691493889822217978508116719330895   0.0042417998377517160671114243328184262457
  -0.68126801374273788650576510257247495351   -0.089731879855056493988225199793290044447    -0.39575691493889822217978508116719330895   0.0042417998377517160671114243328184262457
   0.14239353003694052447857808172374086665     0.33679156430548093377035276956250363628     0.26528493421308242086767276821922942669   0.0062668237066658092275189323281411800809
   0.33679156430548093377035276956250363628     0.14239353003694052447857808172374086665     0.26528493421308242086767276821922942669   0.0062668237066658092275189323281411800809
   0.14239353003694052447857808172374086665    -0.33679156430548093377035276956250363628     0.26528493421308242086767276821922942669   0.0062668237066658092275189323281411800809
  -0.33679156430548093377035276956250363628     0.14239353003694052447857808172374086665     0.26528493421308242086767276821922942669   0.0062668237066658092275189323281411800809
  -0.14239353003694052447857808172374086665     0.33679156430548093377035276956250363628     0.26528493421308242086767276821922942669   0.0062668237066658092275189323281411800809
   0.33679156430548093377035276956250363628    -0.14239353003694052447857808172374086665     0.26528493421308242086767276821922942669   0.0062668237066658092275189323281411800809
  -0.14239353003694052447857808172374086665    -0.33679156430548093377035276956250363628     0.26528493421308242086767276821922942669   0.0062668237066658092275189323281411800809
  -0.33679156430548093377035276956250363628    -0.14239353003694052447857808172374086665     0.26528493421308242086767276821922942669   0.0062668237066658092275189323281411800809
   0.18242067746716407509639773231353225125     0.49177999616711718064704389812184382476    -0.15804159891504978216221531485715073283    0.015823648027791052950796211629630811461
   0.49177999616711718064704389812184382476     0.18242067746716407509639773231353225125    -0.15804159891504978216221531485715073283    0.015823648027791052950796211629630811461
   0.18242067746716407509639773231353225125    -0.49177999616711718064704389812184382476    -0.15804159891504978216221531485715073283    0.015823648027791052950796211629630811461
  -0.49177999616711718064704389812184382476     0.18242067746716407509639773231353225125    -0.15804159891504978216221531485715073283    0.015823648027791052950796211629630811461
  -0.18242067746716407509639773231353225125     0.49177999616711718064704389812184382476    -0.15804159891504978216221531485715073283    0.015823648027791052950796211629630811461
   0.49177999616711718064704389812184382476    -0.18242067746716407509639773231353225125    -0.15804159891504978216221531485715073283    0.015823648027791052950796211629630811461
  -0.18242067746716407509639773231353225125    -0.49177999616711718064704389812184382476    -0.15804159891504978216221531485715073283    0.015823648027791052950796211629630811461
  -0.49177999616711718064704389812184382476    -0.18242067746716407509639773231353225125    -0.15804159891504978216221531485715073283    0.015823648027791052950796211629630811461
   0.20741993845631068321173426847461872543     0.61731435476119648661551604859848447506    -0.50525162479331909694196221848413456799    0.020328695010652292488695228571041755784
   0.61731435476119648661551604859848447506     0.20741993845631068321173426847461872543    -0.50525162479331909694196221848413456799    0.020328695010652292488695228571041755784
   0.20741993845631068321173426847461872543    -0.61731435476119648661551604859848447506    -0.50525162479331909694196221848413456799    0.020328695010652292488695228571041755784
  -0.61731435476119648661551604859848447506     0.20741993845631068321173426847461872543    -0.50525162479331909694196221848413456799    0.020328695010652292488695228571041755784
  -0.20741993845631068321173426847461872543     0.61731435476119648661551604859848447506    -0.50525162479331909694196221848413456799    0.020328695010652292488695228571041755784
   0.61731435476119648661551604859848447506    -0.20741993845631068321173426847461872543    -0.50525162479331909694196221848413456799    0.020328695010652292488695228571041755784
  -0.20741993845631068321173426847461872543    -0.61731435476119648661551604859848447506    -0.50525162479331909694196221848413456799    0.020328695010652292488695228571041755784
  -0.61731435476119648661551604859848447506    -0.20741993845631068321173426847461872543    -0.50525162479331909694196221848413456799    0.020328695010652292488695228571041755784
   0.26099552818045257456622745393520317264     0.72970572253436992249999336088214936069    -0.79529033294902124713329212244644376922    0.019472407726672650735411407376115479512
   0.72970572253436992249999336088214936069     0.26099552818045257456622745393520317264    -0.79529033294902124713329212244644376922    0.019472407726672650735411407376115479512
   0.26099552818045257456622745393520317264    -0.72970572253436992249999336088214936069    -0.79529033294902124713329212244644376922    0.019472407726672650735411407376115479512
  -0.72970572253436992249999336088214936069     0.26099552818045257456622745393520317264    -0.79529033294902124713329212244644376922    0.019472407726672650735411407376115479512
  -0.26099552818045257456622745393520317264     0.72970572253436992249999336088214936069    -0.79529033294902124713329212244644376922    0.019472407726672650735411407376115479512
   0.72970572253436992249999336088214936069    -0.26099552818045257456622745393520317264    -0.79529033294902124713329212244644376922    0.019472407726672650735411407376115479512
  -0.26099552818045257456622745393520317264    -0.72970572253436992249999336088214936069    -0.79529033294902124713329212244644376922    0.019472407726672650735411407376115479512
  -0.72970572253436992249999336088214936069    -0.26099552818045257456622745393520317264    -0.79529033294902124713329212244644376922    0.019472407726672650735411407376115479512
   0.29712257242182289408131774022071768393     0.76608600028756928377952662179331700089    -0.96133185508581522789270189588879620457    0.010367761377052050434255795450292904313
   0.76608600028756928377952662179331700089     0.29712257242182289408131774022071768393    -0.96133185508581522789270189588879620457    0.010367761377052050434255795450292904313
   0.29712257242182289408131774022071768393    -0.76608600028756928377952662179331700089    -0.96133185508581522789270189588879620457    0.010367761377052050434255795450292904313
  -0.76608600028756928377952662179331700089     0.29712257242182289408131774022071768393    -0.96133185508581522789270189588879620457    0.010367761377052050434255795450292904313
  -0.29712257242182289408131774022071768393     0.76608600028756928377952662179331700089    -0.96133185508581522789270189588879620457    0.010367761377052050434255795450292904313
   0.76608600028756928377952662179331700089    -0.29712257242182289408131774022071768393    -0.96133185508581522789270189588879620457    0.010367761377052050434255795450292904313
  -0.29712257242182289408131774022071768393    -0.76608600028756928377952662179331700089    -0.96133185508581522789270189588879620457    0.010367761377052050434255795450292904313
  -0.76608600028756928377952662179331700089    -0.29712257242182289408131774022071768393    -0.96133185508581522789270189588879620457    0.010367761377052050434255795450292904313
   0.35822810262510311390125182987669223717     0.50233621669316719247200035045312644519   -0.049135305430365897478236627078298963569   0.0047136746946150741320988681651881504573
   0.50233621669316719247200035045312644519     0.35822810262510311390125182987669223717   -0.049135305430365897478236627078298963569   0.0047136746946150741320988681651881504573
   0.35822810262510311390125182987669223717    -0.50233621669316719247200035045312644519   -0.049135305430365897478236627078298963569   0.0047136746946150741320988681651881504573
  -0.50233621669316719247200035045312644519     0.35822810262510311390125182987669223717   -0.049135305430365897478236627078298963569   0.0047136746946150741320988681651881504573
  -0.35822810262510311390125182987669223717     0.50233621669316719247200035045312644519   -0.049135305430365897478236627078298963569   0.0047136746946150741320988681651881504573
   0.50233621669316719247200035045312644519    -0.35822810262510311390125182987669223717   -0.049135305430365897478236627078298963569   0.0047136746946150741320988681651881504573
  -0.35822810262510311390125182987669223717    -0.50233621669316719247200035045312644519   -0.049135305430365897478236627078298963569   0.0047136746946150741320988681651881504573
  -0.50233621669316719247200035045312644519    -0.35822810262510311390125182987669223717   -0.049135305430365897478236627078298963569   0.0047136746946150741320988681651881504573
   0.37658116382895372251765713993811266452     0.93478477550636625094624846650712798078    -0.90121722826418891957087269654452329155   0.0034021691369051829913034899150557879073
   0.93478477550636625094624846650712798078     0.37658116382895372251765713993811266452    -0.90121722826418891957087269654452329155   0.0034021691369051829913034899150557879073
   0.37658116382895372251765713993811266452    -0.93478477550636625094624846650712798078    -0.90121722826418891957087269654452329155   0.0034021691369051829913034899150557879073
  -0.93478477550636625094624846650712798078     0.37658116382895372251765713993811266452    -0.90121722826418891957087269654452329155   0.0034021691369051829913034899150557879073
  -0.37658116382895372251765713993811266452     0.93478477550636625094624846650712798078    -0.90121722826418891957087269654452329155   0.0034021691369051829913034899150557879073
   0.93478477550636625094624846650712798078    -0.37658116382895372251765713993811266452    -0.90121722826418891957087269654452329155   0.0034021691369051829913034899150557879073
  -0.37658116382895372251765713993811266452    -0.93478477550636625094624846650712798078    -0.90121722826418891957087269654452329155   0.0034021691369051829913034899150557879073
  -0.93478477550636625094624846650712798078    -0.37658116382895372251765713993811266452    -0.90121722826418891957087269654452329155   0.0034021691369051829913034899150557879073
   0.40985186223399785496876129974361171467     0.98224412760115991001496468854180767467    -0.99693507428309153609676435636374247263  0.00087783162167336071039441246068587776295
   0.98224412760115991001496468854180767467     0.40985186223399785496876129974361171467    -0.99693507428309153609676435636374247263  0.00087783162167336071039441246068587776295
   0.40985186223399785496876129974361171467    -0.98224412760115991001496468854180767467    -0.99693507428309153609676435636374247263  0.00087783162167336071039441246068587776295
  -0.98224412760115991001496468854180767467     0.40985186223399785496876129974361171467    -0.99693507428309153609676435636374247263  0.00087783162167336071039441246068587776295
  -0.40985186223399785496876129974361171467     0.98224412760115991001496468854180767467    -0.99693507428309153609676435636374247263  0.00087783162167336071039441246068587776295
   0.98224412760115991001496468854180767467    -0.40985186223399785496876129974361171467    -0.99693507428309153609676435636374247263  0.00087783162167336071039441246068587776295
  -0.40985186223399785496876129974361171467    -0.98224412760115991001496468854180767467    -0.99693507428309153609676435636374247263  0.00087783162167336071039441246068587776295
  -0.98224412760115991001496468854180767467    -0.40985186223399785496876129974361171467    -0.99693507428309153609676435636374247263  0.00087783162167336071039441246068587776295
   0.41165198647722920244806455732095764726     0.78284657636524896251469584553008758427    -0.67331142937161791076784590959436325255   0.0087230386562725093139484974965336210576
   0.78284657636524896251469584553008758427     0.41165198647722920244806455732095764726    -0.67331142937161791076784590959436325255   0.0087230386562725093139484974965336210576
   0.41165198647722920244806455732095764726    -0.78284657636524896251469584553008758427    -0.67331142937161791076784590959436325255   0.0087230386562725093139484974965336210576
  -0.78284657636524896251469584553008758427     0.41165198647722920244806455732095764726    -0.67331142937161791076784590959436325255   0.0087230386562725093139484974965336210576
  -0.41165198647722920244806455732095764726     0.78284657636524896251469584553008758427    -0.67331142937161791076784590959436325255   0.0087230386562725093139484974965336210576
   0.78284657636524896251469584553008758427    -0.41165198647722920244806455732095764726    -0.67331142937161791076784590959436325255   0.0087230386562725093139484974965336210576
  -0.41165198647722920244806455732095764726    -0.78284657636524896251469584553008758427    -0.67331142937161791076784590959436325255   0.0087230386562725093139484974965336210576
  -0.78284657636524896251469584553008758427    -0.41165198647722920244806455732095764726    -0.67331142937161791076784590959436325255   0.0087230386562725093139484974965336210576
   0.42957836854368382832370194696522261152     0.67740354636895417121413980765831139784    -0.40915534840429016286088070450411322588   0.0071453530019050588852736557493374124921
   0.67740354636895417121413980765831139784     0.42957836854368382832370194696522261152    -0.40915534840429016286088070450411322588   0.0071453530019050588852736557493374124921
   0.42957836854368382832370194696522261152    -0.67740354636895417121413980765831139784    -0.40915534840429016286088070450411322588   0.0071453530019050588852736557493374124921
  -0.67740354636895417121413980765831139784     0.42957836854368382832370194696522261152    -0.40915534840429016286088070450411322588   0.0071453530019050588852736557493374124921
  -0.42957836854368382832370194696522261152     0.67740354636895417121413980765831139784    -0.40915534840429016286088070450411322588   0.0071453530019050588852736557493374124921
   0.67740354636895417121413980765831139784    -0.42957836854368382832370194696522261152    -0.40915534840429016286088070450411322588   0.0071453530019050588852736557493374124921
  -0.42957836854368382832370194696522261152    -0.67740354636895417121413980765831139784    -0.40915534840429016286088070450411322588   0.0071453530019050588852736557493374124921
  -0.67740354636895417121413980765831139784    -0.42957836854368382832370194696522261152    -0.40915534840429016286088070450411322588   0.0071453530019050588852736557493374124921
   0.59710035995700128772760241208934207383     0.86103577096206005565993310948470625492    -0.91289016214675745457516943027366734447   0.0065994185818760201290127679107708804586
   0.86103577096206005565993310948470625492     0.59710035995700128772760241208934207383    -0.91289016214675745457516943027366734447   0.0065994185818760201290127679107708804586
   0.59710035995700128772760241208934207383    -0.86103577096206005565993310948470625492    -0.91289016214675745457516943027366734447   0.0065994185818760201290127679107708804586
  -0.86103577096206005565993310948470625492     0.59710035995700128772760241208934207383    -0.91289016214675745457516943027366734447   0.0065994185818760201290127679107708804586
  -0.59710035995700128772760241208934207383     0.86103577096206005565993310948470625492    -0.91289016214675745457516943027366734447   0.0065994185818760201290127679107708804586
   0.86103577096206005565993310948470625492    -0.59710035995700128772760241208934207383    -0.91289016214675745457516943027366734447   0.0065994185818760201290127679107708804586
  -0.59710035995700128772760241208934207383    -0.86103577096206005565993310948470625492    -0.91289016214675745457516943027366734447   0.0065994185818760201290127679107708804586
  -0.86103577096206005565993310948470625492    -0.59710035995700128772760241208934207383    -0.91289016214675745457516943027366734447   0.0065994185818760201290127679107708804586
   0.61611514025146681038712773404399524121     0.86033859586494177514037369069972954458    -0.75925676245954298320993002689959290337   0.0035494877210915806321696483490322153461
   0.86033859586494177514037369069972954458     0.61611514025146681038712773404399524121    -0.75925676245954298320993002689959290337   0.0035494877210915806321696483490322153461
   0.61611514025146681038712773404399524121    -0.86033859586494177514037369069972954458    -0.75925676245954298320993002689959290337   0.0035494877210915806321696483490322153461
  -0.86033859586494177514037369069972954458     0.61611514025146681038712773404399524121    -0.75925676245954298320993002689959290337   0.0035494877210915806321696483490322153461
  -0.61611514025146681038712773404399524121     0.86033859586494177514037369069972954458    -0.75925676245954298320993002689959290337   0.0035494877210915806321696483490322153461
   0.86033859586494177514037369069972954458    -0.61611514025146681038712773404399524121    -0.75925676245954298320993002689959290337   0.0035494877210915806321696483490322153461
  -0.61611514025146681038712773404399524121    -0.86033859586494177514037369069972954458    -0.75925676245954298320993002689959290337   0.0035494877210915806321696483490322153461
  -0.86033859586494177514037369069972954458    -0.61611514025146681038712773404399524121    -0.75925676245954298320993002689959290337   0.0035494877210915806321696483490322153461
   0.68735461415326054568953095885068649625     0.88327891322441714096606686858390409921    -0.99747944471030181954498986179096198098   0.0017738605669272069640285003865712272013
   0.88327891322441714096606686858390409921     0.68735461415326054568953095885068649625    -0.99747944471030181954498986179096198098   0.0017738605669272069640285003865712272013
   0.68735461415326054568953095885068649625    -0.88327891322441714096606686858390409921    -0.99747944471030181954498986179096198098   0.0017738605669272069640285003865712272013
  -0.88327891322441714096606686858390409921     0.68735461415326054568953095885068649625    -0.99747944471030181954498986179096198098   0.0017738605669272069640285003865712272013
  -0.68735461415326054568953095885068649625     0.88327891322441714096606686858390409921    -0.99747944471030181954498986179096198098   0.0017738605669272069640285003865712272013
   0.88327891322441714096606686858390409921    -0.68735461415326054568953095885068649625    -0.99747944471030181954498986179096198098   0.0017738605669272069640285003865712272013
  -0.68735461415326054568953095885068649625    -0.88327891322441714096606686858390409921    -0.99747944471030181954498986179096198098   0.0017738605669272069640285003865712272013
  -0.88327891322441714096606686858390409921    -0.68735461415326054568953095885068649625    -0.99747944471030181954498986179096198098   0.0017738605669272069640285003865712272013
   0.71266756152126324901885772486553292858     0.78516796737886041888981028186136202474    -0.57033593475772083777962056450503994104   0.0013839059382138906571925147867757648958
   0.78516796737886041888981028186136202474     0.71266756152126324901885772486553292858    -0.57033593475772083777962056450503994104   0.0013839059382138906571925147867757648958
   0.71266756152126324901885772486553292858    -0.78516796737886041888981028186136202474    -0.57033593475772083777962056450503994104   0.0013839059382138906571925147867757648958
  -0.78516796737886041888981028186136202474     0.71266756152126324901885772486553292858    -0.57033593475772083777962056450503994104   0.0013839059382138906571925147867757648958
  -0.71266756152126324901885772486553292858     0.78516796737886041888981028186136202474    -0.57033593475772083777962056450503994104   0.0013839059382138906571925147867757648958
   0.78516796737886041888981028186136202474    -0.71266756152126324901885772486553292858    -0.57033593475772083777962056450503994104   0.0013839059382138906571925147867757648958
  -0.71266756152126324901885772486553292858    -0.78516796737886041888981028186136202474    -0.57033593475772083777962056450503994104   0.0013839059382138906571925147867757648958
  -0.78516796737886041888981028186136202474    -0.71266756152126324901885772486553292858    -0.57033593475772083777962056450503994104   0.0013839059382138906571925147867757648958
   0.83126961215725646234899625911059413798     0.95233621217315046567882120789859769693    -0.94749965244731843880146843288778026583   0.0018860214934791195369688300814703133983
   0.95233621217315046567882120789859769693     0.83126961215725646234899625911059413798    -0.94749965244731843880146843288778026583   0.0018860214934791195369688300814703133983
   0.83126961215725646234899625911059413798    -0.95233621217315046567882120789859769693    -0.94749965244731843880146843288778026583   0.0018860214934791195369688300814703133983
  -0.95233621217315046567882120789859769693     0.83126961215725646234899625911059413798    -0.94749965244731843880146843288778026583   0.0018860214934791195369688300814703133983
  -0.83126961215725646234899625911059413798     0.95233621217315046567882120789859769693    -0.94749965244731843880146843288778026583   0.0018860214934791195369688300814703133983
   0.95233621217315046567882120789859769693    -0.83126961215725646234899625911059413798    -0.94749965244731843880146843288778026583   0.0018860214934791195369688300814703133983
  -0.83126961215725646234899625911059413798    -0.95233621217315046567882120789859769693    -0.94749965244731843880146843288778026583   0.0018860214934791195369688300814703133983
  -0.95233621217315046567882120789859769693    -0.83126961215725646234899625911059413798    -0.94749965244731843880146843288778026583   0.0018860214934791195369688300814703133983

