-1.0 -1.0 -1.0 0.0000214334705075445816186556927297668038
-0.899757995411460157312345244418337958 -1.0 -1.0 0.000127697038241362287844397932121302705
-0.677186279510737753445885427091342451 -1.0 -1.0 0.000211835426311853190803013594582849326
-0.363117463826178158710752068708659213 -1.0 -1.0 0.000267305949824881439132045935292992506
0.0 -1.0 -1.0 0.000286666106771926877746983567089387195
0.363117463826178158710752068708659213 -1.0 -1.0 0.000267305949824881439132045935292992506
0.677186279510737753445885427091342451 -1.0 -1.0 0.000211835426311853190803013594582849326
0.899757995411460157312345244418337958 -1.0 -1.0 0.000127697038241362287844397932121302705
1.0 -1.0 -1.0 0.0000214334705075445816186556927297668038
-1.0 -0.899757995411460157312345244418337958 -1.0 0.000127697038241362287844397932121302705
-0.899757995411460157312345244418337958 -0.899757995411460157312345244418337958 -1.0 0.000760797630503937415310552897562396813
-0.677186279510737753445885427091342451 -0.899757995411460157312345244418337958 -1.0 0.00126208009687923071521850345263793163
-0.363117463826178158710752068708659213 -0.899757995411460157312345244418337958 -1.0 0.00159256421329043858727278322511652194
0.0 -0.899757995411460157312345244418337958 -1.0 0.00170790879554814671350417609785748859
0.363117463826178158710752068708659213 -0.899757995411460157312345244418337958 -1.0 0.00159256421329043858727278322511652194
0.677186279510737753445885427091342451 -0.899757995411460157312345244418337958 -1.0 0.00126208009687923071521850345263793163
0.899757995411460157312345244418337958 -0.899757995411460157312345244418337958 -1.0 0.000760797630503937415310552897562396813
1.0 -0.899757995411460157312345244418337958 -1.0 0.000127697038241362287844397932121302705
-1.0 -0.677186279510737753445885427091342451 -1.0 0.000211835426311853190803013594582849326
-0.899757995411460157312345244418337958 -0.677186279510737753445885427091342451 -1.0 0.00126208009687923071521850345263793163
-0.677186279510737753445885427091342451 -0.677186279510737753445885427091342451 -1.0 0.00209365290725684615115170887196930998
-0.363117463826178158710752068708659213 -0.677186279510737753445885427091342451 -1.0 0.00264188992710800820842237583940660586
0.0 -0.677186279510737753445885427091342451 -1.0 0.00283323397934155320662577529277175784
0.363117463826178158710752068708659213 -0.677186279510737753445885427091342451 -1.0 0.00264188992710800820842237583940660586
0.677186279510737753445885427091342451 -0.677186279510737753445885427091342451 -1.0 0.00209365290725684615115170887196930998
0.899757995411460157312345244418337958 -0.677186279510737753445885427091342451 -1.0 0.00126208009687923071521850345263793163
1.0 -0.677186279510737753445885427091342451 -1.0 0.000211835426311853190803013594582849326
-1.0 -0.363117463826178158710752068708659213 -1.0 0.000267305949824881439132045935292992506
-0.899757995411460157312345244418337958 -0.363117463826178158710752068708659213 -1.0 0.00159256421329043858727278322511652194
-0.677186279510737753445885427091342451 -0.363117463826178158710752068708659213 -1.0 0.00264188992710800820842237583940660586
-0.363117463826178158710752068708659213 -0.363117463826178158710752068708659213 -1.0 0.00333368647819450255403279944467430819
0.0 -0.363117463826178158710752068708659213 -1.0 0.00357513525055580203978729845211460345
0.363117463826178158710752068708659213 -0.363117463826178158710752068708659213 -1.0 0.00333368647819450255403279944467430819
0.677186279510737753445885427091342451 -0.363117463826178158710752068708659213 -1.0 0.00264188992710800820842237583940660586
0.899757995411460157312345244418337958 -0.363117463826178158710752068708659213 -1.0 0.00159256421329043858727278322511652194
1.0 -0.363117463826178158710752068708659213 -1.0 0.000267305949824881439132045935292992506
-1.0 0.0 -1.0 0.000286666106771926877746983567089387195
-0.899757995411460157312345244418337958 0.0 -1.0 0.00170790879554814671350417609785748859
-0.677186279510737753445885427091342451 0.0 -1.0 0.00283323397934155320662577529277175784
-0.363117463826178158710752068708659213 0.0 -1.0 0.00357513525055580203978729845211460345
0.0 0.0 -1.0 0.00383407142314387752245435001076940392
0.363117463826178158710752068708659213 0.0 -1.0 0.00357513525055580203978729845211460345
0.677186279510737753445885427091342451 0.0 -1.0 0.00283323397934155320662577529277175784
0.899757995411460157312345244418337958 0.0 -1.0 0.00170790879554814671350417609785748859
1.0 0.0 -1.0 0.000286666106771926877746983567089387195
-1.0 0.363117463826178158710752068708659213 -1.0 0.000267305949824881439132045935292992506
-0.899757995411460157312345244418337958 0.363117463826178158710752068708659213 -1.0 0.00159256421329043858727278322511652194
-0.677186279510737753445885427091342451 0.363117463826178158710752068708659213 -1.0 0.00264188992710800820842237583940660586
-0.363117463826178158710752068708659213 0.363117463826178158710752068708659213 -1.0 0.00333368647819450255403279944467430819
0.0 0.363117463826178158710752068708659213 -1.0 0.00357513525055580203978729845211460345
0.363117463826178158710752068708659213 0.363117463826178158710752068708659213 -1.0 0.00333368647819450255403279944467430819
0.677186279510737753445885427091342451 0.363117463826178158710752068708659213 -1.0 0.00264188992710800820842237583940660586
0.899757995411460157312345244418337958 0.363117463826178158710752068708659213 -1.0 0.00159256421329043858727278322511652194
1.0 0.363117463826178158710752068708659213 -1.0 0.000267305949824881439132045935292992506
-1.0 0.677186279510737753445885427091342451 -1.0 0.000211835426311853190803013594582849326
-0.899757995411460157312345244418337958 0.677186279510737753445885427091342451 -1.0 0.00126208009687923071521850345263793163
-0.677186279510737753445885427091342451 0.677186279510737753445885427091342451 -1.0 0.00209365290725684615115170887196930998
-0.363117463826178158710752068708659213 0.677186279510737753445885427091342451 -1.0 0.00264188992710800820842237583940660586
0.0 0.677186279510737753445885427091342451 -1.0 0.00283323397934155320662577529277175784
0.363117463826178158710752068708659213 0.677186279510737753445885427091342451 -1.0 0.00264188992710800820842237583940660586
0.677186279510737753445885427091342451 0.677186279510737753445885427091342451 -1.0 0.00209365290725684615115170887196930998
0.899757995411460157312345244418337958 0.677186279510737753445885427091342451 -1.0 0.00126208009687923071521850345263793163
1.0 0.677186279510737753445885427091342451 -1.0 0.000211835426311853190803013594582849326
-1.0 0.899757995411460157312345244418337958 -1.0 0.000127697038241362287844397932121302705
-0.899757995411460157312345244418337958 0.899757995411460157312345244418337958 -1.0 0.000760797630503937415310552897562396813
-0.677186279510737753445885427091342451 0.899757995411460157312345244418337958 -1.0 0.00126208009687923071521850345263793163
-0.363117463826178158710752068708659213 0.899757995411460157312345244418337958 -1.0 0.00159256421329043858727278322511652194
0.0 0.899757995411460157312345244418337958 -1.0 0.00170790879554814671350417609785748859
0.363117463826178158710752068708659213 0.899757995411460157312345244418337958 -1.0 0.00159256421329043858727278322511652194
0.677186279510737753445885427091342451 0.899757995411460157312345244418337958 -1.0 0.00126208009687923071521850345263793163
0.899757995411460157312345244418337958 0.899757995411460157312345244418337958 -1.0 0.000760797630503937415310552897562396813
1.0 0.899757995411460157312345244418337958 -1.0 0.000127697038241362287844397932121302705
-1.0 1.0 -1.0 0.0000214334705075445816186556927297668038
-0.899757995411460157312345244418337958 1.0 -1.0 0.000127697038241362287844397932121302705
-0.677186279510737753445885427091342451 1.0 -1.0 0.000211835426311853190803013594582849326
-0.363117463826178158710752068708659213 1.0 -1.0 0.000267305949824881439132045935292992506
0.0 1.0 -1.0 0.000286666106771926877746983567089387195
0.363117463826178158710752068708659213 1.0 -1.0 0.000267305949824881439132045935292992506
0.677186279510737753445885427091342451 1.0 -1.0 0.000211835426311853190803013594582849326
0.899757995411460157312345244418337958 1.0 -1.0 0.000127697038241362287844397932121302705
1.0 1.0 -1.0 0.0000214334705075445816186556927297668038
-1.0 -1.0 -0.899757995411460157312345244418337958 0.000127697038241362287844397932121302705
-0.899757995411460157312345244418337958 -1.0 -0.899757995411460157312345244418337958 0.000760797630503937415310552897562396813
-0.677186279510737753445885427091342451 -1.0 -0.899757995411460157312345244418337958 0.00126208009687923071521850345263793163
-0.363117463826178158710752068708659213 -1.0 -0.899757995411460157312345244418337958 0.00159256421329043858727278322511652194
0.0 -1.0 -0.899757995411460157312345244418337958 0.00170790879554814671350417609785748859
0.363117463826178158710752068708659213 -1.0 -0.899757995411460157312345244418337958 0.00159256421329043858727278322511652194
0.677186279510737753445885427091342451 -1.0 -0.899757995411460157312345244418337958 0.00126208009687923071521850345263793163
0.899757995411460157312345244418337958 -1.0 -0.899757995411460157312345244418337958 0.000760797630503937415310552897562396813
1.0 -1.0 -0.899757995411460157312345244418337958 0.000127697038241362287844397932121302705
-1.0 -0.899757995411460157312345244418337958 -0.899757995411460157312345244418337958 0.000760797630503937415310552897562396813
-0.899757995411460157312345244418337958 -0.899757995411460157312345244418337958 -0.899757995411460157312345244418337958 0.00453270524165471696749195193454600234
-0.677186279510737753445885427091342451 -0.899757995411460157312345244418337958 -0.899757995411460157312345244418337958 0.00751926247026209107193760134263627905
-0.363117463826178158710752068708659213 -0.899757995411460157312345244418337958 -0.899757995411460157312345244418337958 0.0094882316503428338995222068421292359
0.0 -0.899757995411460157312345244418337958 -0.899757995411460157312345244418337958 0.0101754354107563351938351825907447424
0.363117463826178158710752068708659213 -0.899757995411460157312345244418337958 -0.899757995411460157312345244418337958 0.0094882316503428338995222068421292359
0.677186279510737753445885427091342451 -0.899757995411460157312345244418337958 -0.899757995411460157312345244418337958 0.00751926247026209107193760134263627905
0.899757995411460157312345244418337958 -0.899757995411460157312345244418337958 -0.899757995411460157312345244418337958 0.00453270524165471696749195193454600234
1.0 -0.899757995411460157312345244418337958 -0.899757995411460157312345244418337958 0.000760797630503937415310552897562396813
-1.0 -0.677186279510737753445885427091342451 -0.899757995411460157312345244418337958 0.00126208009687923071521850345263793163
-0.899757995411460157312345244418337958 -0.677186279510737753445885427091342451 -0.899757995411460157312345244418337958 0.00751926247026209107193760134263627905
-0.677186279510737753445885427091342451 -0.677186279510737753445885427091342451 -0.899757995411460157312345244418337958 0.0124736344152949220913102179064581085
-0.363117463826178158710752068708659213 -0.677186279510737753445885427091342451 -0.899757995411460157312345244418337958 0.015739939032861238996689613606286333
0.0 -0.677186279510737753445885427091342451 -0.899757995411460157312345244418337958 0.0168799349447096457454203759738937729
0.363117463826178158710752068708659213 -0.677186279510737753445885427091342451 -0.899757995411460157312345244418337958 0.015739939032861238996689613606286333
0.677186279510737753445885427091342451 -0.677186279510737753445885427091342451 -0.899757995411460157312345244418337958 0.0124736344152949220913102179064581085
0.899757995411460157312345244418337958 -0.677186279510737753445885427091342451 -0.899757995411460157312345244418337958 0.00751926247026209107193760134263627905
1.0 -0.677186279510737753445885427091342451 -0.899757995411460157312345244418337958 0.00126208009687923071521850345263793163
-1.0 -0.363117463826178158710752068708659213 -0.899757995411460157312345244418337958 0.00159256421329043858727278322511652194
-0.899757995411460157312345244418337958 -0.363117463826178158710752068708659213 -0.899757995411460157312345244418337958 0.0094882316503428338995222068421292359
-0.677186279510737753445885427091342451 -0.363117463826178158710752068708659213 -0.899757995411460157312345244418337958 0.015739939032861238996689613606286333
-0.363117463826178158710752068708659213 -0.363117463826178158710752068708659213 -0.899757995411460157312345244418337958 0.0198615473654100344689979269774753131
0.0 -0.363117463826178158710752068708659213 -0.899757995411460157312345244418337958 0.0213000588331024863786753309063747718
0.363117463826178158710752068708659213 -0.363117463826178158710752068708659213 -0.899757995411460157312345244418337958 0.0198615473654100344689979269774753131
0.677186279510737753445885427091342451 -0.363117463826178158710752068708659213 -0.899757995411460157312345244418337958 0.015739939032861238996689613606286333
0.899757995411460157312345244418337958 -0.363117463826178158710752068708659213 -0.899757995411460157312345244418337958 0.0094882316503428338995222068421292359
1.0 -0.363117463826178158710752068708659213 -0.899757995411460157312345244418337958 0.00159256421329043858727278322511652194
-1.0 0.0 -0.899757995411460157312345244418337958 0.00170790879554814671350417609785748859
-0.899757995411460157312345244418337958 0.0 -0.899757995411460157312345244418337958 0.0101754354107563351938351825907447424
-0.677186279510737753445885427091342451 0.0 -0.899757995411460157312345244418337958 0.0168799349447096457454203759738937729
-0.363117463826178158710752068708659213 0.0 -0.899757995411460157312345244418337958 0.0213000588331024863786753309063747718
0.0 0.0 -0.899757995411460157312345244418337958 0.022842757311233335309430547907997627
0.363117463826178158710752068708659213 0.0 -0.899757995411460157312345244418337958 0.0213000588331024863786753309063747718
0.677186279510737753445885427091342451 0.0 -0.899757995411460157312345244418337958 0.0168799349447096457454203759738937729
0.899757995411460157312345244418337958 0.0 -0.899757995411460157312345244418337958 0.0101754354107563351938351825907447424
1.0 0.0 -0.899757995411460157312345244418337958 0.00170790879554814671350417609785748859
-1.0 0.363117463826178158710752068708659213 -0.899757995411460157312345244418337958 0.00159256421329043858727278322511652194
-0.899757995411460157312345244418337958 0.363117463826178158710752068708659213 -0.899757995411460157312345244418337958 0.0094882316503428338995222068421292359
-0.677186279510737753445885427091342451 0.363117463826178158710752068708659213 -0.899757995411460157312345244418337958 0.015739939032861238996689613606286333
-0.363117463826178158710752068708659213 0.363117463826178158710752068708659213 -0.899757995411460157312345244418337958 0.0198615473654100344689979269774753131
0.0 0.363117463826178158710752068708659213 -0.899757995411460157312345244418337958 0.0213000588331024863786753309063747718
0.363117463826178158710752068708659213 0.363117463826178158710752068708659213 -0.899757995411460157312345244418337958 0.0198615473654100344689979269774753131
0.677186279510737753445885427091342451 0.363117463826178158710752068708659213 -0.899757995411460157312345244418337958 0.015739939032861238996689613606286333
0.899757995411460157312345244418337958 0.363117463826178158710752068708659213 -0.899757995411460157312345244418337958 0.0094882316503428338995222068421292359
1.0 0.363117463826178158710752068708659213 -0.899757995411460157312345244418337958 0.00159256421329043858727278322511652194
-1.0 0.677186279510737753445885427091342451 -0.899757995411460157312345244418337958 0.00126208009687923071521850345263793163
-0.899757995411460157312345244418337958 0.677186279510737753445885427091342451 -0.899757995411460157312345244418337958 0.00751926247026209107193760134263627905
-0.677186279510737753445885427091342451 0.677186279510737753445885427091342451 -0.899757995411460157312345244418337958 0.0124736344152949220913102179064581085
-0.363117463826178158710752068708659213 0.677186279510737753445885427091342451 -0.899757995411460157312345244418337958 0.015739939032861238996689613606286333
0.0 0.677186279510737753445885427091342451 -0.899757995411460157312345244418337958 0.0168799349447096457454203759738937729
0.363117463826178158710752068708659213 0.677186279510737753445885427091342451 -0.899757995411460157312345244418337958 0.015739939032861238996689613606286333
0.677186279510737753445885427091342451 0.677186279510737753445885427091342451 -0.899757995411460157312345244418337958 0.0124736344152949220913102179064581085
0.899757995411460157312345244418337958 0.677186279510737753445885427091342451 -0.899757995411460157312345244418337958 0.00751926247026209107193760134263627905
1.0 0.677186279510737753445885427091342451 -0.899757995411460157312345244418337958 0.00126208009687923071521850345263793163
-1.0 0.899757995411460157312345244418337958 -0.899757995411460157312345244418337958 0.000760797630503937415310552897562396813
-0.899757995411460157312345244418337958 0.899757995411460157312345244418337958 -0.899757995411460157312345244418337958 0.00453270524165471696749195193454600234
-0.677186279510737753445885427091342451 0.899757995411460157312345244418337958 -0.899757995411460157312345244418337958 0.00751926247026209107193760134263627905
-0.363117463826178158710752068708659213 0.899757995411460157312345244418337958 -0.899757995411460157312345244418337958 0.0094882316503428338995222068421292359
0.0 0.899757995411460157312345244418337958 -0.899757995411460157312345244418337958 0.0101754354107563351938351825907447424
0.363117463826178158710752068708659213 0.899757995411460157312345244418337958 -0.899757995411460157312345244418337958 0.0094882316503428338995222068421292359
0.677186279510737753445885427091342451 0.899757995411460157312345244418337958 -0.899757995411460157312345244418337958 0.00751926247026209107193760134263627905
0.899757995411460157312345244418337958 0.899757995411460157312345244418337958 -0.899757995411460157312345244418337958 0.00453270524165471696749195193454600234
1.0 0.899757995411460157312345244418337958 -0.899757995411460157312345244418337958 0.000760797630503937415310552897562396813
-1.0 1.0 -0.899757995411460157312345244418337958 0.000127697038241362287844397932121302705
-0.899757995411460157312345244418337958 1.0 -0.899757995411460157312345244418337958 0.000760797630503937415310552897562396813
-0.677186279510737753445885427091342451 1.0 -0.899757995411460157312345244418337958 0.00126208009687923071521850345263793163
-0.363117463826178158710752068708659213 1.0 -0.899757995411460157312345244418337958 0.00159256421329043858727278322511652194
0.0 1.0 -0.899757995411460157312345244418337958 0.00170790879554814671350417609785748859
0.363117463826178158710752068708659213 1.0 -0.899757995411460157312345244418337958 0.00159256421329043858727278322511652194
0.677186279510737753445885427091342451 1.0 -0.899757995411460157312345244418337958 0.00126208009687923071521850345263793163
0.899757995411460157312345244418337958 1.0 -0.899757995411460157312345244418337958 0.000760797630503937415310552897562396813
1.0 1.0 -0.899757995411460157312345244418337958 0.000127697038241362287844397932121302705
-1.0 -1.0 -0.677186279510737753445885427091342451 0.000211835426311853190803013594582849326
-0.899757995411460157312345244418337958 -1.0 -0.677186279510737753445885427091342451 0.00126208009687923071521850345263793163
-0.677186279510737753445885427091342451 -1.0 -0.677186279510737753445885427091342451 0.00209365290725684615115170887196930998
-0.363117463826178158710752068708659213 -1.0 -0.677186279510737753445885427091342451 0.00264188992710800820842237583940660586
0.0 -1.0 -0.677186279510737753445885427091342451 0.00283323397934155320662577529277175784
0.363117463826178158710752068708659213 -1.0 -0.677186279510737753445885427091342451 0.00264188992710800820842237583940660586
0.677186279510737753445885427091342451 -1.0 -0.677186279510737753445885427091342451 0.00209365290725684615115170887196930998
0.899757995411460157312345244418337958 -1.0 -0.677186279510737753445885427091342451 0.00126208009687923071521850345263793163
1.0 -1.0 -0.677186279510737753445885427091342451 0.000211835426311853190803013594582849326
-1.0 -0.899757995411460157312345244418337958 -0.677186279510737753445885427091342451 0.00126208009687923071521850345263793163
-0.899757995411460157312345244418337958 -0.899757995411460157312345244418337958 -0.677186279510737753445885427091342451 0.00751926247026209107193760134263627905
-0.677186279510737753445885427091342451 -0.899757995411460157312345244418337958 -0.677186279510737753445885427091342451 0.0124736344152949220913102179064581085
-0.363117463826178158710752068708659213 -0.899757995411460157312345244418337958 -0.677186279510737753445885427091342451 0.015739939032861238996689613606286333
0.0 -0.899757995411460157312345244418337958 -0.677186279510737753445885427091342451 0.0168799349447096457454203759738937729
0.363117463826178158710752068708659213 -0.899757995411460157312345244418337958 -0.677186279510737753445885427091342451 0.015739939032861238996689613606286333
0.677186279510737753445885427091342451 -0.899757995411460157312345244418337958 -0.677186279510737753445885427091342451 0.0124736344152949220913102179064581085
0.899757995411460157312345244418337958 -0.899757995411460157312345244418337958 -0.677186279510737753445885427091342451 0.00751926247026209107193760134263627905
1.0 -0.899757995411460157312345244418337958 -0.677186279510737753445885427091342451 0.00126208009687923071521850345263793163
-1.0 -0.677186279510737753445885427091342451 -0.677186279510737753445885427091342451 0.00209365290725684615115170887196930998
-0.899757995411460157312345244418337958 -0.677186279510737753445885427091342451 -0.677186279510737753445885427091342451 0.0124736344152949220913102179064581085
-0.677186279510737753445885427091342451 -0.677186279510737753445885427091342451 -0.677186279510737753445885427091342451 0.0206923958488985424007833311875046388
-0.363117463826178158710752068708659213 -0.677186279510737753445885427091342451 -0.677186279510737753445885427091342451 0.0261108381295936335163919356460467043
0.0 -0.677186279510737753445885427091342451 -0.677186279510737753445885427091342451 0.0280019667204050345636486515578327957
0.363117463826178158710752068708659213 -0.677186279510737753445885427091342451 -0.677186279510737753445885427091342451 0.0261108381295936335163919356460467043
0.677186279510737753445885427091342451 -0.677186279510737753445885427091342451 -0.677186279510737753445885427091342451 0.0206923958488985424007833311875046388
0.899757995411460157312345244418337958 -0.677186279510737753445885427091342451 -0.677186279510737753445885427091342451 0.0124736344152949220913102179064581085
1.0 -0.677186279510737753445885427091342451 -0.677186279510737753445885427091342451 0.00209365290725684615115170887196930998
-1.0 -0.363117463826178158710752068708659213 -0.677186279510737753445885427091342451 0.00264188992710800820842237583940660586
-0.899757995411460157312345244418337958 -0.363117463826178158710752068708659213 -0.677186279510737753445885427091342451 0.015739939032861238996689613606286333
-0.677186279510737753445885427091342451 -0.363117463826178158710752068708659213 -0.677186279510737753445885427091342451 0.0261108381295936335163919356460467043
-0.363117463826178158710752068708659213 -0.363117463826178158710752068708659213 -0.677186279510737753445885427091342451 0.0329481357696978202972966231869643596
0.0 -0.363117463826178158710752068708659213 -0.677186279510737753445885427091342451 0.0353344690332551889688099638798676167
0.363117463826178158710752068708659213 -0.363117463826178158710752068708659213 -0.677186279510737753445885427091342451 0.0329481357696978202972966231869643596
0.677186279510737753445885427091342451 -0.363117463826178158710752068708659213 -0.677186279510737753445885427091342451 0.0261108381295936335163919356460467043
0.899757995411460157312345244418337958 -0.363117463826178158710752068708659213 -0.677186279510737753445885427091342451 0.015739939032861238996689613606286333
1.0 -0.363117463826178158710752068708659213 -0.677186279510737753445885427091342451 0.00264188992710800820842237583940660586
-1.0 0.0 -0.677186279510737753445885427091342451 0.00283323397934155320662577529277175784
-0.899757995411460157312345244418337958 0.0 -0.677186279510737753445885427091342451 0.0168799349447096457454203759738937729
-0.677186279510737753445885427091342451 0.0 -0.677186279510737753445885427091342451 0.0280019667204050345636486515578327957
-0.363117463826178158710752068708659213 0.0 -0.677186279510737753445885427091342451 0.0353344690332551889688099638798676167
0.0 0.0 -0.677186279510737753445885427091342451 0.0378936371571689859080462876708346779
0.363117463826178158710752068708659213 0.0 -0.677186279510737753445885427091342451 0.0353344690332551889688099638798676167
0.677186279510737753445885427091342451 0.0 -0.677186279510737753445885427091342451 0.0280019667204050345636486515578327957
0.899757995411460157312345244418337958 0.0 -0.677186279510737753445885427091342451 0.0168799349447096457454203759738937729
1.0 0.0 -0.677186279510737753445885427091342451 0.00283323397934155320662577529277175784
-1.0 0.363117463826178158710752068708659213 -0.677186279510737753445885427091342451 0.00264188992710800820842237583940660586
-0.899757995411460157312345244418337958 0.363117463826178158710752068708659213 -0.677186279510737753445885427091342451 0.015739939032861238996689613606286333
-0.677186279510737753445885427091342451 0.363117463826178158710752068708659213 -0.677186279510737753445885427091342451 0.0261108381295936335163919356460467043
-0.363117463826178158710752068708659213 0.363117463826178158710752068708659213 -0.677186279510737753445885427091342451 0.0329481357696978202972966231869643596
0.0 0.363117463826178158710752068708659213 -0.677186279510737753445885427091342451 0.0353344690332551889688099638798676167
0.363117463826178158710752068708659213 0.363117463826178158710752068708659213 -0.677186279510737753445885427091342451 0.0329481357696978202972966231869643596
0.677186279510737753445885427091342451 0.363117463826178158710752068708659213 -0.677186279510737753445885427091342451 0.0261108381295936335163919356460467043
0.899757995411460157312345244418337958 0.363117463826178158710752068708659213 -0.677186279510737753445885427091342451 0.015739939032861238996689613606286333
1.0 0.363117463826178158710752068708659213 -0.677186279510737753445885427091342451 0.00264188992710800820842237583940660586
-1.0 0.677186279510737753445885427091342451 -0.677186279510737753445885427091342451 0.00209365290725684615115170887196930998
-0.899757995411460157312345244418337958 0.677186279510737753445885427091342451 -0.677186279510737753445885427091342451 0.0124736344152949220913102179064581085
-0.677186279510737753445885427091342451 0.677186279510737753445885427091342451 -0.677186279510737753445885427091342451 0.0206923958488985424007833311875046388
-0.363117463826178158710752068708659213 0.677186279510737753445885427091342451 -0.677186279510737753445885427091342451 0.0261108381295936335163919356460467043
0.0 0.677186279510737753445885427091342451 -0.677186279510737753445885427091342451 0.0280019667204050345636486515578327957
0.363117463826178158710752068708659213 0.677186279510737753445885427091342451 -0.677186279510737753445885427091342451 0.0261108381295936335163919356460467043
0.677186279510737753445885427091342451 0.677186279510737753445885427091342451 -0.677186279510737753445885427091342451 0.0206923958488985424007833311875046388
0.899757995411460157312345244418337958 0.677186279510737753445885427091342451 -0.677186279510737753445885427091342451 0.0124736344152949220913102179064581085
1.0 0.677186279510737753445885427091342451 -0.677186279510737753445885427091342451 0.00209365290725684615115170887196930998
-1.0 0.899757995411460157312345244418337958 -0.677186279510737753445885427091342451 0.00126208009687923071521850345263793163
-0.899757995411460157312345244418337958 0.899757995411460157312345244418337958 -0.677186279510737753445885427091342451 0.00751926247026209107193760134263627905
-0.677186279510737753445885427091342451 0.899757995411460157312345244418337958 -0.677186279510737753445885427091342451 0.0124736344152949220913102179064581085
-0.363117463826178158710752068708659213 0.899757995411460157312345244418337958 -0.677186279510737753445885427091342451 0.015739939032861238996689613606286333
0.0 0.899757995411460157312345244418337958 -0.677186279510737753445885427091342451 0.0168799349447096457454203759738937729
0.363117463826178158710752068708659213 0.899757995411460157312345244418337958 -0.677186279510737753445885427091342451 0.015739939032861238996689613606286333
0.677186279510737753445885427091342451 0.899757995411460157312345244418337958 -0.677186279510737753445885427091342451 0.0124736344152949220913102179064581085
0.899757995411460157312345244418337958 0.899757995411460157312345244418337958 -0.677186279510737753445885427091342451 0.00751926247026209107193760134263627905
1.0 0.899757995411460157312345244418337958 -0.677186279510737753445885427091342451 0.00126208009687923071521850345263793163
-1.0 1.0 -0.677186279510737753445885427091342451 0.000211835426311853190803013594582849326
-0.899757995411460157312345244418337958 1.0 -0.677186279510737753445885427091342451 0.00126208009687923071521850345263793163
-0.677186279510737753445885427091342451 1.0 -0.677186279510737753445885427091342451 0.00209365290725684615115170887196930998
-0.363117463826178158710752068708659213 1.0 -0.677186279510737753445885427091342451 0.00264188992710800820842237583940660586
0.0 1.0 -0.677186279510737753445885427091342451 0.00283323397934155320662577529277175784
0.363117463826178158710752068708659213 1.0 -0.677186279510737753445885427091342451 0.00264188992710800820842237583940660586
0.677186279510737753445885427091342451 1.0 -0.677186279510737753445885427091342451 0.00209365290725684615115170887196930998
0.899757995411460157312345244418337958 1.0 -0.677186279510737753445885427091342451 0.00126208009687923071521850345263793163
1.0 1.0 -0.677186279510737753445885427091342451 0.000211835426311853190803013594582849326
-1.0 -1.0 -0.363117463826178158710752068708659213 0.000267305949824881439132045935292992506
-0.899757995411460157312345244418337958 -1.0 -0.363117463826178158710752068708659213 0.00159256421329043858727278322511652194
-0.677186279510737753445885427091342451 -1.0 -0.363117463826178158710752068708659213 0.00264188992710800820842237583940660586
-0.363117463826178158710752068708659213 -1.0 -0.363117463826178158710752068708659213 0.00333368647819450255403279944467430819
0.0 -1.0 -0.363117463826178158710752068708659213 0.00357513525055580203978729845211460345
0.363117463826178158710752068708659213 -1.0 -0.363117463826178158710752068708659213 0.00333368647819450255403279944467430819
0.677186279510737753445885427091342451 -1.0 -0.363117463826178158710752068708659213 0.00264188992710800820842237583940660586
0.899757995411460157312345244418337958 -1.0 -0.363117463826178158710752068708659213 0.00159256421329043858727278322511652194
1.0 -1.0 -0.363117463826178158710752068708659213 0.000267305949824881439132045935292992506
-1.0 -0.899757995411460157312345244418337958 -0.363117463826178158710752068708659213 0.00159256421329043858727278322511652194
-0.899757995411460157312345244418337958 -0.899757995411460157312345244418337958 -0.363117463826178158710752068708659213 0.0094882316503428338995222068421292359
-0.677186279510737753445885427091342451 -0.899757995411460157312345244418337958 -0.363117463826178158710752068708659213 0.015739939032861238996689613606286333
-0.363117463826178158710752068708659213 -0.899757995411460157312345244418337958 -0.363117463826178158710752068708659213 0.0198615473654100344689979269774753131
0.0 -0.899757995411460157312345244418337958 -0.363117463826178158710752068708659213 0.0213000588331024863786753309063747718
0.363117463826178158710752068708659213 -0.899757995411460157312345244418337958 -0.363117463826178158710752068708659213 0.0198615473654100344689979269774753131
0.677186279510737753445885427091342451 -0.899757995411460157312345244418337958 -0.363117463826178158710752068708659213 0.015739939032861238996689613606286333
0.899757995411460157312345244418337958 -0.899757995411460157312345244418337958 -0.363117463826178158710752068708659213 0.0094882316503428338995222068421292359
1.0 -0.899757995411460157312345244418337958 -0.363117463826178158710752068708659213 0.00159256421329043858727278322511652194
-1.0 -0.677186279510737753445885427091342451 -0.363117463826178158710752068708659213 0.00264188992710800820842237583940660586
-0.899757995411460157312345244418337958 -0.677186279510737753445885427091342451 -0.363117463826178158710752068708659213 0.015739939032861238996689613606286333
-0.677186279510737753445885427091342451 -0.677186279510737753445885427091342451 -0.363117463826178158710752068708659213 0.0261108381295936335163919356460467043
-0.363117463826178158710752068708659213 -0.677186279510737753445885427091342451 -0.363117463826178158710752068708659213 0.0329481357696978202972966231869643596
0.0 -0.677186279510737753445885427091342451 -0.363117463826178158710752068708659213 0.0353344690332551889688099638798676167
0.363117463826178158710752068708659213 -0.677186279510737753445885427091342451 -0.363117463826178158710752068708659213 0.0329481357696978202972966231869643596
0.677186279510737753445885427091342451 -0.677186279510737753445885427091342451 -0.363117463826178158710752068708659213 0.0261108381295936335163919356460467043
0.899757995411460157312345244418337958 -0.677186279510737753445885427091342451 -0.363117463826178158710752068708659213 0.015739939032861238996689613606286333
1.0 -0.677186279510737753445885427091342451 -0.363117463826178158710752068708659213 0.00264188992710800820842237583940660586
-1.0 -0.363117463826178158710752068708659213 -0.363117463826178158710752068708659213 0.00333368647819450255403279944467430819
-0.899757995411460157312345244418337958 -0.363117463826178158710752068708659213 -0.363117463826178158710752068708659213 0.0198615473654100344689979269774753131
-0.677186279510737753445885427091342451 -0.363117463826178158710752068708659213 -0.363117463826178158710752068708659213 0.0329481357696978202972966231869643596
-0.363117463826178158710752068708659213 -0.363117463826178158710752068708659213 -0.363117463826178158710752068708659213 0.0415758255369084163206602115822044341
0.0 -0.363117463826178158710752068708659213 -0.363117463826178158710752068708659213 0.0445870361295826366083864376339133595
0.363117463826178158710752068708659213 -0.363117463826178158710752068708659213 -0.363117463826178158710752068708659213 0.0415758255369084163206602115822044341
0.677186279510737753445885427091342451 -0.363117463826178158710752068708659213 -0.363117463826178158710752068708659213 0.0329481357696978202972966231869643596
0.899757995411460157312345244418337958 -0.363117463826178158710752068708659213 -0.363117463826178158710752068708659213 0.0198615473654100344689979269774753131
1.0 -0.363117463826178158710752068708659213 -0.363117463826178158710752068708659213 0.00333368647819450255403279944467430819
-1.0 0.0 -0.363117463826178158710752068708659213 0.00357513525055580203978729845211460345
-0.899757995411460157312345244418337958 0.0 -0.363117463826178158710752068708659213 0.0213000588331024863786753309063747718
-0.677186279510737753445885427091342451 0.0 -0.363117463826178158710752068708659213 0.0353344690332551889688099638798676167
-0.363117463826178158710752068708659213 0.0 -0.363117463826178158710752068708659213 0.0445870361295826366083864376339133595
0.0 0.0 -0.363117463826178158710752068708659213 0.0478163395470255188733674268077107452
0.363117463826178158710752068708659213 0.0 -0.363117463826178158710752068708659213 0.0445870361295826366083864376339133595
0.677186279510737753445885427091342451 0.0 -0.363117463826178158710752068708659213 0.0353344690332551889688099638798676167
0.899757995411460157312345244418337958 0.0 -0.363117463826178158710752068708659213 0.0213000588331024863786753309063747718
1.0 0.0 -0.363117463826178158710752068708659213 0.00357513525055580203978729845211460345
-1.0 0.363117463826178158710752068708659213 -0.363117463826178158710752068708659213 0.00333368647819450255403279944467430819
-0.899757995411460157312345244418337958 0.363117463826178158710752068708659213 -0.363117463826178158710752068708659213 0.0198615473654100344689979269774753131
-0.677186279510737753445885427091342451 0.363117463826178158710752068708659213 -0.363117463826178158710752068708659213 0.0329481357696978202972966231869643596
-0.363117463826178158710752068708659213 0.363117463826178158710752068708659213 -0.363117463826178158710752068708659213 0.0415758255369084163206602115822044341
0.0 0.363117463826178158710752068708659213 -0.363117463826178158710752068708659213 0.0445870361295826366083864376339133595
0.363117463826178158710752068708659213 0.363117463826178158710752068708659213 -0.363117463826178158710752068708659213 0.0415758255369084163206602115822044341
0.677186279510737753445885427091342451 0.363117463826178158710752068708659213 -0.363117463826178158710752068708659213 0.0329481357696978202972966231869643596
0.899757995411460157312345244418337958 0.363117463826178158710752068708659213 -0.363117463826178158710752068708659213 0.0198615473654100344689979269774753131
1.0 0.363117463826178158710752068708659213 -0.363117463826178158710752068708659213 0.00333368647819450255403279944467430819
-1.0 0.677186279510737753445885427091342451 -0.363117463826178158710752068708659213 0.00264188992710800820842237583940660586
-0.899757995411460157312345244418337958 0.677186279510737753445885427091342451 -0.363117463826178158710752068708659213 0.015739939032861238996689613606286333
-0.677186279510737753445885427091342451 0.677186279510737753445885427091342451 -0.363117463826178158710752068708659213 0.0261108381295936335163919356460467043
-0.363117463826178158710752068708659213 0.677186279510737753445885427091342451 -0.363117463826178158710752068708659213 0.0329481357696978202972966231869643596
0.0 0.677186279510737753445885427091342451 -0.363117463826178158710752068708659213 0.0353344690332551889688099638798676167
0.363117463826178158710752068708659213 0.677186279510737753445885427091342451 -0.363117463826178158710752068708659213 0.0329481357696978202972966231869643596
0.677186279510737753445885427091342451 0.677186279510737753445885427091342451 -0.363117463826178158710752068708659213 0.0261108381295936335163919356460467043
0.899757995411460157312345244418337958 0.677186279510737753445885427091342451 -0.363117463826178158710752068708659213 0.015739939032861238996689613606286333
1.0 0.677186279510737753445885427091342451 -0.363117463826178158710752068708659213 0.00264188992710800820842237583940660586
-1.0 0.899757995411460157312345244418337958 -0.363117463826178158710752068708659213 0.00159256421329043858727278322511652194
-0.899757995411460157312345244418337958 0.899757995411460157312345244418337958 -0.363117463826178158710752068708659213 0.0094882316503428338995222068421292359
-0.677186279510737753445885427091342451 0.899757995411460157312345244418337958 -0.363117463826178158710752068708659213 0.015739939032861238996689613606286333
-0.363117463826178158710752068708659213 0.899757995411460157312345244418337958 -0.363117463826178158710752068708659213 0.0198615473654100344689979269774753131
0.0 0.899757995411460157312345244418337958 -0.363117463826178158710752068708659213 0.0213000588331024863786753309063747718
0.363117463826178158710752068708659213 0.899757995411460157312345244418337958 -0.363117463826178158710752068708659213 0.0198615473654100344689979269774753131
0.677186279510737753445885427091342451 0.899757995411460157312345244418337958 -0.363117463826178158710752068708659213 0.015739939032861238996689613606286333
0.899757995411460157312345244418337958 0.899757995411460157312345244418337958 -0.363117463826178158710752068708659213 0.0094882316503428338995222068421292359
1.0 0.899757995411460157312345244418337958 -0.363117463826178158710752068708659213 0.00159256421329043858727278322511652194
-1.0 1.0 -0.363117463826178158710752068708659213 0.000267305949824881439132045935292992506
-0.899757995411460157312345244418337958 1.0 -0.363117463826178158710752068708659213 0.00159256421329043858727278322511652194
-0.677186279510737753445885427091342451 1.0 -0.363117463826178158710752068708659213 0.00264188992710800820842237583940660586
-0.363117463826178158710752068708659213 1.0 -0.363117463826178158710752068708659213 0.00333368647819450255403279944467430819
0.0 1.0 -0.363117463826178158710752068708659213 0.00357513525055580203978729845211460345
0.363117463826178158710752068708659213 1.0 -0.363117463826178158710752068708659213 0.00333368647819450255403279944467430819
0.677186279510737753445885427091342451 1.0 -0.363117463826178158710752068708659213 0.00264188992710800820842237583940660586
0.899757995411460157312345244418337958 1.0 -0.363117463826178158710752068708659213 0.00159256421329043858727278322511652194
1.0 1.0 -0.363117463826178158710752068708659213 0.000267305949824881439132045935292992506
-1.0 -1.0 0.0 0.000286666106771926877746983567089387195
-0.899757995411460157312345244418337958 -1.0 0.0 0.00170790879554814671350417609785748859
-0.677186279510737753445885427091342451 -1.0 0.0 0.00283323397934155320662577529277175784
-0.363117463826178158710752068708659213 -1.0 0.0 0.00357513525055580203978729845211460345
0.0 -1.0 0.0 0.00383407142314387752245435001076940392
0.363117463826178158710752068708659213 -1.0 0.0 0.00357513525055580203978729845211460345
0.677186279510737753445885427091342451 -1.0 0.0 0.00283323397934155320662577529277175784
0.899757995411460157312345244418337958 -1.0 0.0 0.00170790879554814671350417609785748859
1.0 -1.0 0.0 0.000286666106771926877746983567089387195
-1.0 -0.899757995411460157312345244418337958 0.0 0.00170790879554814671350417609785748859
-0.899757995411460157312345244418337958 -0.899757995411460157312345244418337958 0.0 0.0101754354107563351938351825907447424
-0.677186279510737753445885427091342451 -0.899757995411460157312345244418337958 0.0 0.0168799349447096457454203759738937729
-0.363117463826178158710752068708659213 -0.899757995411460157312345244418337958 0.0 0.0213000588331024863786753309063747718
0.0 -0.899757995411460157312345244418337958 0.0 0.022842757311233335309430547907997627
0.363117463826178158710752068708659213 -0.899757995411460157312345244418337958 0.0 0.0213000588331024863786753309063747718
0.677186279510737753445885427091342451 -0.899757995411460157312345244418337958 0.0 0.0168799349447096457454203759738937729
0.899757995411460157312345244418337958 -0.899757995411460157312345244418337958 0.0 0.0101754354107563351938351825907447424
1.0 -0.899757995411460157312345244418337958 0.0 0.00170790879554814671350417609785748859
-1.0 -0.677186279510737753445885427091342451 0.0 0.00283323397934155320662577529277175784
-0.899757995411460157312345244418337958 -0.677186279510737753445885427091342451 0.0 0.0168799349447096457454203759738937729
-0.677186279510737753445885427091342451 -0.677186279510737753445885427091342451 0.0 0.0280019667204050345636486515578327957
-0.363117463826178158710752068708659213 -0.677186279510737753445885427091342451 0.0 0.0353344690332551889688099638798676167
0.0 -0.677186279510737753445885427091342451 0.0 0.0378936371571689859080462876708346779
0.363117463826178158710752068708659213 -0.677186279510737753445885427091342451 0.0 0.0353344690332551889688099638798676167
0.677186279510737753445885427091342451 -0.677186279510737753445885427091342451 0.0 0.0280019667204050345636486515578327957
0.899757995411460157312345244418337958 -0.677186279510737753445885427091342451 0.0 0.0168799349447096457454203759738937729
1.0 -0.677186279510737753445885427091342451 0.0 0.00283323397934155320662577529277175784
-1.0 -0.363117463826178158710752068708659213 0.0 0.00357513525055580203978729845211460345
-0.899757995411460157312345244418337958 -0.363117463826178158710752068708659213 0.0 0.0213000588331024863786753309063747718
-0.677186279510737753445885427091342451 -0.363117463826178158710752068708659213 0.0 0.0353344690332551889688099638798676167
-0.363117463826178158710752068708659213 -0.363117463826178158710752068708659213 0.0 0.0445870361295826366083864376339133595
0.0 -0.363117463826178158710752068708659213 0.0 0.0478163395470255188733674268077107452
0.363117463826178158710752068708659213 -0.363117463826178158710752068708659213 0.0 0.0445870361295826366083864376339133595
0.677186279510737753445885427091342451 -0.363117463826178158710752068708659213 0.0 0.0353344690332551889688099638798676167
0.899757995411460157312345244418337958 -0.363117463826178158710752068708659213 0.0 0.0213000588331024863786753309063747718
1.0 -0.363117463826178158710752068708659213 0.0 0.00357513525055580203978729845211460345
-1.0 0.0 0.0 0.00383407142314387752245435001076940392
-0.899757995411460157312345244418337958 0.0 0.0 0.022842757311233335309430547907997627
-0.677186279510737753445885427091342451 0.0 0.0 0.0378936371571689859080462876708346779
-0.363117463826178158710752068708659213 0.0 0.0 0.0478163395470255188733674268077107452
0.0 0.0 0.0 0.0512795315892157463901159759807721746
0.363117463826178158710752068708659213 0.0 0.0 0.0478163395470255188733674268077107452
0.677186279510737753445885427091342451 0.0 0.0 0.0378936371571689859080462876708346779
0.899757995411460157312345244418337958 0.0 0.0 0.022842757311233335309430547907997627
1.0 0.0 0.0 0.00383407142314387752245435001076940392
-1.0 0.363117463826178158710752068708659213 0.0 0.00357513525055580203978729845211460345
-0.899757995411460157312345244418337958 0.363117463826178158710752068708659213 0.0 0.0213000588331024863786753309063747718
-0.677186279510737753445885427091342451 0.363117463826178158710752068708659213 0.0 0.0353344690332551889688099638798676167
-0.363117463826178158710752068708659213 0.363117463826178158710752068708659213 0.0 0.0445870361295826366083864376339133595
0.0 0.363117463826178158710752068708659213 0.0 0.0478163395470255188733674268077107452
0.363117463826178158710752068708659213 0.363117463826178158710752068708659213 0.0 0.0445870361295826366083864376339133595
0.677186279510737753445885427091342451 0.363117463826178158710752068708659213 0.0 0.0353344690332551889688099638798676167
0.899757995411460157312345244418337958 0.363117463826178158710752068708659213 0.0 0.0213000588331024863786753309063747718
1.0 0.363117463826178158710752068708659213 0.0 0.00357513525055580203978729845211460345
-1.0 0.677186279510737753445885427091342451 0.0 0.00283323397934155320662577529277175784
-0.899757995411460157312345244418337958 0.677186279510737753445885427091342451 0.0 0.0168799349447096457454203759738937729
-0.677186279510737753445885427091342451 0.677186279510737753445885427091342451 0.0 0.0280019667204050345636486515578327957
-0.363117463826178158710752068708659213 0.677186279510737753445885427091342451 0.0 0.0353344690332551889688099638798676167
0.0 0.677186279510737753445885427091342451 0.0 0.0378936371571689859080462876708346779
0.363117463826178158710752068708659213 0.677186279510737753445885427091342451 0.0 0.0353344690332551889688099638798676167
0.677186279510737753445885427091342451 0.677186279510737753445885427091342451 0.0 0.0280019667204050345636486515578327957
0.899757995411460157312345244418337958 0.677186279510737753445885427091342451 0.0 0.0168799349447096457454203759738937729
1.0 0.677186279510737753445885427091342451 0.0 0.00283323397934155320662577529277175784
-1.0 0.899757995411460157312345244418337958 0.0 0.00170790879554814671350417609785748859
-0.899757995411460157312345244418337958 0.899757995411460157312345244418337958 0.0 0.0101754354107563351938351825907447424
-0.677186279510737753445885427091342451 0.899757995411460157312345244418337958 0.0 0.0168799349447096457454203759738937729
-0.363117463826178158710752068708659213 0.899757995411460157312345244418337958 0.0 0.0213000588331024863786753309063747718
0.0 0.899757995411460157312345244418337958 0.0 0.022842757311233335309430547907997627
0.363117463826178158710752068708659213 0.899757995411460157312345244418337958 0.0 0.0213000588331024863786753309063747718
0.677186279510737753445885427091342451 0.899757995411460157312345244418337958 0.0 0.0168799349447096457454203759738937729
0.899757995411460157312345244418337958 0.899757995411460157312345244418337958 0.0 0.0101754354107563351938351825907447424
1.0 0.899757995411460157312345244418337958 0.0 0.00170790879554814671350417609785748859
-1.0 1.0 0.0 0.000286666106771926877746983567089387195
-0.899757995411460157312345244418337958 1.0 0.0 0.00170790879554814671350417609785748859
-0.677186279510737753445885427091342451 1.0 0.0 0.00283323397934155320662577529277175784
-0.363117463826178158710752068708659213 1.0 0.0 0.00357513525055580203978729845211460345
0.0 1.0 0.0 0.00383407142314387752245435001076940392
0.363117463826178158710752068708659213 1.0 0.0 0.00357513525055580203978729845211460345
0.677186279510737753445885427091342451 1.0 0.0 0.00283323397934155320662577529277175784
0.899757995411460157312345244418337958 1.0 0.0 0.00170790879554814671350417609785748859
1.0 1.0 0.0 0.000286666106771926877746983567089387195
-1.0 -1.0 0.363117463826178158710752068708659213 0.000267305949824881439132045935292992506
-0.899757995411460157312345244418337958 -1.0 0.363117463826178158710752068708659213 0.00159256421329043858727278322511652194
-0.677186279510737753445885427091342451 -1.0 0.363117463826178158710752068708659213 0.00264188992710800820842237583940660586
-0.363117463826178158710752068708659213 -1.0 0.363117463826178158710752068708659213 0.00333368647819450255403279944467430819
0.0 -1.0 0.363117463826178158710752068708659213 0.00357513525055580203978729845211460345
0.363117463826178158710752068708659213 -1.0 0.363117463826178158710752068708659213 0.00333368647819450255403279944467430819
0.677186279510737753445885427091342451 -1.0 0.363117463826178158710752068708659213 0.00264188992710800820842237583940660586
0.899757995411460157312345244418337958 -1.0 0.363117463826178158710752068708659213 0.00159256421329043858727278322511652194
1.0 -1.0 0.363117463826178158710752068708659213 0.000267305949824881439132045935292992506
-1.0 -0.899757995411460157312345244418337958 0.363117463826178158710752068708659213 0.00159256421329043858727278322511652194
-0.899757995411460157312345244418337958 -0.899757995411460157312345244418337958 0.363117463826178158710752068708659213 0.0094882316503428338995222068421292359
-0.677186279510737753445885427091342451 -0.899757995411460157312345244418337958 0.363117463826178158710752068708659213 0.015739939032861238996689613606286333
-0.363117463826178158710752068708659213 -0.899757995411460157312345244418337958 0.363117463826178158710752068708659213 0.0198615473654100344689979269774753131
0.0 -0.899757995411460157312345244418337958 0.363117463826178158710752068708659213 0.0213000588331024863786753309063747718
0.363117463826178158710752068708659213 -0.899757995411460157312345244418337958 0.363117463826178158710752068708659213 0.0198615473654100344689979269774753131
0.677186279510737753445885427091342451 -0.899757995411460157312345244418337958 0.363117463826178158710752068708659213 0.015739939032861238996689613606286333
0.899757995411460157312345244418337958 -0.899757995411460157312345244418337958 0.363117463826178158710752068708659213 0.0094882316503428338995222068421292359
1.0 -0.899757995411460157312345244418337958 0.363117463826178158710752068708659213 0.00159256421329043858727278322511652194
-1.0 -0.677186279510737753445885427091342451 0.363117463826178158710752068708659213 0.00264188992710800820842237583940660586
-0.899757995411460157312345244418337958 -0.677186279510737753445885427091342451 0.363117463826178158710752068708659213 0.015739939032861238996689613606286333
-0.677186279510737753445885427091342451 -0.677186279510737753445885427091342451 0.363117463826178158710752068708659213 0.0261108381295936335163919356460467043
-0.363117463826178158710752068708659213 -0.677186279510737753445885427091342451 0.363117463826178158710752068708659213 0.0329481357696978202972966231869643596
0.0 -0.677186279510737753445885427091342451 0.363117463826178158710752068708659213 0.0353344690332551889688099638798676167
0.363117463826178158710752068708659213 -0.677186279510737753445885427091342451 0.363117463826178158710752068708659213 0.0329481357696978202972966231869643596
0.677186279510737753445885427091342451 -0.677186279510737753445885427091342451 0.363117463826178158710752068708659213 0.0261108381295936335163919356460467043
0.899757995411460157312345244418337958 -0.677186279510737753445885427091342451 0.363117463826178158710752068708659213 0.015739939032861238996689613606286333
1.0 -0.677186279510737753445885427091342451 0.363117463826178158710752068708659213 0.00264188992710800820842237583940660586
-1.0 -0.363117463826178158710752068708659213 0.363117463826178158710752068708659213 0.00333368647819450255403279944467430819
-0.899757995411460157312345244418337958 -0.363117463826178158710752068708659213 0.363117463826178158710752068708659213 0.0198615473654100344689979269774753131
-0.677186279510737753445885427091342451 -0.363117463826178158710752068708659213 0.363117463826178158710752068708659213 0.0329481357696978202972966231869643596
-0.363117463826178158710752068708659213 -0.363117463826178158710752068708659213 0.363117463826178158710752068708659213 0.0415758255369084163206602115822044341
0.0 -0.363117463826178158710752068708659213 0.363117463826178158710752068708659213 0.0445870361295826366083864376339133595
0.363117463826178158710752068708659213 -0.363117463826178158710752068708659213 0.363117463826178158710752068708659213 0.0415758255369084163206602115822044341
0.677186279510737753445885427091342451 -0.363117463826178158710752068708659213 0.363117463826178158710752068708659213 0.0329481357696978202972966231869643596
0.899757995411460157312345244418337958 -0.363117463826178158710752068708659213 0.363117463826178158710752068708659213 0.0198615473654100344689979269774753131
1.0 -0.363117463826178158710752068708659213 0.363117463826178158710752068708659213 0.00333368647819450255403279944467430819
-1.0 0.0 0.363117463826178158710752068708659213 0.00357513525055580203978729845211460345
-0.899757995411460157312345244418337958 0.0 0.363117463826178158710752068708659213 0.0213000588331024863786753309063747718
-0.677186279510737753445885427091342451 0.0 0.363117463826178158710752068708659213 0.0353344690332551889688099638798676167
-0.363117463826178158710752068708659213 0.0 0.363117463826178158710752068708659213 0.0445870361295826366083864376339133595
0.0 0.0 0.363117463826178158710752068708659213 0.0478163395470255188733674268077107452
0.363117463826178158710752068708659213 0.0 0.363117463826178158710752068708659213 0.0445870361295826366083864376339133595
0.677186279510737753445885427091342451 0.0 0.363117463826178158710752068708659213 0.0353344690332551889688099638798676167
0.899757995411460157312345244418337958 0.0 0.363117463826178158710752068708659213 0.0213000588331024863786753309063747718
1.0 0.0 0.363117463826178158710752068708659213 0.00357513525055580203978729845211460345
-1.0 0.363117463826178158710752068708659213 0.363117463826178158710752068708659213 0.00333368647819450255403279944467430819
-0.899757995411460157312345244418337958 0.363117463826178158710752068708659213 0.363117463826178158710752068708659213 0.0198615473654100344689979269774753131
-0.677186279510737753445885427091342451 0.363117463826178158710752068708659213 0.363117463826178158710752068708659213 0.0329481357696978202972966231869643596
-0.363117463826178158710752068708659213 0.363117463826178158710752068708659213 0.363117463826178158710752068708659213 0.0415758255369084163206602115822044341
0.0 0.363117463826178158710752068708659213 0.363117463826178158710752068708659213 0.0445870361295826366083864376339133595
0.363117463826178158710752068708659213 0.363117463826178158710752068708659213 0.363117463826178158710752068708659213 0.0415758255369084163206602115822044341
0.677186279510737753445885427091342451 0.363117463826178158710752068708659213 0.363117463826178158710752068708659213 0.0329481357696978202972966231869643596
0.899757995411460157312345244418337958 0.363117463826178158710752068708659213 0.363117463826178158710752068708659213 0.0198615473654100344689979269774753131
1.0 0.363117463826178158710752068708659213 0.363117463826178158710752068708659213 0.00333368647819450255403279944467430819
-1.0 0.677186279510737753445885427091342451 0.363117463826178158710752068708659213 0.00264188992710800820842237583940660586
-0.899757995411460157312345244418337958 0.677186279510737753445885427091342451 0.363117463826178158710752068708659213 0.015739939032861238996689613606286333
-0.677186279510737753445885427091342451 0.677186279510737753445885427091342451 0.363117463826178158710752068708659213 0.0261108381295936335163919356460467043
-0.363117463826178158710752068708659213 0.677186279510737753445885427091342451 0.363117463826178158710752068708659213 0.0329481357696978202972966231869643596
0.0 0.677186279510737753445885427091342451 0.363117463826178158710752068708659213 0.0353344690332551889688099638798676167
0.363117463826178158710752068708659213 0.677186279510737753445885427091342451 0.363117463826178158710752068708659213 0.0329481357696978202972966231869643596
0.677186279510737753445885427091342451 0.677186279510737753445885427091342451 0.363117463826178158710752068708659213 0.0261108381295936335163919356460467043
0.899757995411460157312345244418337958 0.677186279510737753445885427091342451 0.363117463826178158710752068708659213 0.015739939032861238996689613606286333
1.0 0.677186279510737753445885427091342451 0.363117463826178158710752068708659213 0.00264188992710800820842237583940660586
-1.0 0.899757995411460157312345244418337958 0.363117463826178158710752068708659213 0.00159256421329043858727278322511652194
-0.899757995411460157312345244418337958 0.899757995411460157312345244418337958 0.363117463826178158710752068708659213 0.0094882316503428338995222068421292359
-0.677186279510737753445885427091342451 0.899757995411460157312345244418337958 0.363117463826178158710752068708659213 0.015739939032861238996689613606286333
-0.363117463826178158710752068708659213 0.899757995411460157312345244418337958 0.363117463826178158710752068708659213 0.0198615473654100344689979269774753131
0.0 0.899757995411460157312345244418337958 0.363117463826178158710752068708659213 0.0213000588331024863786753309063747718
0.363117463826178158710752068708659213 0.899757995411460157312345244418337958 0.363117463826178158710752068708659213 0.0198615473654100344689979269774753131
0.677186279510737753445885427091342451 0.899757995411460157312345244418337958 0.363117463826178158710752068708659213 0.015739939032861238996689613606286333
0.899757995411460157312345244418337958 0.899757995411460157312345244418337958 0.363117463826178158710752068708659213 0.0094882316503428338995222068421292359
1.0 0.899757995411460157312345244418337958 0.363117463826178158710752068708659213 0.00159256421329043858727278322511652194
-1.0 1.0 0.363117463826178158710752068708659213 0.000267305949824881439132045935292992506
-0.899757995411460157312345244418337958 1.0 0.363117463826178158710752068708659213 0.00159256421329043858727278322511652194
-0.677186279510737753445885427091342451 1.0 0.363117463826178158710752068708659213 0.00264188992710800820842237583940660586
-0.363117463826178158710752068708659213 1.0 0.363117463826178158710752068708659213 0.00333368647819450255403279944467430819
0.0 1.0 0.363117463826178158710752068708659213 0.00357513525055580203978729845211460345
0.363117463826178158710752068708659213 1.0 0.363117463826178158710752068708659213 0.00333368647819450255403279944467430819
0.677186279510737753445885427091342451 1.0 0.363117463826178158710752068708659213 0.00264188992710800820842237583940660586
0.899757995411460157312345244418337958 1.0 0.363117463826178158710752068708659213 0.00159256421329043858727278322511652194
1.0 1.0 0.363117463826178158710752068708659213 0.000267305949824881439132045935292992506
-1.0 -1.0 0.677186279510737753445885427091342451 0.000211835426311853190803013594582849326
-0.899757995411460157312345244418337958 -1.0 0.677186279510737753445885427091342451 0.00126208009687923071521850345263793163
-0.677186279510737753445885427091342451 -1.0 0.677186279510737753445885427091342451 0.00209365290725684615115170887196930998
-0.363117463826178158710752068708659213 -1.0 0.677186279510737753445885427091342451 0.00264188992710800820842237583940660586
0.0 -1.0 0.677186279510737753445885427091342451 0.00283323397934155320662577529277175784
0.363117463826178158710752068708659213 -1.0 0.677186279510737753445885427091342451 0.00264188992710800820842237583940660586
0.677186279510737753445885427091342451 -1.0 0.677186279510737753445885427091342451 0.00209365290725684615115170887196930998
0.899757995411460157312345244418337958 -1.0 0.677186279510737753445885427091342451 0.00126208009687923071521850345263793163
1.0 -1.0 0.677186279510737753445885427091342451 0.000211835426311853190803013594582849326
-1.0 -0.899757995411460157312345244418337958 0.677186279510737753445885427091342451 0.00126208009687923071521850345263793163
-0.899757995411460157312345244418337958 -0.899757995411460157312345244418337958 0.677186279510737753445885427091342451 0.00751926247026209107193760134263627905
-0.677186279510737753445885427091342451 -0.899757995411460157312345244418337958 0.677186279510737753445885427091342451 0.0124736344152949220913102179064581085
-0.363117463826178158710752068708659213 -0.899757995411460157312345244418337958 0.677186279510737753445885427091342451 0.015739939032861238996689613606286333
0.0 -0.899757995411460157312345244418337958 0.677186279510737753445885427091342451 0.0168799349447096457454203759738937729
0.363117463826178158710752068708659213 -0.899757995411460157312345244418337958 0.677186279510737753445885427091342451 0.015739939032861238996689613606286333
0.677186279510737753445885427091342451 -0.899757995411460157312345244418337958 0.677186279510737753445885427091342451 0.0124736344152949220913102179064581085
0.899757995411460157312345244418337958 -0.899757995411460157312345244418337958 0.677186279510737753445885427091342451 0.00751926247026209107193760134263627905
1.0 -0.899757995411460157312345244418337958 0.677186279510737753445885427091342451 0.00126208009687923071521850345263793163
-1.0 -0.677186279510737753445885427091342451 0.677186279510737753445885427091342451 0.00209365290725684615115170887196930998
-0.899757995411460157312345244418337958 -0.677186279510737753445885427091342451 0.677186279510737753445885427091342451 0.0124736344152949220913102179064581085
-0.677186279510737753445885427091342451 -0.677186279510737753445885427091342451 0.677186279510737753445885427091342451 0.0206923958488985424007833311875046388
-0.363117463826178158710752068708659213 -0.677186279510737753445885427091342451 0.677186279510737753445885427091342451 0.0261108381295936335163919356460467043
0.0 -0.677186279510737753445885427091342451 0.677186279510737753445885427091342451 0.0280019667204050345636486515578327957
0.363117463826178158710752068708659213 -0.677186279510737753445885427091342451 0.677186279510737753445885427091342451 0.0261108381295936335163919356460467043
0.677186279510737753445885427091342451 -0.677186279510737753445885427091342451 0.677186279510737753445885427091342451 0.0206923958488985424007833311875046388
0.899757995411460157312345244418337958 -0.677186279510737753445885427091342451 0.677186279510737753445885427091342451 0.0124736344152949220913102179064581085
1.0 -0.677186279510737753445885427091342451 0.677186279510737753445885427091342451 0.00209365290725684615115170887196930998
-1.0 -0.363117463826178158710752068708659213 0.677186279510737753445885427091342451 0.00264188992710800820842237583940660586
-0.899757995411460157312345244418337958 -0.363117463826178158710752068708659213 0.677186279510737753445885427091342451 0.015739939032861238996689613606286333
-0.677186279510737753445885427091342451 -0.363117463826178158710752068708659213 0.677186279510737753445885427091342451 0.0261108381295936335163919356460467043
-0.363117463826178158710752068708659213 -0.363117463826178158710752068708659213 0.677186279510737753445885427091342451 0.0329481357696978202972966231869643596
0.0 -0.363117463826178158710752068708659213 0.677186279510737753445885427091342451 0.0353344690332551889688099638798676167
0.363117463826178158710752068708659213 -0.363117463826178158710752068708659213 0.677186279510737753445885427091342451 0.0329481357696978202972966231869643596
0.677186279510737753445885427091342451 -0.363117463826178158710752068708659213 0.677186279510737753445885427091342451 0.0261108381295936335163919356460467043
0.899757995411460157312345244418337958 -0.363117463826178158710752068708659213 0.677186279510737753445885427091342451 0.015739939032861238996689613606286333
1.0 -0.363117463826178158710752068708659213 0.677186279510737753445885427091342451 0.00264188992710800820842237583940660586
-1.0 0.0 0.677186279510737753445885427091342451 0.00283323397934155320662577529277175784
-0.899757995411460157312345244418337958 0.0 0.677186279510737753445885427091342451 0.0168799349447096457454203759738937729
-0.677186279510737753445885427091342451 0.0 0.677186279510737753445885427091342451 0.0280019667204050345636486515578327957
-0.363117463826178158710752068708659213 0.0 0.677186279510737753445885427091342451 0.0353344690332551889688099638798676167
0.0 0.0 0.677186279510737753445885427091342451 0.0378936371571689859080462876708346779
0.363117463826178158710752068708659213 0.0 0.677186279510737753445885427091342451 0.0353344690332551889688099638798676167
0.677186279510737753445885427091342451 0.0 0.677186279510737753445885427091342451 0.0280019667204050345636486515578327957
0.899757995411460157312345244418337958 0.0 0.677186279510737753445885427091342451 0.0168799349447096457454203759738937729
1.0 0.0 0.677186279510737753445885427091342451 0.00283323397934155320662577529277175784
-1.0 0.363117463826178158710752068708659213 0.677186279510737753445885427091342451 0.00264188992710800820842237583940660586
-0.899757995411460157312345244418337958 0.363117463826178158710752068708659213 0.677186279510737753445885427091342451 0.015739939032861238996689613606286333
-0.677186279510737753445885427091342451 0.363117463826178158710752068708659213 0.677186279510737753445885427091342451 0.0261108381295936335163919356460467043
-0.363117463826178158710752068708659213 0.363117463826178158710752068708659213 0.677186279510737753445885427091342451 0.0329481357696978202972966231869643596
0.0 0.363117463826178158710752068708659213 0.677186279510737753445885427091342451 0.0353344690332551889688099638798676167
0.363117463826178158710752068708659213 0.363117463826178158710752068708659213 0.677186279510737753445885427091342451 0.0329481357696978202972966231869643596
0.677186279510737753445885427091342451 0.363117463826178158710752068708659213 0.677186279510737753445885427091342451 0.0261108381295936335163919356460467043
0.899757995411460157312345244418337958 0.363117463826178158710752068708659213 0.677186279510737753445885427091342451 0.015739939032861238996689613606286333
1.0 0.363117463826178158710752068708659213 0.677186279510737753445885427091342451 0.00264188992710800820842237583940660586
-1.0 0.677186279510737753445885427091342451 0.677186279510737753445885427091342451 0.00209365290725684615115170887196930998
-0.899757995411460157312345244418337958 0.677186279510737753445885427091342451 0.677186279510737753445885427091342451 0.0124736344152949220913102179064581085
-0.677186279510737753445885427091342451 0.677186279510737753445885427091342451 0.677186279510737753445885427091342451 0.0206923958488985424007833311875046388
-0.363117463826178158710752068708659213 0.677186279510737753445885427091342451 0.677186279510737753445885427091342451 0.0261108381295936335163919356460467043
0.0 0.677186279510737753445885427091342451 0.677186279510737753445885427091342451 0.0280019667204050345636486515578327957
0.363117463826178158710752068708659213 0.677186279510737753445885427091342451 0.677186279510737753445885427091342451 0.0261108381295936335163919356460467043
0.677186279510737753445885427091342451 0.677186279510737753445885427091342451 0.677186279510737753445885427091342451 0.0206923958488985424007833311875046388
0.899757995411460157312345244418337958 0.677186279510737753445885427091342451 0.677186279510737753445885427091342451 0.0124736344152949220913102179064581085
1.0 0.677186279510737753445885427091342451 0.677186279510737753445885427091342451 0.00209365290725684615115170887196930998
-1.0 0.899757995411460157312345244418337958 0.677186279510737753445885427091342451 0.00126208009687923071521850345263793163
-0.899757995411460157312345244418337958 0.899757995411460157312345244418337958 0.677186279510737753445885427091342451 0.00751926247026209107193760134263627905
-0.677186279510737753445885427091342451 0.899757995411460157312345244418337958 0.677186279510737753445885427091342451 0.0124736344152949220913102179064581085
-0.363117463826178158710752068708659213 0.899757995411460157312345244418337958 0.677186279510737753445885427091342451 0.015739939032861238996689613606286333
0.0 0.899757995411460157312345244418337958 0.677186279510737753445885427091342451 0.0168799349447096457454203759738937729
0.363117463826178158710752068708659213 0.899757995411460157312345244418337958 0.677186279510737753445885427091342451 0.015739939032861238996689613606286333
0.677186279510737753445885427091342451 0.899757995411460157312345244418337958 0.677186279510737753445885427091342451 0.0124736344152949220913102179064581085
0.899757995411460157312345244418337958 0.899757995411460157312345244418337958 0.677186279510737753445885427091342451 0.00751926247026209107193760134263627905
1.0 0.899757995411460157312345244418337958 0.677186279510737753445885427091342451 0.00126208009687923071521850345263793163
-1.0 1.0 0.677186279510737753445885427091342451 0.000211835426311853190803013594582849326
-0.899757995411460157312345244418337958 1.0 0.677186279510737753445885427091342451 0.00126208009687923071521850345263793163
-0.677186279510737753445885427091342451 1.0 0.677186279510737753445885427091342451 0.00209365290725684615115170887196930998
-0.363117463826178158710752068708659213 1.0 0.677186279510737753445885427091342451 0.00264188992710800820842237583940660586
0.0 1.0 0.677186279510737753445885427091342451 0.00283323397934155320662577529277175784
0.363117463826178158710752068708659213 1.0 0.677186279510737753445885427091342451 0.00264188992710800820842237583940660586
0.677186279510737753445885427091342451 1.0 0.677186279510737753445885427091342451 0.00209365290725684615115170887196930998
0.899757995411460157312345244418337958 1.0 0.677186279510737753445885427091342451 0.00126208009687923071521850345263793163
1.0 1.0 0.677186279510737753445885427091342451 0.000211835426311853190803013594582849326
-1.0 -1.0 0.899757995411460157312345244418337958 0.000127697038241362287844397932121302705
-0.899757995411460157312345244418337958 -1.0 0.899757995411460157312345244418337958 0.000760797630503937415310552897562396813
-0.677186279510737753445885427091342451 -1.0 0.899757995411460157312345244418337958 0.00126208009687923071521850345263793163
-0.363117463826178158710752068708659213 -1.0 0.899757995411460157312345244418337958 0.00159256421329043858727278322511652194
0.0 -1.0 0.899757995411460157312345244418337958 0.00170790879554814671350417609785748859
0.363117463826178158710752068708659213 -1.0 0.899757995411460157312345244418337958 0.00159256421329043858727278322511652194
0.677186279510737753445885427091342451 -1.0 0.899757995411460157312345244418337958 0.00126208009687923071521850345263793163
0.899757995411460157312345244418337958 -1.0 0.899757995411460157312345244418337958 0.000760797630503937415310552897562396813
1.0 -1.0 0.899757995411460157312345244418337958 0.000127697038241362287844397932121302705
-1.0 -0.899757995411460157312345244418337958 0.899757995411460157312345244418337958 0.000760797630503937415310552897562396813
-0.899757995411460157312345244418337958 -0.899757995411460157312345244418337958 0.899757995411460157312345244418337958 0.00453270524165471696749195193454600234
-0.677186279510737753445885427091342451 -0.899757995411460157312345244418337958 0.899757995411460157312345244418337958 0.00751926247026209107193760134263627905
-0.363117463826178158710752068708659213 -0.899757995411460157312345244418337958 0.899757995411460157312345244418337958 0.0094882316503428338995222068421292359
0.0 -0.899757995411460157312345244418337958 0.899757995411460157312345244418337958 0.0101754354107563351938351825907447424
0.363117463826178158710752068708659213 -0.899757995411460157312345244418337958 0.899757995411460157312345244418337958 0.0094882316503428338995222068421292359
0.677186279510737753445885427091342451 -0.899757995411460157312345244418337958 0.899757995411460157312345244418337958 0.00751926247026209107193760134263627905
0.899757995411460157312345244418337958 -0.899757995411460157312345244418337958 0.899757995411460157312345244418337958 0.00453270524165471696749195193454600234
1.0 -0.899757995411460157312345244418337958 0.899757995411460157312345244418337958 0.000760797630503937415310552897562396813
-1.0 -0.677186279510737753445885427091342451 0.899757995411460157312345244418337958 0.00126208009687923071521850345263793163
-0.899757995411460157312345244418337958 -0.677186279510737753445885427091342451 0.899757995411460157312345244418337958 0.00751926247026209107193760134263627905
-0.677186279510737753445885427091342451 -0.677186279510737753445885427091342451 0.899757995411460157312345244418337958 0.0124736344152949220913102179064581085
-0.363117463826178158710752068708659213 -0.677186279510737753445885427091342451 0.899757995411460157312345244418337958 0.015739939032861238996689613606286333
0.0 -0.677186279510737753445885427091342451 0.899757995411460157312345244418337958 0.0168799349447096457454203759738937729
0.363117463826178158710752068708659213 -0.677186279510737753445885427091342451 0.899757995411460157312345244418337958 0.015739939032861238996689613606286333
0.677186279510737753445885427091342451 -0.677186279510737753445885427091342451 0.899757995411460157312345244418337958 0.0124736344152949220913102179064581085
0.899757995411460157312345244418337958 -0.677186279510737753445885427091342451 0.899757995411460157312345244418337958 0.00751926247026209107193760134263627905
1.0 -0.677186279510737753445885427091342451 0.899757995411460157312345244418337958 0.00126208009687923071521850345263793163
-1.0 -0.363117463826178158710752068708659213 0.899757995411460157312345244418337958 0.00159256421329043858727278322511652194
-0.899757995411460157312345244418337958 -0.363117463826178158710752068708659213 0.899757995411460157312345244418337958 0.0094882316503428338995222068421292359
-0.677186279510737753445885427091342451 -0.363117463826178158710752068708659213 0.899757995411460157312345244418337958 0.015739939032861238996689613606286333
-0.363117463826178158710752068708659213 -0.363117463826178158710752068708659213 0.899757995411460157312345244418337958 0.0198615473654100344689979269774753131
0.0 -0.363117463826178158710752068708659213 0.899757995411460157312345244418337958 0.0213000588331024863786753309063747718
0.363117463826178158710752068708659213 -0.363117463826178158710752068708659213 0.899757995411460157312345244418337958 0.0198615473654100344689979269774753131
0.677186279510737753445885427091342451 -0.363117463826178158710752068708659213 0.899757995411460157312345244418337958 0.015739939032861238996689613606286333
0.899757995411460157312345244418337958 -0.363117463826178158710752068708659213 0.899757995411460157312345244418337958 0.0094882316503428338995222068421292359
1.0 -0.363117463826178158710752068708659213 0.899757995411460157312345244418337958 0.00159256421329043858727278322511652194
-1.0 0.0 0.899757995411460157312345244418337958 0.00170790879554814671350417609785748859
-0.899757995411460157312345244418337958 0.0 0.899757995411460157312345244418337958 0.0101754354107563351938351825907447424
-0.677186279510737753445885427091342451 0.0 0.899757995411460157312345244418337958 0.0168799349447096457454203759738937729
-0.363117463826178158710752068708659213 0.0 0.899757995411460157312345244418337958 0.0213000588331024863786753309063747718
0.0 0.0 0.899757995411460157312345244418337958 0.022842757311233335309430547907997627
0.363117463826178158710752068708659213 0.0 0.899757995411460157312345244418337958 0.0213000588331024863786753309063747718
0.677186279510737753445885427091342451 0.0 0.899757995411460157312345244418337958 0.0168799349447096457454203759738937729
0.899757995411460157312345244418337958 0.0 0.899757995411460157312345244418337958 0.0101754354107563351938351825907447424
1.0 0.0 0.899757995411460157312345244418337958 0.00170790879554814671350417609785748859
-1.0 0.363117463826178158710752068708659213 0.899757995411460157312345244418337958 0.00159256421329043858727278322511652194
-0.899757995411460157312345244418337958 0.363117463826178158710752068708659213 0.899757995411460157312345244418337958 0.0094882316503428338995222068421292359
-0.677186279510737753445885427091342451 0.363117463826178158710752068708659213 0.899757995411460157312345244418337958 0.015739939032861238996689613606286333
-0.363117463826178158710752068708659213 0.363117463826178158710752068708659213 0.899757995411460157312345244418337958 0.0198615473654100344689979269774753131
0.0 0.363117463826178158710752068708659213 0.899757995411460157312345244418337958 0.0213000588331024863786753309063747718
0.363117463826178158710752068708659213 0.363117463826178158710752068708659213 0.899757995411460157312345244418337958 0.0198615473654100344689979269774753131
0.677186279510737753445885427091342451 0.363117463826178158710752068708659213 0.899757995411460157312345244418337958 0.015739939032861238996689613606286333
0.899757995411460157312345244418337958 0.363117463826178158710752068708659213 0.899757995411460157312345244418337958 0.0094882316503428338995222068421292359
1.0 0.363117463826178158710752068708659213 0.899757995411460157312345244418337958 0.00159256421329043858727278322511652194
-1.0 0.677186279510737753445885427091342451 0.899757995411460157312345244418337958 0.00126208009687923071521850345263793163
-0.899757995411460157312345244418337958 0.677186279510737753445885427091342451 0.899757995411460157312345244418337958 0.00751926247026209107193760134263627905
-0.677186279510737753445885427091342451 0.677186279510737753445885427091342451 0.899757995411460157312345244418337958 0.0124736344152949220913102179064581085
-0.363117463826178158710752068708659213 0.677186279510737753445885427091342451 0.899757995411460157312345244418337958 0.015739939032861238996689613606286333
0.0 0.677186279510737753445885427091342451 0.899757995411460157312345244418337958 0.0168799349447096457454203759738937729
0.363117463826178158710752068708659213 0.677186279510737753445885427091342451 0.899757995411460157312345244418337958 0.015739939032861238996689613606286333
0.677186279510737753445885427091342451 0.677186279510737753445885427091342451 0.899757995411460157312345244418337958 0.0124736344152949220913102179064581085
0.899757995411460157312345244418337958 0.677186279510737753445885427091342451 0.899757995411460157312345244418337958 0.00751926247026209107193760134263627905
1.0 0.677186279510737753445885427091342451 0.899757995411460157312345244418337958 0.00126208009687923071521850345263793163
-1.0 0.899757995411460157312345244418337958 0.899757995411460157312345244418337958 0.000760797630503937415310552897562396813
-0.899757995411460157312345244418337958 0.899757995411460157312345244418337958 0.899757995411460157312345244418337958 0.00453270524165471696749195193454600234
-0.677186279510737753445885427091342451 0.899757995411460157312345244418337958 0.899757995411460157312345244418337958 0.00751926247026209107193760134263627905
-0.363117463826178158710752068708659213 0.899757995411460157312345244418337958 0.899757995411460157312345244418337958 0.0094882316503428338995222068421292359
0.0 0.899757995411460157312345244418337958 0.899757995411460157312345244418337958 0.0101754354107563351938351825907447424
0.363117463826178158710752068708659213 0.899757995411460157312345244418337958 0.899757995411460157312345244418337958 0.0094882316503428338995222068421292359
0.677186279510737753445885427091342451 0.899757995411460157312345244418337958 0.899757995411460157312345244418337958 0.00751926247026209107193760134263627905
0.899757995411460157312345244418337958 0.899757995411460157312345244418337958 0.899757995411460157312345244418337958 0.00453270524165471696749195193454600234
1.0 0.899757995411460157312345244418337958 0.899757995411460157312345244418337958 0.000760797630503937415310552897562396813
-1.0 1.0 0.899757995411460157312345244418337958 0.000127697038241362287844397932121302705
-0.899757995411460157312345244418337958 1.0 0.899757995411460157312345244418337958 0.000760797630503937415310552897562396813
-0.677186279510737753445885427091342451 1.0 0.899757995411460157312345244418337958 0.00126208009687923071521850345263793163
-0.363117463826178158710752068708659213 1.0 0.899757995411460157312345244418337958 0.00159256421329043858727278322511652194
0.0 1.0 0.899757995411460157312345244418337958 0.00170790879554814671350417609785748859
0.363117463826178158710752068708659213 1.0 0.899757995411460157312345244418337958 0.00159256421329043858727278322511652194
0.677186279510737753445885427091342451 1.0 0.899757995411460157312345244418337958 0.00126208009687923071521850345263793163
0.899757995411460157312345244418337958 1.0 0.899757995411460157312345244418337958 0.000760797630503937415310552897562396813
1.0 1.0 0.899757995411460157312345244418337958 0.000127697038241362287844397932121302705
-1.0 -1.0 1.0 0.0000214334705075445816186556927297668038
-0.899757995411460157312345244418337958 -1.0 1.0 0.000127697038241362287844397932121302705
-0.677186279510737753445885427091342451 -1.0 1.0 0.000211835426311853190803013594582849326
-0.363117463826178158710752068708659213 -1.0 1.0 0.000267305949824881439132045935292992506
0.0 -1.0 1.0 0.000286666106771926877746983567089387195
0.363117463826178158710752068708659213 -1.0 1.0 0.000267305949824881439132045935292992506
0.677186279510737753445885427091342451 -1.0 1.0 0.000211835426311853190803013594582849326
0.899757995411460157312345244418337958 -1.0 1.0 0.000127697038241362287844397932121302705
1.0 -1.0 1.0 0.0000214334705075445816186556927297668038
-1.0 -0.899757995411460157312345244418337958 1.0 0.000127697038241362287844397932121302705
-0.899757995411460157312345244418337958 -0.899757995411460157312345244418337958 1.0 0.000760797630503937415310552897562396813
-0.677186279510737753445885427091342451 -0.899757995411460157312345244418337958 1.0 0.00126208009687923071521850345263793163
-0.363117463826178158710752068708659213 -0.899757995411460157312345244418337958 1.0 0.00159256421329043858727278322511652194
0.0 -0.899757995411460157312345244418337958 1.0 0.00170790879554814671350417609785748859
0.363117463826178158710752068708659213 -0.899757995411460157312345244418337958 1.0 0.00159256421329043858727278322511652194
0.677186279510737753445885427091342451 -0.899757995411460157312345244418337958 1.0 0.00126208009687923071521850345263793163
0.899757995411460157312345244418337958 -0.899757995411460157312345244418337958 1.0 0.000760797630503937415310552897562396813
1.0 -0.899757995411460157312345244418337958 1.0 0.000127697038241362287844397932121302705
-1.0 -0.677186279510737753445885427091342451 1.0 0.000211835426311853190803013594582849326
-0.899757995411460157312345244418337958 -0.677186279510737753445885427091342451 1.0 0.00126208009687923071521850345263793163
-0.677186279510737753445885427091342451 -0.677186279510737753445885427091342451 1.0 0.00209365290725684615115170887196930998
-0.363117463826178158710752068708659213 -0.677186279510737753445885427091342451 1.0 0.00264188992710800820842237583940660586
0.0 -0.677186279510737753445885427091342451 1.0 0.00283323397934155320662577529277175784
0.363117463826178158710752068708659213 -0.677186279510737753445885427091342451 1.0 0.00264188992710800820842237583940660586
0.677186279510737753445885427091342451 -0.677186279510737753445885427091342451 1.0 0.00209365290725684615115170887196930998
0.899757995411460157312345244418337958 -0.677186279510737753445885427091342451 1.0 0.00126208009687923071521850345263793163
1.0 -0.677186279510737753445885427091342451 1.0 0.000211835426311853190803013594582849326
-1.0 -0.363117463826178158710752068708659213 1.0 0.000267305949824881439132045935292992506
-0.899757995411460157312345244418337958 -0.363117463826178158710752068708659213 1.0 0.00159256421329043858727278322511652194
-0.677186279510737753445885427091342451 -0.363117463826178158710752068708659213 1.0 0.00264188992710800820842237583940660586
-0.363117463826178158710752068708659213 -0.363117463826178158710752068708659213 1.0 0.00333368647819450255403279944467430819
0.0 -0.363117463826178158710752068708659213 1.0 0.00357513525055580203978729845211460345
0.363117463826178158710752068708659213 -0.363117463826178158710752068708659213 1.0 0.00333368647819450255403279944467430819
0.677186279510737753445885427091342451 -0.363117463826178158710752068708659213 1.0 0.00264188992710800820842237583940660586
0.899757995411460157312345244418337958 -0.363117463826178158710752068708659213 1.0 0.00159256421329043858727278322511652194
1.0 -0.363117463826178158710752068708659213 1.0 0.000267305949824881439132045935292992506
-1.0 0.0 1.0 0.000286666106771926877746983567089387195
-0.899757995411460157312345244418337958 0.0 1.0 0.00170790879554814671350417609785748859
-0.677186279510737753445885427091342451 0.0 1.0 0.00283323397934155320662577529277175784
-0.363117463826178158710752068708659213 0.0 1.0 0.00357513525055580203978729845211460345
0.0 0.0 1.0 0.00383407142314387752245435001076940392
0.363117463826178158710752068708659213 0.0 1.0 0.00357513525055580203978729845211460345
0.677186279510737753445885427091342451 0.0 1.0 0.00283323397934155320662577529277175784
0.899757995411460157312345244418337958 0.0 1.0 0.00170790879554814671350417609785748859
1.0 0.0 1.0 0.000286666106771926877746983567089387195
-1.0 0.363117463826178158710752068708659213 1.0 0.000267305949824881439132045935292992506
-0.899757995411460157312345244418337958 0.363117463826178158710752068708659213 1.0 0.00159256421329043858727278322511652194
-0.677186279510737753445885427091342451 0.363117463826178158710752068708659213 1.0 0.00264188992710800820842237583940660586
-0.363117463826178158710752068708659213 0.363117463826178158710752068708659213 1.0 0.00333368647819450255403279944467430819
0.0 0.363117463826178158710752068708659213 1.0 0.00357513525055580203978729845211460345
0.363117463826178158710752068708659213 0.363117463826178158710752068708659213 1.0 0.00333368647819450255403279944467430819
0.677186279510737753445885427091342451 0.363117463826178158710752068708659213 1.0 0.00264188992710800820842237583940660586
0.899757995411460157312345244418337958 0.363117463826178158710752068708659213 1.0 0.00159256421329043858727278322511652194
1.0 0.363117463826178158710752068708659213 1.0 0.000267305949824881439132045935292992506
-1.0 0.677186279510737753445885427091342451 1.0 0.000211835426311853190803013594582849326
-0.899757995411460157312345244418337958 0.677186279510737753445885427091342451 1.0 0.00126208009687923071521850345263793163
-0.677186279510737753445885427091342451 0.677186279510737753445885427091342451 1.0 0.00209365290725684615115170887196930998
-0.363117463826178158710752068708659213 0.677186279510737753445885427091342451 1.0 0.00264188992710800820842237583940660586
0.0 0.677186279510737753445885427091342451 1.0 0.00283323397934155320662577529277175784
0.363117463826178158710752068708659213 0.677186279510737753445885427091342451 1.0 0.00264188992710800820842237583940660586
0.677186279510737753445885427091342451 0.677186279510737753445885427091342451 1.0 0.00209365290725684615115170887196930998
0.899757995411460157312345244418337958 0.677186279510737753445885427091342451 1.0 0.00126208009687923071521850345263793163
1.0 0.677186279510737753445885427091342451 1.0 0.000211835426311853190803013594582849326
-1.0 0.899757995411460157312345244418337958 1.0 0.000127697038241362287844397932121302705
-0.899757995411460157312345244418337958 0.899757995411460157312345244418337958 1.0 0.000760797630503937415310552897562396813
-0.677186279510737753445885427091342451 0.899757995411460157312345244418337958 1.0 0.00126208009687923071521850345263793163
-0.363117463826178158710752068708659213 0.899757995411460157312345244418337958 1.0 0.00159256421329043858727278322511652194
0.0 0.899757995411460157312345244418337958 1.0 0.00170790879554814671350417609785748859
0.363117463826178158710752068708659213 0.899757995411460157312345244418337958 1.0 0.00159256421329043858727278322511652194
0.677186279510737753445885427091342451 0.899757995411460157312345244418337958 1.0 0.00126208009687923071521850345263793163
0.899757995411460157312345244418337958 0.899757995411460157312345244418337958 1.0 0.000760797630503937415310552897562396813
1.0 0.899757995411460157312345244418337958 1.0 0.000127697038241362287844397932121302705
-1.0 1.0 1.0 0.0000214334705075445816186556927297668038
-0.899757995411460157312345244418337958 1.0 1.0 0.000127697038241362287844397932121302705
-0.677186279510737753445885427091342451 1.0 1.0 0.000211835426311853190803013594582849326
-0.363117463826178158710752068708659213 1.0 1.0 0.000267305949824881439132045935292992506
0.0 1.0 1.0 0.000286666106771926877746983567089387195
0.363117463826178158710752068708659213 1.0 1.0 0.000267305949824881439132045935292992506
0.677186279510737753445885427091342451 1.0 1.0 0.000211835426311853190803013594582849326
0.899757995411460157312345244418337958 1.0 1.0 0.000127697038241362287844397932121302705
1.0 1.0 1.0 0.0000214334705075445816186556927297668038
