-1.0 -1.0 -1.0 0.00462962962962962962962962962962962963
-0.447213595499957939281834733746255247 -1.0 -1.0 0.0231481481481481481481481481481481481
0.447213595499957939281834733746255247 -1.0 -1.0 0.0231481481481481481481481481481481481
1.0 -1.0 -1.0 0.00462962962962962962962962962962962963
-1.0 -0.447213595499957939281834733746255247 -1.0 0.0231481481481481481481481481481481481
-0.447213595499957939281834733746255247 -0.447213595499957939281834733746255247 -1.0 0.115740740740740740740740740740740741
0.447213595499957939281834733746255247 -0.447213595499957939281834733746255247 -1.0 0.115740740740740740740740740740740741
1.0 -0.447213595499957939281834733746255247 -1.0 0.0231481481481481481481481481481481481
-1.0 0.447213595499957939281834733746255247 -1.0 0.0231481481481481481481481481481481481
-0.447213595499957939281834733746255247 0.447213595499957939281834733746255247 -1.0 0.115740740740740740740740740740740741
0.447213595499957939281834733746255247 0.447213595499957939281834733746255247 -1.0 0.115740740740740740740740740740740741
1.0 0.447213595499957939281834733746255247 -1.0 0.0231481481481481481481481481481481481
-1.0 1.0 -1.0 0.00462962962962962962962962962962962963
-0.447213595499957939281834733746255247 1.0 -1.0 0.0231481481481481481481481481481481481
0.447213595499957939281834733746255247 1.0 -1.0 0.0231481481481481481481481481481481481
1.0 1.0 -1.0 0.00462962962962962962962962962962962963
-1.0 -1.0 -0.447213595499957939281834733746255247 0.0231481481481481481481481481481481481
-0.447213595499957939281834733746255247 -1.0 -0.447213595499957939281834733746255247 0.115740740740740740740740740740740741
0.447213595499957939281834733746255247 -1.0 -0.447213595499957939281834733746255247 0.115740740740740740740740740740740741
1.0 -1.0 -0.447213595499957939281834733746255247 0.0231481481481481481481481481481481481
-1.0 -0.447213595499957939281834733746255247 -0.447213595499957939281834733746255247 0.115740740740740740740740740740740741
-0.447213595499957939281834733746255247 -0.447213595499957939281834733746255247 -0.447213595499957939281834733746255247 0.578703703703703703703703703703703704
0.447213595499957939281834733746255247 -0.447213595499957939281834733746255247 -0.447213595499957939281834733746255247 0.578703703703703703703703703703703704
1.0 -0.447213595499957939281834733746255247 -0.447213595499957939281834733746255247 0.115740740740740740740740740740740741
-1.0 0.447213595499957939281834733746255247 -0.447213595499957939281834733746255247 0.115740740740740740740740740740740741
-0.447213595499957939281834733746255247 0.447213595499957939281834733746255247 -0.447213595499957939281834733746255247 0.578703703703703703703703703703703704
0.447213595499957939281834733746255247 0.447213595499957939281834733746255247 -0.447213595499957939281834733746255247 0.578703703703703703703703703703703704
1.0 0.447213595499957939281834733746255247 -0.447213595499957939281834733746255247 0.115740740740740740740740740740740741
-1.0 1.0 -0.447213595499957939281834733746255247 0.0231481481481481481481481481481481481
-0.447213595499957939281834733746255247 1.0 -0.447213595499957939281834733746255247 0.115740740740740740740740740740740741
0.447213595499957939281834733746255247 1.0 -0.447213595499957939281834733746255247 0.115740740740740740740740740740740741
1.0 1.0 -0.447213595499957939281834733746255247 0.0231481481481481481481481481481481481
-1.0 -1.0 0.447213595499957939281834733746255247 0.0231481481481481481481481481481481481
-0.447213595499957939281834733746255247 -1.0 0.447213595499957939281834733746255247 0.115740740740740740740740740740740741
0.447213595499957939281834733746255247 -1.0 0.447213595499957939281834733746255247 0.115740740740740740740740740740740741
1.0 -1.0 0.447213595499957939281834733746255247 0.0231481481481481481481481481481481481
-1.0 -0.447213595499957939281834733746255247 0.447213595499957939281834733746255247 0.115740740740740740740740740740740741
-0.447213595499957939281834733746255247 -0.447213595499957939281834733746255247 0.447213595499957939281834733746255247 0.578703703703703703703703703703703704
0.447213595499957939281834733746255247 -0.447213595499957939281834733746255247 0.447213595499957939281834733746255247 0.578703703703703703703703703703703704
1.0 -0.447213595499957939281834733746255247 0.447213595499957939281834733746255247 0.115740740740740740740740740740740741
-1.0 0.447213595499957939281834733746255247 0.447213595499957939281834733746255247 0.115740740740740740740740740740740741
-0.447213595499957939281834733746255247 0.447213595499957939281834733746255247 0.447213595499957939281834733746255247 0.578703703703703703703703703703703704
0.447213595499957939281834733746255247 0.447213595499957939281834733746255247 0.447213595499957939281834733746255247 0.578703703703703703703703703703703704
1.0 0.447213595499957939281834733746255247 0.447213595499957939281834733746255247 0.115740740740740740740740740740740741
-1.0 1.0 0.447213595499957939281834733746255247 0.0231481481481481481481481481481481481
-0.447213595499957939281834733746255247 1.0 0.447213595499957939281834733746255247 0.115740740740740740740740740740740741
0.447213595499957939281834733746255247 1.0 0.447213595499957939281834733746255247 0.115740740740740740740740740740740741
1.0 1.0 0.447213595499957939281834733746255247 0.0231481481481481481481481481481481481
-1.0 -1.0 1.0 0.00462962962962962962962962962962962963
-0.447213595499957939281834733746255247 -1.0 1.0 0.0231481481481481481481481481481481481
0.447213595499957939281834733746255247 -1.0 1.0 0.0231481481481481481481481481481481481
1.0 -1.0 1.0 0.00462962962962962962962962962962962963
-1.0 -0.447213595499957939281834733746255247 1.0 0.0231481481481481481481481481481481481
-0.447213595499957939281834733746255247 -0.447213595499957939281834733746255247 1.0 0.115740740740740740740740740740740741
0.447213595499957939281834733746255247 -0.447213595499957939281834733746255247 1.0 0.115740740740740740740740740740740741
1.0 -0.447213595499957939281834733746255247 1.0 0.0231481481481481481481481481481481481
-1.0 0.447213595499957939281834733746255247 1.0 0.0231481481481481481481481481481481481
-0.447213595499957939281834733746255247 0.447213595499957939281834733746255247 1.0 0.115740740740740740740740740740740741
0.447213595499957939281834733746255247 0.447213595499957939281834733746255247 1.0 0.115740740740740740740740740740740741
1.0 0.447213595499957939281834733746255247 1.0 0.0231481481481481481481481481481481481
-1.0 1.0 1.0 0.00462962962962962962962962962962962963
-0.447213595499957939281834733746255247 1.0 1.0 0.0231481481481481481481481481481481481
0.447213595499957939281834733746255247 1.0 1.0 0.0231481481481481481481481481481481481
1.0 1.0 1.0 0.00462962962962962962962962962962962963
