-0.906179845938663992797626878299392965 -0.906179845938663992797626878299392965 -0.906179845938663992797626878299392965 0.0132997364206326480923217308589238986
-0.538469310105683091036314420700208805 -0.906179845938663992797626878299392965 -0.906179845938663992797626878299392965 0.0268675087653718425241175422176386289
0.0 -0.906179845938663992797626878299392965 -0.906179845938663992797626878299392965 0.0319342073528482906764237698993789039
0.538469310105683091036314420700208805 -0.906179845938663992797626878299392965 -0.906179845938663992797626878299392965 0.0268675087653718425241175422176386289
0.906179845938663992797626878299392965 -0.906179845938663992797626878299392965 -0.906179845938663992797626878299392965 0.0132997364206326480923217308589238986
-0.906179845938663992797626878299392965 -0.538469310105683091036314420700208805 -0.906179845938663992797626878299392965 0.0268675087653718425241175422176386289
-0.538469310105683091036314420700208805 -0.538469310105683091036314420700208805 -0.906179845938663992797626878299392965 0.0542764912346281574758824577823613711
0.0 -0.538469310105683091036314420700208805 -0.906179845938663992797626878299392965 0.064512
0.538469310105683091036314420700208805 -0.538469310105683091036314420700208805 -0.906179845938663992797626878299392965 0.0542764912346281574758824577823613711
0.906179845938663992797626878299392965 -0.538469310105683091036314420700208805 -0.906179845938663992797626878299392965 0.0268675087653718425241175422176386289
-0.906179845938663992797626878299392965 0.0 -0.906179845938663992797626878299392965 0.0319342073528482906764237698993789039
-0.538469310105683091036314420700208805 0.0 -0.906179845938663992797626878299392965 0.064512
0.0 0.0 -0.906179845938663992797626878299392965 0.0766777300693452248856039909759037248
0.538469310105683091036314420700208805 0.0 -0.906179845938663992797626878299392965 0.064512
0.906179845938663992797626878299392965 0.0 -0.906179845938663992797626878299392965 0.0319342073528482906764237698993789039
-0.906179845938663992797626878299392965 0.538469310105683091036314420700208805 -0.906179845938663992797626878299392965 0.0268675087653718425241175422176386289
-0.538469310105683091036314420700208805 0.538469310105683091036314420700208805 -0.906179845938663992797626878299392965 0.0542764912346281574758824577823613711
0.0 0.538469310105683091036314420700208805 -0.906179845938663992797626878299392965 0.064512
0.538469310105683091036314420700208805 0.538469310105683091036314420700208805 -0.906179845938663992797626878299392965 0.0542764912346281574758824577823613711
0.906179845938663992797626878299392965 0.538469310105683091036314420700208805 -0.906179845938663992797626878299392965 0.0268675087653718425241175422176386289
-0.906179845938663992797626878299392965 0.906179845938663992797626878299392965 -0.906179845938663992797626878299392965 0.0132997364206326480923217308589238986
-0.538469310105683091036314420700208805 0.906179845938663992797626878299392965 -0.906179845938663992797626878299392965 0.0268675087653718425241175422176386289
0.0 0.906179845938663992797626878299392965 -0.906179845938663992797626878299392965 0.0319342073528482906764237698993789039
0.538469310105683091036314420700208805 0.906179845938663992797626878299392965 -0.906179845938663992797626878299392965 0.0268675087653718425241175422176386289
0.906179845938663992797626878299392965 0.906179845938663992797626878299392965 -0.906179845938663992797626878299392965 0.0132997364206326480923217308589238986
-0.906179845938663992797626878299392965 -0.906179845938663992797626878299392965 -0.538469310105683091036314420700208805 0.0268675087653718425241175422176386289
-0.538469310105683091036314420700208805 -0.906179845938663992797626878299392965 -0.538469310105683091036314420700208805 0.0542764912346281574758824577823613711
0.0 -0.906179845938663992797626878299392965 -0.538469310105683091036314420700208805 0.064512
0.538469310105683091036314420700208805 -0.906179845938663992797626878299392965 -0.538469310105683091036314420700208805 0.0542764912346281574758824577823613711
0.906179845938663992797626878299392965 -0.906179845938663992797626878299392965 -0.538469310105683091036314420700208805 0.0268675087653718425241175422176386289
-0.906179845938663992797626878299392965 -0.538469310105683091036314420700208805 -0.538469310105683091036314420700208805 0.0542764912346281574758824577823613711
-0.538469310105683091036314420700208805 -0.538469310105683091036314420700208805 -0.538469310105683091036314420700208805 0.109646842454538819671738625794025347
0.0 -0.538469310105683091036314420700208805 -0.538469310105683091036314420700208805 0.130324141069648279968295022967562111
0.538469310105683091036314420700208805 -0.538469310105683091036314420700208805 -0.538469310105683091036314420700208805 0.109646842454538819671738625794025347
0.906179845938663992797626878299392965 -0.538469310105683091036314420700208805 -0.538469310105683091036314420700208805 0.0542764912346281574758824577823613711
-0.906179845938663992797626878299392965 0.0 -0.538469310105683091036314420700208805 0.064512
-0.538469310105683091036314420700208805 0.0 -0.538469310105683091036314420700208805 0.130324141069648279968295022967562111
0.0 0.0 -0.538469310105683091036314420700208805 0.154900782962204843701501633166757455
0.538469310105683091036314420700208805 0.0 -0.538469310105683091036314420700208805 0.130324141069648279968295022967562111
0.906179845938663992797626878299392965 0.0 -0.538469310105683091036314420700208805 0.064512
-0.906179845938663992797626878299392965 0.538469310105683091036314420700208805 -0.538469310105683091036314420700208805 0.0542764912346281574758824577823613711
-0.538469310105683091036314420700208805 0.538469310105683091036314420700208805 -0.538469310105683091036314420700208805 0.109646842454538819671738625794025347
0.0 0.538469310105683091036314420700208805 -0.538469310105683091036314420700208805 0.130324141069648279968295022967562111
0.538469310105683091036314420700208805 0.538469310105683091036314420700208805 -0.538469310105683091036314420700208805 0.109646842454538819671738625794025347
0.906179845938663992797626878299392965 0.538469310105683091036314420700208805 -0.538469310105683091036314420700208805 0.0542764912346281574758824577823613711
-0.906179845938663992797626878299392965 0.906179845938663992797626878299392965 -0.538469310105683091036314420700208805 0.0268675087653718425241175422176386289
-0.538469310105683091036314420700208805 0.906179845938663992797626878299392965 -0.538469310105683091036314420700208805 0.0542764912346281574758824577823613711
0.0 0.906179845938663992797626878299392965 -0.538469310105683091036314420700208805 0.064512
0.538469310105683091036314420700208805 0.906179845938663992797626878299392965 -0.538469310105683091036314420700208805 0.0542764912346281574758824577823613711
0.906179845938663992797626878299392965 0.906179845938663992797626878299392965 -0.538469310105683091036314420700208805 0.0268675087653718425241175422176386289
-0.906179845938663992797626878299392965 -0.906179845938663992797626878299392965 0.0 0.0319342073528482906764237698993789039
-0.538469310105683091036314420700208805 -0.906179845938663992797626878299392965 0.0 0.064512
0.0 -0.906179845938663992797626878299392965 0.0 0.0766777300693452248856039909759037248
0.538469310105683091036314420700208805 -0.906179845938663992797626878299392965 0.0 0.064512
0.906179845938663992797626878299392965 -0.906179845938663992797626878299392965 0.0 0.0319342073528482906764237698993789039
-0.906179845938663992797626878299392965 -0.538469310105683091036314420700208805 0.0 0.064512
-0.538469310105683091036314420700208805 -0.538469310105683091036314420700208805 0.0 0.130324141069648279968295022967562111
0.0 -0.538469310105683091036314420700208805 0.0 0.154900782962204843701501633166757455
0.538469310105683091036314420700208805 -0.538469310105683091036314420700208805 0.0 0.130324141069648279968295022967562111
0.906179845938663992797626878299392965 -0.538469310105683091036314420700208805 0.0 0.064512
-0.906179845938663992797626878299392965 0.0 0.0 0.0766777300693452248856039909759037248
-0.538469310105683091036314420700208805 0.0 0.0 0.154900782962204843701501633166757455
0.0 0.0 0.0 0.184112109739368998628257887517146776
0.538469310105683091036314420700208805 0.0 0.0 0.154900782962204843701501633166757455
0.906179845938663992797626878299392965 0.0 0.0 0.0766777300693452248856039909759037248
-0.906179845938663992797626878299392965 0.538469310105683091036314420700208805 0.0 0.064512
-0.538469310105683091036314420700208805 0.538469310105683091036314420700208805 0.0 0.130324141069648279968295022967562111
0.0 0.538469310105683091036314420700208805 0.0 0.154900782962204843701501633166757455
0.538469310105683091036314420700208805 0.538469310105683091036314420700208805 0.0 0.130324141069648279968295022967562111
0.906179845938663992797626878299392965 0.538469310105683091036314420700208805 0.0 0.064512
-0.906179845938663992797626878299392965 0.906179845938663992797626878299392965 0.0 0.0319342073528482906764237698993789039
-0.538469310105683091036314420700208805 0.906179845938663992797626878299392965 0.0 0.064512
0.0 0.906179845938663992797626878299392965 0.0 0.0766777300693452248856039909759037248
0.538469310105683091036314420700208805 0.906179845938663992797626878299392965 0.0 0.064512
0.906179845938663992797626878299392965 0.906179845938663992797626878299392965 0.0 0.0319342073528482906764237698993789039
-0.906179845938663992797626878299392965 -0.906179845938663992797626878299392965 0.538469310105683091036314420700208805 0.0268675087653718425241175422176386289
-0.538469310105683091036314420700208805 -0.906179845938663992797626878299392965 0.538469310105683091036314420700208805 0.0542764912346281574758824577823613711
0.0 -0.906179845938663992797626878299392965 0.538469310105683091036314420700208805 0.064512
0.538469310105683091036314420700208805 -0.906179845938663992797626878299392965 0.538469310105683091036314420700208805 0.0542764912346281574758824577823613711
0.906179845938663992797626878299392965 -0.906179845938663992797626878299392965 0.538469310105683091036314420700208805 0.0268675087653718425241175422176386289
-0.906179845938663992797626878299392965 -0.538469310105683091036314420700208805 0.538469310105683091036314420700208805 0.0542764912346281574758824577823613711
-0.538469310105683091036314420700208805 -0.538469310105683091036314420700208805 0.538469310105683091036314420700208805 0.109646842454538819671738625794025347
0.0 -0.538469310105683091036314420700208805 0.538469310105683091036314420700208805 0.130324141069648279968295022967562111
0.538469310105683091036314420700208805 -0.538469310105683091036314420700208805 0.538469310105683091036314420700208805 0.109646842454538819671738625794025347
0.906179845938663992797626878299392965 -0.538469310105683091036314420700208805 0.538469310105683091036314420700208805 0.0542764912346281574758824577823613711
-0.906179845938663992797626878299392965 0.0 0.538469310105683091036314420700208805 0.064512
-0.538469310105683091036314420700208805 0.0 0.538469310105683091036314420700208805 0.130324141069648279968295022967562111
0.0 0.0 0.538469310105683091036314420700208805 0.154900782962204843701501633166757455
0.538469310105683091036314420700208805 0.0 0.538469310105683091036314420700208805 0.130324141069648279968295022967562111
0.906179845938663992797626878299392965 0.0 0.538469310105683091036314420700208805 0.064512
-0.906179845938663992797626878299392965 0.538469310105683091036314420700208805 0.538469310105683091036314420700208805 0.0542764912346281574758824577823613711
-0.538469310105683091036314420700208805 0.538469310105683091036314420700208805 0.538469310105683091036314420700208805 0.109646842454538819671738625794025347
0.0 0.538469310105683091036314420700208805 0.538469310105683091036314420700208805 0.130324141069648279968295022967562111
0.538469310105683091036314420700208805 0.538469310105683091036314420700208805 0.538469310105683091036314420700208805 0.109646842454538819671738625794025347
0.906179845938663992797626878299392965 0.538469310105683091036314420700208805 0.538469310105683091036314420700208805 0.0542764912346281574758824577823613711
-0.906179845938663992797626878299392965 0.906179845938663992797626878299392965 0.538469310105683091036314420700208805 0.0268675087653718425241175422176386289
-0.538469310105683091036314420700208805 0.906179845938663992797626878299392965 0.538469310105683091036314420700208805 0.0542764912346281574758824577823613711
0.0 0.906179845938663992797626878299392965 0.538469310105683091036314420700208805 0.064512
0.538469310105683091036314420700208805 0.906179845938663992797626878299392965 0.538469310105683091036314420700208805 0.0542764912346281574758824577823613711
0.906179845938663992797626878299392965 0.906179845938663992797626878299392965 0.538469310105683091036314420700208805 0.0268675087653718425241175422176386289
-0.906179845938663992797626878299392965 -0.906179845938663992797626878299392965 0.906179845938663992797626878299392965 0.0132997364206326480923217308589238986
-0.538469310105683091036314420700208805 -0.906179845938663992797626878299392965 0.906179845938663992797626878299392965 0.0268675087653718425241175422176386289
0.0 -0.906179845938663992797626878299392965 0.906179845938663992797626878299392965 0.0319342073528482906764237698993789039
0.538469310105683091036314420700208805 -0.906179845938663992797626878299392965 0.906179845938663992797626878299392965 0.0268675087653718425241175422176386289
0.906179845938663992797626878299392965 -0.906179845938663992797626878299392965 0.906179845938663992797626878299392965 0.0132997364206326480923217308589238986
-0.906179845938663992797626878299392965 -0.538469310105683091036314420700208805 0.906179845938663992797626878299392965 0.0268675087653718425241175422176386289
-0.538469310105683091036314420700208805 -0.538469310105683091036314420700208805 0.906179845938663992797626878299392965 0.0542764912346281574758824577823613711
0.0 -0.538469310105683091036314420700208805 0.906179845938663992797626878299392965 0.064512
0.538469310105683091036314420700208805 -0.538469310105683091036314420700208805 0.906179845938663992797626878299392965 0.0542764912346281574758824577823613711
0.906179845938663992797626878299392965 -0.538469310105683091036314420700208805 0.906179845938663992797626878299392965 0.0268675087653718425241175422176386289
-0.906179845938663992797626878299392965 0.0 0.906179845938663992797626878299392965 0.0319342073528482906764237698993789039
-0.538469310105683091036314420700208805 0.0 0.906179845938663992797626878299392965 0.064512
0.0 0.0 0.906179845938663992797626878299392965 0.0766777300693452248856039909759037248
0.538469310105683091036314420700208805 0.0 0.906179845938663992797626878299392965 0.064512
0.906179845938663992797626878299392965 0.0 0.906179845938663992797626878299392965 0.0319342073528482906764237698993789039
-0.906179845938663992797626878299392965 0.538469310105683091036314420700208805 0.906179845938663992797626878299392965 0.0268675087653718425241175422176386289
-0.538469310105683091036314420700208805 0.538469310105683091036314420700208805 0.906179845938663992797626878299392965 0.0542764912346281574758824577823613711
0.0 0.538469310105683091036314420700208805 0.906179845938663992797626878299392965 0.064512
0.538469310105683091036314420700208805 0.538469310105683091036314420700208805 0.906179845938663992797626878299392965 0.0542764912346281574758824577823613711
0.906179845938663992797626878299392965 0.538469310105683091036314420700208805 0.906179845938663992797626878299392965 0.0268675087653718425241175422176386289
-0.906179845938663992797626878299392965 0.906179845938663992797626878299392965 0.906179845938663992797626878299392965 0.0132997364206326480923217308589238986
-0.538469310105683091036314420700208805 0.906179845938663992797626878299392965 0.906179845938663992797626878299392965 0.0268675087653718425241175422176386289
0.0 0.906179845938663992797626878299392965 0.906179845938663992797626878299392965 0.0319342073528482906764237698993789039
0.538469310105683091036314420700208805 0.906179845938663992797626878299392965 0.906179845938663992797626878299392965 0.0268675087653718425241175422176386289
0.906179845938663992797626878299392965 0.906179845938663992797626878299392965 0.906179845938663992797626878299392965 0.0132997364206326480923217308589238986
