-1.0 -1.0 -1.0 0.037037037037037037037037037037037037
0.0 -1.0 -1.0 0.148148148148148148148148148148148148
1.0 -1.0 -1.0 0.037037037037037037037037037037037037
-1.0 0.0 -1.0 0.148148148148148148148148148148148148
0.0 0.0 -1.0 0.592592592592592592592592592592592593
1.0 0.0 -1.0 0.148148148148148148148148148148148148
-1.0 1.0 -1.0 0.037037037037037037037037037037037037
0.0 1.0 -1.0 0.148148148148148148148148148148148148
1.0 1.0 -1.0 0.037037037037037037037037037037037037
-1.0 -1.0 0.0 0.148148148148148148148148148148148148
0.0 -1.0 0.0 0.592592592592592592592592592592592593
1.0 -1.0 0.0 0.148148148148148148148148148148148148
-1.0 0.0 0.0 0.592592592592592592592592592592592593
0.0 0.0 0.0 2.37037037037037037037037037037037037
1.0 0.0 0.0 0.592592592592592592592592592592592593
-1.0 1.0 0.0 0.148148148148148148148148148148148148
0.0 1.0 0.0 0.592592592592592592592592592592592593
1.0 1.0 0.0 0.148148148148148148148148148148148148
-1.0 -1.0 1.0 0.037037037037037037037037037037037037
0.0 -1.0 1.0 0.148148148148148148148148148148148148
1.0 -1.0 1.0 0.037037037037037037037037037037037037
-1.0 0.0 1.0 0.148148148148148148148148148148148148
0.0 0.0 1.0 0.592592592592592592592592592592592593
1.0 0.0 1.0 0.148148148148148148148148148148148148
-1.0 1.0 1.0 0.037037037037037037037037037037037037
0.0 1.0 1.0 0.148148148148148148148148148148148148
1.0 1.0 1.0 0.037037037037037037037037037037037037
