-0.861136311594052575223946488892809505 -0.861136311594052575223946488892809505 -0.861136311594052575223946488892809505 0.0420914774905314545430633311114532454
-0.339981043584856264802665759103244687 -0.861136311594052575223946488892809505 -0.861136311594052575223946488892809505 0.07891151579507055097814876625869431
0.339981043584856264802665759103244687 -0.861136311594052575223946488892809505 -0.861136311594052575223946488892809505 0.07891151579507055097814876625869431
0.861136311594052575223946488892809505 -0.861136311594052575223946488892809505 -0.861136311594052575223946488892809505 0.0420914774905314545430633311114532454
-0.861136311594052575223946488892809505 -0.339981043584856264802665759103244687 -0.861136311594052575223946488892809505 0.07891151579507055097814876625869431
-0.339981043584856264802665759103244687 -0.339981043584856264802665759103244687 -0.861136311594052575223946488892809505 0.147940336056781300873703085593157542
0.339981043584856264802665759103244687 -0.339981043584856264802665759103244687 -0.861136311594052575223946488892809505 0.147940336056781300873703085593157542
0.861136311594052575223946488892809505 -0.339981043584856264802665759103244687 -0.861136311594052575223946488892809505 0.07891151579507055097814876625869431
-0.861136311594052575223946488892809505 0.339981043584856264802665759103244687 -0.861136311594052575223946488892809505 0.07891151579507055097814876625869431
-0.339981043584856264802665759103244687 0.339981043584856264802665759103244687 -0.861136311594052575223946488892809505 0.147940336056781300873703085593157542
0.339981043584856264802665759103244687 0.339981043584856264802665759103244687 -0.861136311594052575223946488892809505 0.147940336056781300873703085593157542
0.861136311594052575223946488892809505 0.339981043584856264802665759103244687 -0.861136311594052575223946488892809505 0.07891151579507055097814876625869431
-0.861136311594052575223946488892809505 0.861136311594052575223946488892809505 -0.861136311594052575223946488892809505 0.0420914774905314545430633311114532454
-0.339981043584856264802665759103244687 0.861136311594052575223946488892809505 -0.861136311594052575223946488892809505 0.07891151579507055097814876625869431
0.339981043584856264802665759103244687 0.861136311594052575223946488892809505 -0.861136311594052575223946488892809505 0.07891151579507055097814876625869431
0.861136311594052575223946488892809505 0.861136311594052575223946488892809505 -0.861136311594052575223946488892809505 0.0420914774905314545430633311114532454
-0.861136311594052575223946488892809505 -0.861136311594052575223946488892809505 -0.339981043584856264802665759103244687 0.07891151579507055097814876625869431
-0.339981043584856264802665759103244687 -0.861136311594052575223946488892809505 -0.339981043584856264802665759103244687 0.147940336056781300873703085593157542
0.339981043584856264802665759103244687 -0.861136311594052575223946488892809505 -0.339981043584856264802665759103244687 0.147940336056781300873703085593157542
0.861136311594052575223946488892809505 -0.861136311594052575223946488892809505 -0.339981043584856264802665759103244687 0.07891151579507055097814876625869431
-0.861136311594052575223946488892809505 -0.339981043584856264802665759103244687 -0.339981043584856264802665759103244687 0.147940336056781300873703085593157542
-0.339981043584856264802665759103244687 -0.339981043584856264802665759103244687 -0.339981043584856264802665759103244687 0.277352966953912989901381113332991199
0.339981043584856264802665759103244687 -0.339981043584856264802665759103244687 -0.339981043584856264802665759103244687 0.277352966953912989901381113332991199
0.861136311594052575223946488892809505 -0.339981043584856264802665759103244687 -0.339981043584856264802665759103244687 0.147940336056781300873703085593157542
-0.861136311594052575223946488892809505 0.339981043584856264802665759103244687 -0.339981043584856264802665759103244687 0.147940336056781300873703085593157542
-0.339981043584856264802665759103244687 0.339981043584856264802665759103244687 -0.339981043584856264802665759103244687 0.277352966953912989901381113332991199
0.339981043584856264802665759103244687 0.339981043584856264802665759103244687 -0.339981043584856264802665759103244687 0.277352966953912989901381113332991199
0.861136311594052575223946488892809505 0.339981043584856264802665759103244687 -0.339981043584856264802665759103244687 0.147940336056781300873703085593157542
-0.861136311594052575223946488892809505 0.861136311594052575223946488892809505 -0.339981043584856264802665759103244687 0.07891151579507055097814876625869431
-0.339981043584856264802665759103244687 0.861136311594052575223946488892809505 -0.339981043584856264802665759103244687 0.147940336056781300873703085593157542
0.339981043584856264802665759103244687 0.861136311594052575223946488892809505 -0.339981043584856264802665759103244687 0.147940336056781300873703085593157542
0.861136311594052575223946488892809505 0.861136311594052575223946488892809505 -0.339981043584856264802665759103244687 0.07891151579507055097814876625869431
-0.861136311594052575223946488892809505 -0.861136311594052575223946488892809505 0.339981043584856264802665759103244687 0.07891151579507055097814876625869431
-0.339981043584856264802665759103244687 -0.861136311594052575223946488892809505 0.339981043584856264802665759103244687 0.147940336056781300873703085593157542
0.339981043584856264802665759103244687 -0.861136311594052575223946488892809505 0.339981043584856264802665759103244687 0.147940336056781300873703085593157542
0.861136311594052575223946488892809505 -0.861136311594052575223946488892809505 0.339981043584856264802665759103244687 0.07891151579507055097814876625869431
-0.861136311594052575223946488892809505 -0.339981043584856264802665759103244687 0.339981043584856264802665759103244687 0.147940336056781300873703085593157542
-0.339981043584856264802665759103244687 -0.339981043584856264802665759103244687 0.339981043584856264802665759103244687 0.277352966953912989901381113332991199
0.339981043584856264802665759103244687 -0.339981043584856264802665759103244687 0.339981043584856264802665759103244687 0.277352966953912989901381113332991199
0.861136311594052575223946488892809505 -0.339981043584856264802665759103244687 0.339981043584856264802665759103244687 0.147940336056781300873703085593157542
-0.861136311594052575223946488892809505 0.339981043584856264802665759103244687 0.339981043584856264802665759103244687 0.147940336056781300873703085593157542
-0.339981043584856264802665759103244687 0.339981043584856264802665759103244687 0.339981043584856264802665759103244687 0.277352966953912989901381113332991199
0.339981043584856264802665759103244687 0.339981043584856264802665759103244687 0.339981043584856264802665759103244687 0.277352966953912989901381113332991199
0.861136311594052575223946488892809505 0.339981043584856264802665759103244687 0.339981043584856264802665759103244687 0.147940336056781300873703085593157542
-0.861136311594052575223946488892809505 0.861136311594052575223946488892809505 0.339981043584856264802665759103244687 0.07891151579507055097814876625869431
-0.339981043584856264802665759103244687 0.861136311594052575223946488892809505 0.339981043584856264802665759103244687 0.147940336056781300873703085593157542
0.339981043584856264802665759103244687 0.861136311594052575223946488892809505 0.339981043584856264802665759103244687 0.147940336056781300873703085593157542
0.861136311594052575223946488892809505 0.861136311594052575223946488892809505 0.339981043584856264802665759103244687 0.07891151579507055097814876625869431
-0.861136311594052575223946488892809505 -0.861136311594052575223946488892809505 0.861136311594052575223946488892809505 0.0420914774905314545430633311114532454
-0.339981043584856264802665759103244687 -0.861136311594052575223946488892809505 0.861136311594052575223946488892809505 0.07891151579507055097814876625869431
0.339981043584856264802665759103244687 -0.861136311594052575223946488892809505 0.861136311594052575223946488892809505 0.07891151579507055097814876625869431
0.861136311594052575223946488892809505 -0.861136311594052575223946488892809505 0.861136311594052575223946488892809505 0.0420914774905314545430633311114532454
-0.861136311594052575223946488892809505 -0.339981043584856264802665759103244687 0.861136311594052575223946488892809505 0.07891151579507055097814876625869431
-0.339981043584856264802665759103244687 -0.339981043584856264802665759103244687 0.861136311594052575223946488892809505 0.147940336056781300873703085593157542
0.339981043584856264802665759103244687 -0.339981043584856264802665759103244687 0.861136311594052575223946488892809505 0.147940336056781300873703085593157542
0.861136311594052575223946488892809505 -0.339981043584856264802665759103244687 0.861136311594052575223946488892809505 0.07891151579507055097814876625869431
-0.861136311594052575223946488892809505 0.339981043584856264802665759103244687 0.861136311594052575223946488892809505 0.07891151579507055097814876625869431
-0.339981043584856264802665759103244687 0.339981043584856264802665759103244687 0.861136311594052575223946488892809505 0.147940336056781300873703085593157542
0.339981043584856264802665759103244687 0.339981043584856264802665759103244687 0.861136311594052575223946488892809505 0.147940336056781300873703085593157542
0.861136311594052575223946488892809505 0.339981043584856264802665759103244687 0.861136311594052575223946488892809505 0.07891151579507055097814876625869431
-0.861136311594052575223946488892809505 0.861136311594052575223946488892809505 0.861136311594052575223946488892809505 0.0420914774905314545430633311114532454
-0.339981043584856264802665759103244687 0.861136311594052575223946488892809505 0.861136311594052575223946488892809505 0.07891151579507055097814876625869431
0.339981043584856264802665759103244687 0.861136311594052575223946488892809505 0.861136311594052575223946488892809505 0.07891151579507055097814876625869431
0.861136311594052575223946488892809505 0.861136311594052575223946488892809505 0.861136311594052575223946488892809505 0.0420914774905314545430633311114532454
