-0.774596669241483377035853079956479922 -0.774596669241483377035853079956479922 -0.774596669241483377035853079956479922 0.171467764060356652949245541838134431
0.0 -0.774596669241483377035853079956479922 -0.774596669241483377035853079956479922 0.274348422496570644718792866941015089
0.774596669241483377035853079956479922 -0.774596669241483377035853079956479922 -0.774596669241483377035853079956479922 0.171467764060356652949245541838134431
-0.774596669241483377035853079956479922 0.0 -0.774596669241483377035853079956479922 0.274348422496570644718792866941015089
0.0 0.0 -0.774596669241483377035853079956479922 0.438957475994513031550068587105624143
0.774596669241483377035853079956479922 0.0 -0.774596669241483377035853079956479922 0.274348422496570644718792866941015089
-0.774596669241483377035853079956479922 0.774596669241483377035853079956479922 -0.774596669241483377035853079956479922 0.171467764060356652949245541838134431
0.0 0.774596669241483377035853079956479922 -0.774596669241483377035853079956479922 0.274348422496570644718792866941015089
0.774596669241483377035853079956479922 0.774596669241483377035853079956479922 -0.774596669241483377035853079956479922 0.171467764060356652949245541838134431
-0.774596669241483377035853079956479922 -0.774596669241483377035853079956479922 0.0 0.274348422496570644718792866941015089
0.0 -0.774596669241483377035853079956479922 0.0 0.438957475994513031550068587105624143
0.774596669241483377035853079956479922 -0.774596669241483377035853079956479922 0.0 0.274348422496570644718792866941015089
-0.774596669241483377035853079956479922 0.0 0.0 0.438957475994513031550068587105624143
0.0 0.0 0.0 0.702331961591220850480109739368998628
0.774596669241483377035853079956479922 0.0 0.0 0.438957475994513031550068587105624143
-0.774596669241483377035853079956479922 0.774596669241483377035853079956479922 0.0 0.274348422496570644718792866941015089
0.0 0.774596669241483377035853079956479922 0.0 0.438957475994513031550068587105624143
0.774596669241483377035853079956479922 0.774596669241483377035853079956479922 0.0 0.274348422496570644718792866941015089
-0.774596669241483377035853079956479922 -0.774596669241483377035853079956479922 0.774596669241483377035853079956479922 0.171467764060356652949245541838134431
0.0 -0.774596669241483377035853079956479922 0.774596669241483377035853079956479922 0.274348422496570644718792866941015089
0.774596669241483377035853079956479922 -0.774596669241483377035853079956479922 0.774596669241483377035853079956479922 0.171467764060356652949245541838134431
-0.774596669241483377035853079956479922 0.0 0.774596669241483377035853079956479922 0.274348422496570644718792866941015089
0.0 0.0 0.774596669241483377035853079956479922 0.438957475994513031550068587105624143
0.774596669241483377035853079956479922 0.0 0.774596669241483377035853079956479922 0.274348422496570644718792866941015089
-0.774596669241483377035853079956479922 0.774596669241483377035853079956479922 0.774596669241483377035853079956479922 0.171467764060356652949245541838134431
0.0 0.774596669241483377035853079956479922 0.774596669241483377035853079956479922 0.274348422496570644718792866941015089
0.774596669241483377035853079956479922 0.774596669241483377035853079956479922 0.774596669241483377035853079956479922 0.171467764060356652949245541838134431
