-1.0 -1.0 -1.0 0.000296296296296296296296296296296296296
-0.76505532392946469285100297395933815 -1.0 -1.0 0.00168211091687931991251827914760899846
-0.285231516480645096314150994040879072 -1.0 -1.0 0.00246603723126882823562986900053914969
0.285231516480645096314150994040879072 -1.0 -1.0 0.00246603723126882823562986900053914969
0.76505532392946469285100297395933815 -1.0 -1.0 0.00168211091687931991251827914760899846
1.0 -1.0 -1.0 0.000296296296296296296296296296296296296
-1.0 -0.76505532392946469285100297395933815 -1.0 0.00168211091687931991251827914760899846
-0.76505532392946469285100297395933815 -0.76505532392946469285100297395933815 -1.0 0.00954955283631047877525590806652597838
-0.285231516480645096314150994040879072 -0.76505532392946469285100297395933815 -1.0 0.014
0.285231516480645096314150994040879072 -0.76505532392946469285100297395933815 -1.0 0.014
0.76505532392946469285100297395933815 -0.76505532392946469285100297395933815 -1.0 0.00954955283631047877525590806652597838
1.0 -0.76505532392946469285100297395933815 -1.0 0.00168211091687931991251827914760899846
-1.0 -0.285231516480645096314150994040879072 -1.0 0.00246603723126882823562986900053914969
-0.76505532392946469285100297395933815 -0.285231516480645096314150994040879072 -1.0 0.014
-0.285231516480645096314150994040879072 -0.285231516480645096314150994040879072 -1.0 0.0205245212377635952988181660075480957
0.285231516480645096314150994040879072 -0.285231516480645096314150994040879072 -1.0 0.0205245212377635952988181660075480957
0.76505532392946469285100297395933815 -0.285231516480645096314150994040879072 -1.0 0.014
1.0 -0.285231516480645096314150994040879072 -1.0 0.00246603723126882823562986900053914969
-1.0 0.285231516480645096314150994040879072 -1.0 0.00246603723126882823562986900053914969
-0.76505532392946469285100297395933815 0.285231516480645096314150994040879072 -1.0 0.014
-0.285231516480645096314150994040879072 0.285231516480645096314150994040879072 -1.0 0.0205245212377635952988181660075480957
0.285231516480645096314150994040879072 0.285231516480645096314150994040879072 -1.0 0.0205245212377635952988181660075480957
0.76505532392946469285100297395933815 0.285231516480645096314150994040879072 -1.0 0.014
1.0 0.285231516480645096314150994040879072 -1.0 0.00246603723126882823562986900053914969
-1.0 0.76505532392946469285100297395933815 -1.0 0.00168211091687931991251827914760899846
-0.76505532392946469285100297395933815 0.76505532392946469285100297395933815 -1.0 0.00954955283631047877525590806652597838
-0.285231516480645096314150994040879072 0.76505532392946469285100297395933815 -1.0 0.014
0.285231516480645096314150994040879072 0.76505532392946469285100297395933815 -1.0 0.014
0.76505532392946469285100297395933815 0.76505532392946469285100297395933815 -1.0 0.00954955283631047877525590806652597838
1.0 0.76505532392946469285100297395933815 -1.0 0.00168211091687931991251827914760899846
-1.0 1.0 -1.0 0.000296296296296296296296296296296296296
-0.76505532392946469285100297395933815 1.0 -1.0 0.00168211091687931991251827914760899846
-0.285231516480645096314150994040879072 1.0 -1.0 0.00246603723126882823562986900053914969
0.285231516480645096314150994040879072 1.0 -1.0 0.00246603723126882823562986900053914969
0.76505532392946469285100297395933815 1.0 -1.0 0.00168211091687931991251827914760899846
1.0 1.0 -1.0 0.000296296296296296296296296296296296296
-1.0 -1.0 -0.76505532392946469285100297395933815 0.00168211091687931991251827914760899846
-0.76505532392946469285100297395933815 -1.0 -0.76505532392946469285100297395933815 0.00954955283631047877525590806652597838
-0.285231516480645096314150994040879072 -1.0 -0.76505532392946469285100297395933815 0.014
0.285231516480645096314150994040879072 -1.0 -0.76505532392946469285100297395933815 0.014
0.76505532392946469285100297395933815 -1.0 -0.76505532392946469285100297395933815 0.00954955283631047877525590806652597838
1.0 -1.0 -0.76505532392946469285100297395933815 0.00168211091687931991251827914760899846
-1.0 -0.76505532392946469285100297395933815 -0.76505532392946469285100297395933815 0.00954955283631047877525590806652597838
-0.76505532392946469285100297395933815 -0.76505532392946469285100297395933815 -0.76505532392946469285100297395933815 0.0542139988857988369870940232068385202
-0.285231516480645096314150994040879072 -0.76505532392946469285100297395933815 -0.76505532392946469285100297395933815 0.079479740822547865866488689724525177
0.285231516480645096314150994040879072 -0.76505532392946469285100297395933815 -0.76505532392946469285100297395933815 0.079479740822547865866488689724525177
0.76505532392946469285100297395933815 -0.76505532392946469285100297395933815 -0.76505532392946469285100297395933815 0.0542139988857988369870940232068385202
1.0 -0.76505532392946469285100297395933815 -0.76505532392946469285100297395933815 0.00954955283631047877525590806652597838
-1.0 -0.285231516480645096314150994040879072 -0.76505532392946469285100297395933815 0.014
-0.76505532392946469285100297395933815 -0.285231516480645096314150994040879072 -0.76505532392946469285100297395933815 0.079479740822547865866488689724525177
-0.285231516480645096314150994040879072 -0.285231516480645096314150994040879072 -0.76505532392946469285100297395933815 0.116520259177452134133511310275474823
0.285231516480645096314150994040879072 -0.285231516480645096314150994040879072 -0.76505532392946469285100297395933815 0.116520259177452134133511310275474823
0.76505532392946469285100297395933815 -0.285231516480645096314150994040879072 -0.76505532392946469285100297395933815 0.079479740822547865866488689724525177
1.0 -0.285231516480645096314150994040879072 -0.76505532392946469285100297395933815 0.014
-1.0 0.285231516480645096314150994040879072 -0.76505532392946469285100297395933815 0.014
-0.76505532392946469285100297395933815 0.285231516480645096314150994040879072 -0.76505532392946469285100297395933815 0.079479740822547865866488689724525177
-0.285231516480645096314150994040879072 0.285231516480645096314150994040879072 -0.76505532392946469285100297395933815 0.116520259177452134133511310275474823
0.285231516480645096314150994040879072 0.285231516480645096314150994040879072 -0.76505532392946469285100297395933815 0.116520259177452134133511310275474823
0.76505532392946469285100297395933815 0.285231516480645096314150994040879072 -0.76505532392946469285100297395933815 0.079479740822547865866488689724525177
1.0 0.285231516480645096314150994040879072 -0.76505532392946469285100297395933815 0.014
-1.0 0.76505532392946469285100297395933815 -0.76505532392946469285100297395933815 0.00954955283631047877525590806652597838
-0.76505532392946469285100297395933815 0.76505532392946469285100297395933815 -0.76505532392946469285100297395933815 0.0542139988857988369870940232068385202
-0.285231516480645096314150994040879072 0.76505532392946469285100297395933815 -0.76505532392946469285100297395933815 0.079479740822547865866488689724525177
0.285231516480645096314150994040879072 0.76505532392946469285100297395933815 -0.76505532392946469285100297395933815 0.079479740822547865866488689724525177
0.76505532392946469285100297395933815 0.76505532392946469285100297395933815 -0.76505532392946469285100297395933815 0.0542139988857988369870940232068385202
1.0 0.76505532392946469285100297395933815 -0.76505532392946469285100297395933815 0.00954955283631047877525590806652597838
-1.0 1.0 -0.76505532392946469285100297395933815 0.00168211091687931991251827914760899846
-0.76505532392946469285100297395933815 1.0 -0.76505532392946469285100297395933815 0.00954955283631047877525590806652597838
-0.285231516480645096314150994040879072 1.0 -0.76505532392946469285100297395933815 0.014
0.285231516480645096314150994040879072 1.0 -0.76505532392946469285100297395933815 0.014
0.76505532392946469285100297395933815 1.0 -0.76505532392946469285100297395933815 0.00954955283631047877525590806652597838
1.0 1.0 -0.76505532392946469285100297395933815 0.00168211091687931991251827914760899846
-1.0 -1.0 -0.285231516480645096314150994040879072 0.00246603723126882823562986900053914969
-0.76505532392946469285100297395933815 -1.0 -0.285231516480645096314150994040879072 0.014
-0.285231516480645096314150994040879072 -1.0 -0.285231516480645096314150994040879072 0.0205245212377635952988181660075480957
0.285231516480645096314150994040879072 -1.0 -0.285231516480645096314150994040879072 0.0205245212377635952988181660075480957
0.76505532392946469285100297395933815 -1.0 -0.285231516480645096314150994040879072 0.014
1.0 -1.0 -0.285231516480645096314150994040879072 0.00246603723126882823562986900053914969
-1.0 -0.76505532392946469285100297395933815 -0.285231516480645096314150994040879072 0.014
-0.76505532392946469285100297395933815 -0.76505532392946469285100297395933815 -0.285231516480645096314150994040879072 0.079479740822547865866488689724525177
-0.285231516480645096314150994040879072 -0.76505532392946469285100297395933815 -0.285231516480645096314150994040879072 0.116520259177452134133511310275474823
0.285231516480645096314150994040879072 -0.76505532392946469285100297395933815 -0.285231516480645096314150994040879072 0.116520259177452134133511310275474823
0.76505532392946469285100297395933815 -0.76505532392946469285100297395933815 -0.285231516480645096314150994040879072 0.079479740822547865866488689724525177
1.0 -0.76505532392946469285100297395933815 -0.285231516480645096314150994040879072 0.014
-1.0 -0.285231516480645096314150994040879072 -0.285231516480645096314150994040879072 0.0205245212377635952988181660075480957
-0.76505532392946469285100297395933815 -0.285231516480645096314150994040879072 -0.285231516480645096314150994040879072 0.116520259177452134133511310275474823
-0.285231516480645096314150994040879072 -0.285231516480645096314150994040879072 -0.285231516480645096314150994040879072 0.170823038151238200049943013830198517
0.285231516480645096314150994040879072 -0.285231516480645096314150994040879072 -0.285231516480645096314150994040879072 0.170823038151238200049943013830198517
0.76505532392946469285100297395933815 -0.285231516480645096314150994040879072 -0.285231516480645096314150994040879072 0.116520259177452134133511310275474823
1.0 -0.285231516480645096314150994040879072 -0.285231516480645096314150994040879072 0.0205245212377635952988181660075480957
-1.0 0.285231516480645096314150994040879072 -0.285231516480645096314150994040879072 0.0205245212377635952988181660075480957
-0.76505532392946469285100297395933815 0.285231516480645096314150994040879072 -0.285231516480645096314150994040879072 0.116520259177452134133511310275474823
-0.285231516480645096314150994040879072 0.285231516480645096314150994040879072 -0.285231516480645096314150994040879072 0.170823038151238200049943013830198517
0.285231516480645096314150994040879072 0.285231516480645096314150994040879072 -0.285231516480645096314150994040879072 0.170823038151238200049943013830198517
0.76505532392946469285100297395933815 0.285231516480645096314150994040879072 -0.285231516480645096314150994040879072 0.116520259177452134133511310275474823
1.0 0.285231516480645096314150994040879072 -0.285231516480645096314150994040879072 0.0205245212377635952988181660075480957
-1.0 0.76505532392946469285100297395933815 -0.285231516480645096314150994040879072 0.014
-0.76505532392946469285100297395933815 0.76505532392946469285100297395933815 -0.285231516480645096314150994040879072 0.079479740822547865866488689724525177
-0.285231516480645096314150994040879072 0.76505532392946469285100297395933815 -0.285231516480645096314150994040879072 0.116520259177452134133511310275474823
0.285231516480645096314150994040879072 0.76505532392946469285100297395933815 -0.285231516480645096314150994040879072 0.116520259177452134133511310275474823
0.76505532392946469285100297395933815 0.76505532392946469285100297395933815 -0.285231516480645096314150994040879072 0.079479740822547865866488689724525177
1.0 0.76505532392946469285100297395933815 -0.285231516480645096314150994040879072 0.014
-1.0 1.0 -0.285231516480645096314150994040879072 0.00246603723126882823562986900053914969
-0.76505532392946469285100297395933815 1.0 -0.285231516480645096314150994040879072 0.014
-0.285231516480645096314150994040879072 1.0 -0.285231516480645096314150994040879072 0.0205245212377635952988181660075480957
0.285231516480645096314150994040879072 1.0 -0.285231516480645096314150994040879072 0.0205245212377635952988181660075480957
0.76505532392946469285100297395933815 1.0 -0.285231516480645096314150994040879072 0.014
1.0 1.0 -0.285231516480645096314150994040879072 0.00246603723126882823562986900053914969
-1.0 -1.0 0.285231516480645096314150994040879072 0.00246603723126882823562986900053914969
-0.76505532392946469285100297395933815 -1.0 0.285231516480645096314150994040879072 0.014
-0.285231516480645096314150994040879072 -1.0 0.285231516480645096314150994040879072 0.0205245212377635952988181660075480957
0.285231516480645096314150994040879072 -1.0 0.285231516480645096314150994040879072 0.0205245212377635952988181660075480957
0.76505532392946469285100297395933815 -1.0 0.285231516480645096314150994040879072 0.014
1.0 -1.0 0.285231516480645096314150994040879072 0.00246603723126882823562986900053914969
-1.0 -0.76505532392946469285100297395933815 0.285231516480645096314150994040879072 0.014
-0.76505532392946469285100297395933815 -0.76505532392946469285100297395933815 0.285231516480645096314150994040879072 0.079479740822547865866488689724525177
-0.285231516480645096314150994040879072 -0.76505532392946469285100297395933815 0.285231516480645096314150994040879072 0.116520259177452134133511310275474823
0.285231516480645096314150994040879072 -0.76505532392946469285100297395933815 0.285231516480645096314150994040879072 0.116520259177452134133511310275474823
0.76505532392946469285100297395933815 -0.76505532392946469285100297395933815 0.285231516480645096314150994040879072 0.079479740822547865866488689724525177
1.0 -0.76505532392946469285100297395933815 0.285231516480645096314150994040879072 0.014
-1.0 -0.285231516480645096314150994040879072 0.285231516480645096314150994040879072 0.0205245212377635952988181660075480957
-0.76505532392946469285100297395933815 -0.285231516480645096314150994040879072 0.285231516480645096314150994040879072 0.116520259177452134133511310275474823
-0.285231516480645096314150994040879072 -0.285231516480645096314150994040879072 0.285231516480645096314150994040879072 0.170823038151238200049943013830198517
0.285231516480645096314150994040879072 -0.285231516480645096314150994040879072 0.285231516480645096314150994040879072 0.170823038151238200049943013830198517
0.76505532392946469285100297395933815 -0.285231516480645096314150994040879072 0.285231516480645096314150994040879072 0.116520259177452134133511310275474823
1.0 -0.285231516480645096314150994040879072 0.285231516480645096314150994040879072 0.0205245212377635952988181660075480957
-1.0 0.285231516480645096314150994040879072 0.285231516480645096314150994040879072 0.0205245212377635952988181660075480957
-0.76505532392946469285100297395933815 0.285231516480645096314150994040879072 0.285231516480645096314150994040879072 0.116520259177452134133511310275474823
-0.285231516480645096314150994040879072 0.285231516480645096314150994040879072 0.285231516480645096314150994040879072 0.170823038151238200049943013830198517
0.285231516480645096314150994040879072 0.285231516480645096314150994040879072 0.285231516480645096314150994040879072 0.170823038151238200049943013830198517
0.76505532392946469285100297395933815 0.285231516480645096314150994040879072 0.285231516480645096314150994040879072 0.116520259177452134133511310275474823
1.0 0.285231516480645096314150994040879072 0.285231516480645096314150994040879072 0.0205245212377635952988181660075480957
-1.0 0.76505532392946469285100297395933815 0.285231516480645096314150994040879072 0.014
-0.76505532392946469285100297395933815 0.76505532392946469285100297395933815 0.285231516480645096314150994040879072 0.079479740822547865866488689724525177
-0.285231516480645096314150994040879072 0.76505532392946469285100297395933815 0.285231516480645096314150994040879072 0.116520259177452134133511310275474823
0.285231516480645096314150994040879072 0.76505532392946469285100297395933815 0.285231516480645096314150994040879072 0.116520259177452134133511310275474823
0.76505532392946469285100297395933815 0.76505532392946469285100297395933815 0.285231516480645096314150994040879072 0.079479740822547865866488689724525177
1.0 0.76505532392946469285100297395933815 0.285231516480645096314150994040879072 0.014
-1.0 1.0 0.285231516480645096314150994040879072 0.00246603723126882823562986900053914969
-0.76505532392946469285100297395933815 1.0 0.285231516480645096314150994040879072 0.014
-0.285231516480645096314150994040879072 1.0 0.285231516480645096314150994040879072 0.0205245212377635952988181660075480957
0.285231516480645096314150994040879072 1.0 0.285231516480645096314150994040879072 0.0205245212377635952988181660075480957
0.76505532392946469285100297395933815 1.0 0.285231516480645096314150994040879072 0.014
1.0 1.0 0.285231516480645096314150994040879072 0.00246603723126882823562986900053914969
-1.0 -1.0 0.76505532392946469285100297395933815 0.00168211091687931991251827914760899846
-0.76505532392946469285100297395933815 -1.0 0.76505532392946469285100297395933815 0.00954955283631047877525590806652597838
-0.285231516480645096314150994040879072 -1.0 0.76505532392946469285100297395933815 0.014
0.285231516480645096314150994040879072 -1.0 0.76505532392946469285100297395933815 0.014
0.76505532392946469285100297395933815 -1.0 0.76505532392946469285100297395933815 0.00954955283631047877525590806652597838
1.0 -1.0 0.76505532392946469285100297395933815 0.00168211091687931991251827914760899846
-1.0 -0.76505532392946469285100297395933815 0.76505532392946469285100297395933815 0.00954955283631047877525590806652597838
-0.76505532392946469285100297395933815 -0.76505532392946469285100297395933815 0.76505532392946469285100297395933815 0.0542139988857988369870940232068385202
-0.285231516480645096314150994040879072 -0.76505532392946469285100297395933815 0.76505532392946469285100297395933815 0.079479740822547865866488689724525177
0.285231516480645096314150994040879072 -0.76505532392946469285100297395933815 0.76505532392946469285100297395933815 0.079479740822547865866488689724525177
0.76505532392946469285100297395933815 -0.76505532392946469285100297395933815 0.76505532392946469285100297395933815 0.0542139988857988369870940232068385202
1.0 -0.76505532392946469285100297395933815 0.76505532392946469285100297395933815 0.00954955283631047877525590806652597838
-1.0 -0.285231516480645096314150994040879072 0.76505532392946469285100297395933815 0.014
-0.76505532392946469285100297395933815 -0.285231516480645096314150994040879072 0.76505532392946469285100297395933815 0.079479740822547865866488689724525177
-0.285231516480645096314150994040879072 -0.285231516480645096314150994040879072 0.76505532392946469285100297395933815 0.116520259177452134133511310275474823
0.285231516480645096314150994040879072 -0.285231516480645096314150994040879072 0.76505532392946469285100297395933815 0.116520259177452134133511310275474823
0.76505532392946469285100297395933815 -0.285231516480645096314150994040879072 0.76505532392946469285100297395933815 0.079479740822547865866488689724525177
1.0 -0.285231516480645096314150994040879072 0.76505532392946469285100297395933815 0.014
-1.0 0.285231516480645096314150994040879072 0.76505532392946469285100297395933815 0.014
-0.76505532392946469285100297395933815 0.285231516480645096314150994040879072 0.76505532392946469285100297395933815 0.079479740822547865866488689724525177
-0.285231516480645096314150994040879072 0.285231516480645096314150994040879072 0.76505532392946469285100297395933815 0.116520259177452134133511310275474823
0.285231516480645096314150994040879072 0.285231516480645096314150994040879072 0.76505532392946469285100297395933815 0.116520259177452134133511310275474823
0.76505532392946469285100297395933815 0.285231516480645096314150994040879072 0.76505532392946469285100297395933815 0.079479740822547865866488689724525177
1.0 0.285231516480645096314150994040879072 0.76505532392946469285100297395933815 0.014
-1.0 0.76505532392946469285100297395933815 0.76505532392946469285100297395933815 0.00954955283631047877525590806652597838
-0.76505532392946469285100297395933815 0.76505532392946469285100297395933815 0.76505532392946469285100297395933815 0.0542139988857988369870940232068385202
-0.285231516480645096314150994040879072 0.76505532392946469285100297395933815 0.76505532392946469285100297395933815 0.079479740822547865866488689724525177
0.285231516480645096314150994040879072 0.76505532392946469285100297395933815 0.76505532392946469285100297395933815 0.079479740822547865866488689724525177
0.76505532392946469285100297395933815 0.76505532392946469285100297395933815 0.76505532392946469285100297395933815 0.0542139988857988369870940232068385202
1.0 0.76505532392946469285100297395933815 0.76505532392946469285100297395933815 0.00954955283631047877525590806652597838
-1.0 1.0 0.76505532392946469285100297395933815 0.00168211091687931991251827914760899846
-0.76505532392946469285100297395933815 1.0 0.76505532392946469285100297395933815 0.00954955283631047877525590806652597838
-0.285231516480645096314150994040879072 1.0 0.76505532392946469285100297395933815 0.014
0.285231516480645096314150994040879072 1.0 0.76505532392946469285100297395933815 0.014
0.76505532392946469285100297395933815 1.0 0.76505532392946469285100297395933815 0.00954955283631047877525590806652597838
1.0 1.0 0.76505532392946469285100297395933815 0.00168211091687931991251827914760899846
-1.0 -1.0 1.0 0.000296296296296296296296296296296296296
-0.76505532392946469285100297395933815 -1.0 1.0 0.00168211091687931991251827914760899846
-0.285231516480645096314150994040879072 -1.0 1.0 0.00246603723126882823562986900053914969
0.285231516480645096314150994040879072 -1.0 1.0 0.00246603723126882823562986900053914969
0.76505532392946469285100297395933815 -1.0 1.0 0.00168211091687931991251827914760899846
1.0 -1.0 1.0 0.000296296296296296296296296296296296296
-1.0 -0.76505532392946469285100297395933815 1.0 0.00168211091687931991251827914760899846
-0.76505532392946469285100297395933815 -0.76505532392946469285100297395933815 1.0 0.00954955283631047877525590806652597838
-0.285231516480645096314150994040879072 -0.76505532392946469285100297395933815 1.0 0.014
0.285231516480645096314150994040879072 -0.76505532392946469285100297395933815 1.0 0.014
0.76505532392946469285100297395933815 -0.76505532392946469285100297395933815 1.0 0.00954955283631047877525590806652597838
1.0 -0.76505532392946469285100297395933815 1.0 0.00168211091687931991251827914760899846
-1.0 -0.285231516480645096314150994040879072 1.0 0.00246603723126882823562986900053914969
-0.76505532392946469285100297395933815 -0.285231516480645096314150994040879072 1.0 0.014
-0.285231516480645096314150994040879072 -0.285231516480645096314150994040879072 1.0 0.0205245212377635952988181660075480957
0.285231516480645096314150994040879072 -0.285231516480645096314150994040879072 1.0 0.0205245212377635952988181660075480957
0.76505532392946469285100297395933815 -0.285231516480645096314150994040879072 1.0 0.014
1.0 -0.285231516480645096314150994040879072 1.0 0.00246603723126882823562986900053914969
-1.0 0.285231516480645096314150994040879072 1.0 0.00246603723126882823562986900053914969
-0.76505532392946469285100297395933815 0.285231516480645096314150994040879072 1.0 0.014
-0.285231516480645096314150994040879072 0.285231516480645096314150994040879072 1.0 0.0205245212377635952988181660075480957
0.285231516480645096314150994040879072 0.285231516480645096314150994040879072 1.0 0.0205245212377635952988181660075480957
0.76505532392946469285100297395933815 0.285231516480645096314150994040879072 1.0 0.014
1.0 0.285231516480645096314150994040879072 1.0 0.00246603723126882823562986900053914969
-1.0 0.76505532392946469285100297395933815 1.0 0.00168211091687931991251827914760899846
-0.76505532392946469285100297395933815 0.76505532392946469285100297395933815 1.0 0.00954955283631047877525590806652597838
-0.285231516480645096314150994040879072 0.76505532392946469285100297395933815 1.0 0.014
0.285231516480645096314150994040879072 0.76505532392946469285100297395933815 1.0 0.014
0.76505532392946469285100297395933815 0.76505532392946469285100297395933815 1.0 0.00954955283631047877525590806652597838
1.0 0.76505532392946469285100297395933815 1.0 0.00168211091687931991251827914760899846
-1.0 1.0 1.0 0.000296296296296296296296296296296296296
-0.76505532392946469285100297395933815 1.0 1.0 0.00168211091687931991251827914760899846
-0.285231516480645096314150994040879072 1.0 1.0 0.00246603723126882823562986900053914969
0.285231516480645096314150994040879072 1.0 1.0 0.00246603723126882823562986900053914969
0.76505532392946469285100297395933815 1.0 1.0 0.00168211091687931991251827914760899846
1.0 1.0 1.0 0.000296296296296296296296296296296296296
