-1.0 -1.0 -1.0 0.0000455539358600583090379008746355685131
-0.871740148509606615337445761220663438 -1.0 -1.0 0.000268755391764676070641571512469076944
-0.59170018143314230214451073139795319 -1.0 -1.0 0.000435105475106510669342143720800699199
-0.209299217902478868768657260345351255 -1.0 -1.0 0.000526095401350387604039608381890573711
0.209299217902478868768657260345351255 -1.0 -1.0 0.000526095401350387604039608381890573711
0.59170018143314230214451073139795319 -1.0 -1.0 0.000435105475106510669342143720800699199
0.871740148509606615337445761220663438 -1.0 -1.0 0.000268755391764676070641571512469076944
1.0 -1.0 -1.0 0.0000455539358600583090379008746355685131
-1.0 -0.871740148509606615337445761220663438 -1.0 0.000268755391764676070641571512469076944
-0.871740148509606615337445761220663438 -0.871740148509606615337445761220663438 -1.0 0.00158558111914793525773727798829359476
-0.59170018143314230214451073139795319 -0.871740148509606615337445761220663438 -1.0 0.00256699976003030942752662278627562228
-0.209299217902478868768657260345351255 -0.871740148509606615337445761220663438 -1.0 0.00310381469846800922205853006209586046
0.209299217902478868768657260345351255 -0.871740148509606615337445761220663438 -1.0 0.00310381469846800922205853006209586046
0.59170018143314230214451073139795319 -0.871740148509606615337445761220663438 -1.0 0.00256699976003030942752662278627562228
0.871740148509606615337445761220663438 -0.871740148509606615337445761220663438 -1.0 0.00158558111914793525773727798829359476
1.0 -0.871740148509606615337445761220663438 -1.0 0.000268755391764676070641571512469076944
-1.0 -0.59170018143314230214451073139795319 -1.0 0.000435105475106510669342143720800699199
-0.871740148509606615337445761220663438 -0.59170018143314230214451073139795319 -1.0 0.00256699976003030942752662278627562228
-0.59170018143314230214451073139795319 -0.59170018143314230214451073139795319 -1.0 0.00415588183311412447278685432028098437
-0.209299217902478868768657260345351255 -0.59170018143314230214451073139795319 -1.0 0.00502496623473135417192440335506227171
0.209299217902478868768657260345351255 -0.59170018143314230214451073139795319 -1.0 0.00502496623473135417192440335506227171
0.59170018143314230214451073139795319 -0.59170018143314230214451073139795319 -1.0 0.00415588183311412447278685432028098437
0.871740148509606615337445761220663438 -0.59170018143314230214451073139795319 -1.0 0.00256699976003030942752662278627562228
1.0 -0.59170018143314230214451073139795319 -1.0 0.000435105475106510669342143720800699199
-1.0 -0.209299217902478868768657260345351255 -1.0 0.000526095401350387604039608381890573711
-0.871740148509606615337445761220663438 -0.209299217902478868768657260345351255 -1.0 0.00310381469846800922205853006209586046
-0.59170018143314230214451073139795319 -0.209299217902478868768657260345351255 -1.0 0.00502496623473135417192440335506227171
-0.209299217902478868768657260345351255 -0.209299217902478868768657260345351255 -1.0 0.00607579490326110191508649289388735803
0.209299217902478868768657260345351255 -0.209299217902478868768657260345351255 -1.0 0.00607579490326110191508649289388735803
0.59170018143314230214451073139795319 -0.209299217902478868768657260345351255 -1.0 0.00502496623473135417192440335506227171
0.871740148509606615337445761220663438 -0.209299217902478868768657260345351255 -1.0 0.00310381469846800922205853006209586046
1.0 -0.209299217902478868768657260345351255 -1.0 0.000526095401350387604039608381890573711
-1.0 0.209299217902478868768657260345351255 -1.0 0.000526095401350387604039608381890573711
-0.871740148509606615337445761220663438 0.209299217902478868768657260345351255 -1.0 0.00310381469846800922205853006209586046
-0.59170018143314230214451073139795319 0.209299217902478868768657260345351255 -1.0 0.00502496623473135417192440335506227171
-0.209299217902478868768657260345351255 0.209299217902478868768657260345351255 -1.0 0.00607579490326110191508649289388735803
0.209299217902478868768657260345351255 0.209299217902478868768657260345351255 -1.0 0.00607579490326110191508649289388735803
0.59170018143314230214451073139795319 0.209299217902478868768657260345351255 -1.0 0.00502496623473135417192440335506227171
0.871740148509606615337445761220663438 0.209299217902478868768657260345351255 -1.0 0.00310381469846800922205853006209586046
1.0 0.209299217902478868768657260345351255 -1.0 0.000526095401350387604039608381890573711
-1.0 0.59170018143314230214451073139795319 -1.0 0.000435105475106510669342143720800699199
-0.871740148509606615337445761220663438 0.59170018143314230214451073139795319 -1.0 0.00256699976003030942752662278627562228
-0.59170018143314230214451073139795319 0.59170018143314230214451073139795319 -1.0 0.00415588183311412447278685432028098437
-0.209299217902478868768657260345351255 0.59170018143314230214451073139795319 -1.0 0.00502496623473135417192440335506227171
0.209299217902478868768657260345351255 0.59170018143314230214451073139795319 -1.0 0.00502496623473135417192440335506227171
0.59170018143314230214451073139795319 0.59170018143314230214451073139795319 -1.0 0.00415588183311412447278685432028098437
0.871740148509606615337445761220663438 0.59170018143314230214451073139795319 -1.0 0.00256699976003030942752662278627562228
1.0 0.59170018143314230214451073139795319 -1.0 0.000435105475106510669342143720800699199
-1.0 0.871740148509606615337445761220663438 -1.0 0.000268755391764676070641571512469076944
-0.871740148509606615337445761220663438 0.871740148509606615337445761220663438 -1.0 0.00158558111914793525773727798829359476
-0.59170018143314230214451073139795319 0.871740148509606615337445761220663438 -1.0 0.00256699976003030942752662278627562228
-0.209299217902478868768657260345351255 0.871740148509606615337445761220663438 -1.0 0.00310381469846800922205853006209586046
0.209299217902478868768657260345351255 0.871740148509606615337445761220663438 -1.0 0.00310381469846800922205853006209586046
0.59170018143314230214451073139795319 0.871740148509606615337445761220663438 -1.0 0.00256699976003030942752662278627562228
0.871740148509606615337445761220663438 0.871740148509606615337445761220663438 -1.0 0.00158558111914793525773727798829359476
1.0 0.871740148509606615337445761220663438 -1.0 0.000268755391764676070641571512469076944
-1.0 1.0 -1.0 0.0000455539358600583090379008746355685131
-0.871740148509606615337445761220663438 1.0 -1.0 0.000268755391764676070641571512469076944
-0.59170018143314230214451073139795319 1.0 -1.0 0.000435105475106510669342143720800699199
-0.209299217902478868768657260345351255 1.0 -1.0 0.000526095401350387604039608381890573711
0.209299217902478868768657260345351255 1.0 -1.0 0.000526095401350387604039608381890573711
0.59170018143314230214451073139795319 1.0 -1.0 0.000435105475106510669342143720800699199
0.871740148509606615337445761220663438 1.0 -1.0 0.000268755391764676070641571512469076944
1.0 1.0 -1.0 0.0000455539358600583090379008746355685131
-1.0 -1.0 -0.871740148509606615337445761220663438 0.000268755391764676070641571512469076944
-0.871740148509606615337445761220663438 -1.0 -0.871740148509606615337445761220663438 0.00158558111914793525773727798829359476
-0.59170018143314230214451073139795319 -1.0 -0.871740148509606615337445761220663438 0.00256699976003030942752662278627562228
-0.209299217902478868768657260345351255 -1.0 -0.871740148509606615337445761220663438 0.00310381469846800922205853006209586046
0.209299217902478868768657260345351255 -1.0 -0.871740148509606615337445761220663438 0.00310381469846800922205853006209586046
0.59170018143314230214451073139795319 -1.0 -0.871740148509606615337445761220663438 0.00256699976003030942752662278627562228
0.871740148509606615337445761220663438 -1.0 -0.871740148509606615337445761220663438 0.00158558111914793525773727798829359476
1.0 -1.0 -0.871740148509606615337445761220663438 0.000268755391764676070641571512469076944
-1.0 -0.871740148509606615337445761220663438 -0.871740148509606615337445761220663438 0.00158558111914793525773727798829359476
-0.871740148509606615337445761220663438 -0.871740148509606615337445761220663438 -0.871740148509606615337445761220663438 0.00935448203993522978239463247303755206
-0.59170018143314230214451073139795319 -0.871740148509606615337445761220663438 -0.871740148509606615337445761220663438 0.0151445756144130507683918096020784545
-0.209299217902478868768657260345351255 -0.871740148509606615337445761220663438 -0.871740148509606615337445761220663438 0.0183116325626459714081200636088110519
0.209299217902478868768657260345351255 -0.871740148509606615337445761220663438 -0.871740148509606615337445761220663438 0.0183116325626459714081200636088110519
0.59170018143314230214451073139795319 -0.871740148509606615337445761220663438 -0.871740148509606615337445761220663438 0.0151445756144130507683918096020784545
0.871740148509606615337445761220663438 -0.871740148509606615337445761220663438 -0.871740148509606615337445761220663438 0.00935448203993522978239463247303755206
1.0 -0.871740148509606615337445761220663438 -0.871740148509606615337445761220663438 0.00158558111914793525773727798829359476
-1.0 -0.59170018143314230214451073139795319 -0.871740148509606615337445761220663438 0.00256699976003030942752662278627562228
-0.871740148509606615337445761220663438 -0.59170018143314230214451073139795319 -0.871740148509606615337445761220663438 0.0151445756144130507683918096020784545
-0.59170018143314230214451073139795319 -0.59170018143314230214451073139795319 -0.871740148509606615337445761220663438 0.0245185323528893647713596574888133945
-0.209299217902478868768657260345351255 -0.59170018143314230214451073139795319 -0.871740148509606615337445761220663438 0.0296458855535159390034673481385499526
0.209299217902478868768657260345351255 -0.59170018143314230214451073139795319 -0.871740148509606615337445761220663438 0.0296458855535159390034673481385499526
0.59170018143314230214451073139795319 -0.59170018143314230214451073139795319 -0.871740148509606615337445761220663438 0.0245185323528893647713596574888133945
0.871740148509606615337445761220663438 -0.59170018143314230214451073139795319 -0.871740148509606615337445761220663438 0.0151445756144130507683918096020784545
1.0 -0.59170018143314230214451073139795319 -0.871740148509606615337445761220663438 0.00256699976003030942752662278627562228
-1.0 -0.209299217902478868768657260345351255 -0.871740148509606615337445761220663438 0.00310381469846800922205853006209586046
-0.871740148509606615337445761220663438 -0.209299217902478868768657260345351255 -0.871740148509606615337445761220663438 0.0183116325626459714081200636088110519
-0.59170018143314230214451073139795319 -0.209299217902478868768657260345351255 -0.871740148509606615337445761220663438 0.0296458855535159390034673481385499526
-0.209299217902478868768657260345351255 -0.209299217902478868768657260345351255 -0.871740148509606615337445761220663438 0.035845478742474338583992899929227228
0.209299217902478868768657260345351255 -0.209299217902478868768657260345351255 -0.871740148509606615337445761220663438 0.035845478742474338583992899929227228
0.59170018143314230214451073139795319 -0.209299217902478868768657260345351255 -0.871740148509606615337445761220663438 0.0296458855535159390034673481385499526
0.871740148509606615337445761220663438 -0.209299217902478868768657260345351255 -0.871740148509606615337445761220663438 0.0183116325626459714081200636088110519
1.0 -0.209299217902478868768657260345351255 -0.871740148509606615337445761220663438 0.00310381469846800922205853006209586046
-1.0 0.209299217902478868768657260345351255 -0.871740148509606615337445761220663438 0.00310381469846800922205853006209586046
-0.871740148509606615337445761220663438 0.209299217902478868768657260345351255 -0.871740148509606615337445761220663438 0.0183116325626459714081200636088110519
-0.59170018143314230214451073139795319 0.209299217902478868768657260345351255 -0.871740148509606615337445761220663438 0.0296458855535159390034673481385499526
-0.209299217902478868768657260345351255 0.209299217902478868768657260345351255 -0.871740148509606615337445761220663438 0.035845478742474338583992899929227228
0.209299217902478868768657260345351255 0.209299217902478868768657260345351255 -0.871740148509606615337445761220663438 0.035845478742474338583992899929227228
0.59170018143314230214451073139795319 0.209299217902478868768657260345351255 -0.871740148509606615337445761220663438 0.0296458855535159390034673481385499526
0.871740148509606615337445761220663438 0.209299217902478868768657260345351255 -0.871740148509606615337445761220663438 0.0183116325626459714081200636088110519
1.0 0.209299217902478868768657260345351255 -0.871740148509606615337445761220663438 0.00310381469846800922205853006209586046
-1.0 0.59170018143314230214451073139795319 -0.871740148509606615337445761220663438 0.00256699976003030942752662278627562228
-0.871740148509606615337445761220663438 0.59170018143314230214451073139795319 -0.871740148509606615337445761220663438 0.0151445756144130507683918096020784545
-0.59170018143314230214451073139795319 0.59170018143314230214451073139795319 -0.871740148509606615337445761220663438 0.0245185323528893647713596574888133945
-0.209299217902478868768657260345351255 0.59170018143314230214451073139795319 -0.871740148509606615337445761220663438 0.0296458855535159390034673481385499526
0.209299217902478868768657260345351255 0.59170018143314230214451073139795319 -0.871740148509606615337445761220663438 0.0296458855535159390034673481385499526
0.59170018143314230214451073139795319 0.59170018143314230214451073139795319 -0.871740148509606615337445761220663438 0.0245185323528893647713596574888133945
0.871740148509606615337445761220663438 0.59170018143314230214451073139795319 -0.871740148509606615337445761220663438 0.0151445756144130507683918096020784545
1.0 0.59170018143314230214451073139795319 -0.871740148509606615337445761220663438 0.00256699976003030942752662278627562228
-1.0 0.871740148509606615337445761220663438 -0.871740148509606615337445761220663438 0.00158558111914793525773727798829359476
-0.871740148509606615337445761220663438 0.871740148509606615337445761220663438 -0.871740148509606615337445761220663438 0.00935448203993522978239463247303755206
-0.59170018143314230214451073139795319 0.871740148509606615337445761220663438 -0.871740148509606615337445761220663438 0.0151445756144130507683918096020784545
-0.209299217902478868768657260345351255 0.871740148509606615337445761220663438 -0.871740148509606615337445761220663438 0.0183116325626459714081200636088110519
0.209299217902478868768657260345351255 0.871740148509606615337445761220663438 -0.871740148509606615337445761220663438 0.0183116325626459714081200636088110519
0.59170018143314230214451073139795319 0.871740148509606615337445761220663438 -0.871740148509606615337445761220663438 0.0151445756144130507683918096020784545
0.871740148509606615337445761220663438 0.871740148509606615337445761220663438 -0.871740148509606615337445761220663438 0.00935448203993522978239463247303755206
1.0 0.871740148509606615337445761220663438 -0.871740148509606615337445761220663438 0.00158558111914793525773727798829359476
-1.0 1.0 -0.871740148509606615337445761220663438 0.000268755391764676070641571512469076944
-0.871740148509606615337445761220663438 1.0 -0.871740148509606615337445761220663438 0.00158558111914793525773727798829359476
-0.59170018143314230214451073139795319 1.0 -0.871740148509606615337445761220663438 0.00256699976003030942752662278627562228
-0.209299217902478868768657260345351255 1.0 -0.871740148509606615337445761220663438 0.00310381469846800922205853006209586046
0.209299217902478868768657260345351255 1.0 -0.871740148509606615337445761220663438 0.00310381469846800922205853006209586046
0.59170018143314230214451073139795319 1.0 -0.871740148509606615337445761220663438 0.00256699976003030942752662278627562228
0.871740148509606615337445761220663438 1.0 -0.871740148509606615337445761220663438 0.00158558111914793525773727798829359476
1.0 1.0 -0.871740148509606615337445761220663438 0.000268755391764676070641571512469076944
-1.0 -1.0 -0.59170018143314230214451073139795319 0.000435105475106510669342143720800699199
-0.871740148509606615337445761220663438 -1.0 -0.59170018143314230214451073139795319 0.00256699976003030942752662278627562228
-0.59170018143314230214451073139795319 -1.0 -0.59170018143314230214451073139795319 0.00415588183311412447278685432028098437
-0.209299217902478868768657260345351255 -1.0 -0.59170018143314230214451073139795319 0.00502496623473135417192440335506227171
0.209299217902478868768657260345351255 -1.0 -0.59170018143314230214451073139795319 0.00502496623473135417192440335506227171
0.59170018143314230214451073139795319 -1.0 -0.59170018143314230214451073139795319 0.00415588183311412447278685432028098437
0.871740148509606615337445761220663438 -1.0 -0.59170018143314230214451073139795319 0.00256699976003030942752662278627562228
1.0 -1.0 -0.59170018143314230214451073139795319 0.000435105475106510669342143720800699199
-1.0 -0.871740148509606615337445761220663438 -0.59170018143314230214451073139795319 0.00256699976003030942752662278627562228
-0.871740148509606615337445761220663438 -0.871740148509606615337445761220663438 -0.59170018143314230214451073139795319 0.0151445756144130507683918096020784545
-0.59170018143314230214451073139795319 -0.871740148509606615337445761220663438 -0.59170018143314230214451073139795319 0.0245185323528893647713596574888133945
-0.209299217902478868768657260345351255 -0.871740148509606615337445761220663438 -0.59170018143314230214451073139795319 0.0296458855535159390034673481385499526
0.209299217902478868768657260345351255 -0.871740148509606615337445761220663438 -0.59170018143314230214451073139795319 0.0296458855535159390034673481385499526
0.59170018143314230214451073139795319 -0.871740148509606615337445761220663438 -0.59170018143314230214451073139795319 0.0245185323528893647713596574888133945
0.871740148509606615337445761220663438 -0.871740148509606615337445761220663438 -0.59170018143314230214451073139795319 0.0151445756144130507683918096020784545
1.0 -0.871740148509606615337445761220663438 -0.59170018143314230214451073139795319 0.00256699976003030942752662278627562228
-1.0 -0.59170018143314230214451073139795319 -0.59170018143314230214451073139795319 0.00415588183311412447278685432028098437
-0.871740148509606615337445761220663438 -0.59170018143314230214451073139795319 -0.59170018143314230214451073139795319 0.0245185323528893647713596574888133945
-0.59170018143314230214451073139795319 -0.59170018143314230214451073139795319 -0.59170018143314230214451073139795319 0.0396946368155448128957863091475062299
-0.209299217902478868768657260345351255 -0.59170018143314230214451073139795319 -0.59170018143314230214451073139795319 0.0479956403256471830980991000112669537
0.209299217902478868768657260345351255 -0.59170018143314230214451073139795319 -0.59170018143314230214451073139795319 0.0479956403256471830980991000112669537
0.59170018143314230214451073139795319 -0.59170018143314230214451073139795319 -0.59170018143314230214451073139795319 0.0396946368155448128957863091475062299
0.871740148509606615337445761220663438 -0.59170018143314230214451073139795319 -0.59170018143314230214451073139795319 0.0245185323528893647713596574888133945
1.0 -0.59170018143314230214451073139795319 -0.59170018143314230214451073139795319 0.00415588183311412447278685432028098437
-1.0 -0.209299217902478868768657260345351255 -0.59170018143314230214451073139795319 0.00502496623473135417192440335506227171
-0.871740148509606615337445761220663438 -0.209299217902478868768657260345351255 -0.59170018143314230214451073139795319 0.0296458855535159390034673481385499526
-0.59170018143314230214451073139795319 -0.209299217902478868768657260345351255 -0.59170018143314230214451073139795319 0.0479956403256471830980991000112669537
-0.209299217902478868768657260345351255 -0.209299217902478868768657260345351255 -0.59170018143314230214451073139795319 0.0580325624585834405403924424368644298
0.209299217902478868768657260345351255 -0.209299217902478868768657260345351255 -0.59170018143314230214451073139795319 0.0580325624585834405403924424368644298
0.59170018143314230214451073139795319 -0.209299217902478868768657260345351255 -0.59170018143314230214451073139795319 0.0479956403256471830980991000112669537
0.871740148509606615337445761220663438 -0.209299217902478868768657260345351255 -0.59170018143314230214451073139795319 0.0296458855535159390034673481385499526
1.0 -0.209299217902478868768657260345351255 -0.59170018143314230214451073139795319 0.00502496623473135417192440335506227171
-1.0 0.209299217902478868768657260345351255 -0.59170018143314230214451073139795319 0.00502496623473135417192440335506227171
-0.871740148509606615337445761220663438 0.209299217902478868768657260345351255 -0.59170018143314230214451073139795319 0.0296458855535159390034673481385499526
-0.59170018143314230214451073139795319 0.209299217902478868768657260345351255 -0.59170018143314230214451073139795319 0.0479956403256471830980991000112669537
-0.209299217902478868768657260345351255 0.209299217902478868768657260345351255 -0.59170018143314230214451073139795319 0.0580325624585834405403924424368644298
0.209299217902478868768657260345351255 0.209299217902478868768657260345351255 -0.59170018143314230214451073139795319 0.0580325624585834405403924424368644298
0.59170018143314230214451073139795319 0.209299217902478868768657260345351255 -0.59170018143314230214451073139795319 0.0479956403256471830980991000112669537
0.871740148509606615337445761220663438 0.209299217902478868768657260345351255 -0.59170018143314230214451073139795319 0.0296458855535159390034673481385499526
1.0 0.209299217902478868768657260345351255 -0.59170018143314230214451073139795319 0.00502496623473135417192440335506227171
-1.0 0.59170018143314230214451073139795319 -0.59170018143314230214451073139795319 0.00415588183311412447278685432028098437
-0.871740148509606615337445761220663438 0.59170018143314230214451073139795319 -0.59170018143314230214451073139795319 0.0245185323528893647713596574888133945
-0.59170018143314230214451073139795319 0.59170018143314230214451073139795319 -0.59170018143314230214451073139795319 0.0396946368155448128957863091475062299
-0.209299217902478868768657260345351255 0.59170018143314230214451073139795319 -0.59170018143314230214451073139795319 0.0479956403256471830980991000112669537
0.209299217902478868768657260345351255 0.59170018143314230214451073139795319 -0.59170018143314230214451073139795319 0.0479956403256471830980991000112669537
0.59170018143314230214451073139795319 0.59170018143314230214451073139795319 -0.59170018143314230214451073139795319 0.0396946368155448128957863091475062299
0.871740148509606615337445761220663438 0.59170018143314230214451073139795319 -0.59170018143314230214451073139795319 0.0245185323528893647713596574888133945
1.0 0.59170018143314230214451073139795319 -0.59170018143314230214451073139795319 0.00415588183311412447278685432028098437
-1.0 0.871740148509606615337445761220663438 -0.59170018143314230214451073139795319 0.00256699976003030942752662278627562228
-0.871740148509606615337445761220663438 0.871740148509606615337445761220663438 -0.59170018143314230214451073139795319 0.0151445756144130507683918096020784545
-0.59170018143314230214451073139795319 0.871740148509606615337445761220663438 -0.59170018143314230214451073139795319 0.0245185323528893647713596574888133945
-0.209299217902478868768657260345351255 0.871740148509606615337445761220663438 -0.59170018143314230214451073139795319 0.0296458855535159390034673481385499526
0.209299217902478868768657260345351255 0.871740148509606615337445761220663438 -0.59170018143314230214451073139795319 0.0296458855535159390034673481385499526
0.59170018143314230214451073139795319 0.871740148509606615337445761220663438 -0.59170018143314230214451073139795319 0.0245185323528893647713596574888133945
0.871740148509606615337445761220663438 0.871740148509606615337445761220663438 -0.59170018143314230214451073139795319 0.0151445756144130507683918096020784545
1.0 0.871740148509606615337445761220663438 -0.59170018143314230214451073139795319 0.00256699976003030942752662278627562228
-1.0 1.0 -0.59170018143314230214451073139795319 0.000435105475106510669342143720800699199
-0.871740148509606615337445761220663438 1.0 -0.59170018143314230214451073139795319 0.00256699976003030942752662278627562228
-0.59170018143314230214451073139795319 1.0 -0.59170018143314230214451073139795319 0.00415588183311412447278685432028098437
-0.209299217902478868768657260345351255 1.0 -0.59170018143314230214451073139795319 0.00502496623473135417192440335506227171
0.209299217902478868768657260345351255 1.0 -0.59170018143314230214451073139795319 0.00502496623473135417192440335506227171
0.59170018143314230214451073139795319 1.0 -0.59170018143314230214451073139795319 0.00415588183311412447278685432028098437
0.871740148509606615337445761220663438 1.0 -0.59170018143314230214451073139795319 0.00256699976003030942752662278627562228
1.0 1.0 -0.59170018143314230214451073139795319 0.000435105475106510669342143720800699199
-1.0 -1.0 -0.209299217902478868768657260345351255 0.000526095401350387604039608381890573711
-0.871740148509606615337445761220663438 -1.0 -0.209299217902478868768657260345351255 0.00310381469846800922205853006209586046
-0.59170018143314230214451073139795319 -1.0 -0.209299217902478868768657260345351255 0.00502496623473135417192440335506227171
-0.209299217902478868768657260345351255 -1.0 -0.209299217902478868768657260345351255 0.00607579490326110191508649289388735803
0.209299217902478868768657260345351255 -1.0 -0.209299217902478868768657260345351255 0.00607579490326110191508649289388735803
0.59170018143314230214451073139795319 -1.0 -0.209299217902478868768657260345351255 0.00502496623473135417192440335506227171
0.871740148509606615337445761220663438 -1.0 -0.209299217902478868768657260345351255 0.00310381469846800922205853006209586046
1.0 -1.0 -0.209299217902478868768657260345351255 0.000526095401350387604039608381890573711
-1.0 -0.871740148509606615337445761220663438 -0.209299217902478868768657260345351255 0.00310381469846800922205853006209586046
-0.871740148509606615337445761220663438 -0.871740148509606615337445761220663438 -0.209299217902478868768657260345351255 0.0183116325626459714081200636088110519
-0.59170018143314230214451073139795319 -0.871740148509606615337445761220663438 -0.209299217902478868768657260345351255 0.0296458855535159390034673481385499526
-0.209299217902478868768657260345351255 -0.871740148509606615337445761220663438 -0.209299217902478868768657260345351255 0.035845478742474338583992899929227228
0.209299217902478868768657260345351255 -0.871740148509606615337445761220663438 -0.209299217902478868768657260345351255 0.035845478742474338583992899929227228
0.59170018143314230214451073139795319 -0.871740148509606615337445761220663438 -0.209299217902478868768657260345351255 0.0296458855535159390034673481385499526
0.871740148509606615337445761220663438 -0.871740148509606615337445761220663438 -0.209299217902478868768657260345351255 0.0183116325626459714081200636088110519
1.0 -0.871740148509606615337445761220663438 -0.209299217902478868768657260345351255 0.00310381469846800922205853006209586046
-1.0 -0.59170018143314230214451073139795319 -0.209299217902478868768657260345351255 0.00502496623473135417192440335506227171
-0.871740148509606615337445761220663438 -0.59170018143314230214451073139795319 -0.209299217902478868768657260345351255 0.0296458855535159390034673481385499526
-0.59170018143314230214451073139795319 -0.59170018143314230214451073139795319 -0.209299217902478868768657260345351255 0.0479956403256471830980991000112669537
-0.209299217902478868768657260345351255 -0.59170018143314230214451073139795319 -0.209299217902478868768657260345351255 0.0580325624585834405403924424368644298
0.209299217902478868768657260345351255 -0.59170018143314230214451073139795319 -0.209299217902478868768657260345351255 0.0580325624585834405403924424368644298
0.59170018143314230214451073139795319 -0.59170018143314230214451073139795319 -0.209299217902478868768657260345351255 0.0479956403256471830980991000112669537
0.871740148509606615337445761220663438 -0.59170018143314230214451073139795319 -0.209299217902478868768657260345351255 0.0296458855535159390034673481385499526
1.0 -0.59170018143314230214451073139795319 -0.209299217902478868768657260345351255 0.00502496623473135417192440335506227171
-1.0 -0.209299217902478868768657260345351255 -0.209299217902478868768657260345351255 0.00607579490326110191508649289388735803
-0.871740148509606615337445761220663438 -0.209299217902478868768657260345351255 -0.209299217902478868768657260345351255 0.035845478742474338583992899929227228
-0.59170018143314230214451073139795319 -0.209299217902478868768657260345351255 -0.209299217902478868768657260345351255 0.0580325624585834405403924424368644298
-0.209299217902478868768657260345351255 -0.209299217902478868768657260345351255 -0.209299217902478868768657260345351255 0.0701684211869919725829499657688670088
0.209299217902478868768657260345351255 -0.209299217902478868768657260345351255 -0.209299217902478868768657260345351255 0.0701684211869919725829499657688670088
0.59170018143314230214451073139795319 -0.209299217902478868768657260345351255 -0.209299217902478868768657260345351255 0.0580325624585834405403924424368644298
0.871740148509606615337445761220663438 -0.209299217902478868768657260345351255 -0.209299217902478868768657260345351255 0.035845478742474338583992899929227228
1.0 -0.209299217902478868768657260345351255 -0.209299217902478868768657260345351255 0.00607579490326110191508649289388735803
-1.0 0.209299217902478868768657260345351255 -0.209299217902478868768657260345351255 0.00607579490326110191508649289388735803
-0.871740148509606615337445761220663438 0.209299217902478868768657260345351255 -0.209299217902478868768657260345351255 0.035845478742474338583992899929227228
-0.59170018143314230214451073139795319 0.209299217902478868768657260345351255 -0.209299217902478868768657260345351255 0.0580325624585834405403924424368644298
-0.209299217902478868768657260345351255 0.209299217902478868768657260345351255 -0.209299217902478868768657260345351255 0.0701684211869919725829499657688670088
0.209299217902478868768657260345351255 0.209299217902478868768657260345351255 -0.209299217902478868768657260345351255 0.0701684211869919725829499657688670088
0.59170018143314230214451073139795319 0.209299217902478868768657260345351255 -0.209299217902478868768657260345351255 0.0580325624585834405403924424368644298
0.871740148509606615337445761220663438 0.209299217902478868768657260345351255 -0.209299217902478868768657260345351255 0.035845478742474338583992899929227228
1.0 0.209299217902478868768657260345351255 -0.209299217902478868768657260345351255 0.00607579490326110191508649289388735803
-1.0 0.59170018143314230214451073139795319 -0.209299217902478868768657260345351255 0.00502496623473135417192440335506227171
-0.871740148509606615337445761220663438 0.59170018143314230214451073139795319 -0.209299217902478868768657260345351255 0.0296458855535159390034673481385499526
-0.59170018143314230214451073139795319 0.59170018143314230214451073139795319 -0.209299217902478868768657260345351255 0.0479956403256471830980991000112669537
-0.209299217902478868768657260345351255 0.59170018143314230214451073139795319 -0.209299217902478868768657260345351255 0.0580325624585834405403924424368644298
0.209299217902478868768657260345351255 0.59170018143314230214451073139795319 -0.209299217902478868768657260345351255 0.0580325624585834405403924424368644298
0.59170018143314230214451073139795319 0.59170018143314230214451073139795319 -0.209299217902478868768657260345351255 0.0479956403256471830980991000112669537
0.871740148509606615337445761220663438 0.59170018143314230214451073139795319 -0.209299217902478868768657260345351255 0.0296458855535159390034673481385499526
1.0 0.59170018143314230214451073139795319 -0.209299217902478868768657260345351255 0.00502496623473135417192440335506227171
-1.0 0.871740148509606615337445761220663438 -0.209299217902478868768657260345351255 0.00310381469846800922205853006209586046
-0.871740148509606615337445761220663438 0.871740148509606615337445761220663438 -0.209299217902478868768657260345351255 0.0183116325626459714081200636088110519
-0.59170018143314230214451073139795319 0.871740148509606615337445761220663438 -0.209299217902478868768657260345351255 0.0296458855535159390034673481385499526
-0.209299217902478868768657260345351255 0.871740148509606615337445761220663438 -0.209299217902478868768657260345351255 0.035845478742474338583992899929227228
0.209299217902478868768657260345351255 0.871740148509606615337445761220663438 -0.209299217902478868768657260345351255 0.035845478742474338583992899929227228
0.59170018143314230214451073139795319 0.871740148509606615337445761220663438 -0.209299217902478868768657260345351255 0.0296458855535159390034673481385499526
0.871740148509606615337445761220663438 0.871740148509606615337445761220663438 -0.209299217902478868768657260345351255 0.0183116325626459714081200636088110519
1.0 0.871740148509606615337445761220663438 -0.209299217902478868768657260345351255 0.00310381469846800922205853006209586046
-1.0 1.0 -0.209299217902478868768657260345351255 0.000526095401350387604039608381890573711
-0.871740148509606615337445761220663438 1.0 -0.209299217902478868768657260345351255 0.00310381469846800922205853006209586046
-0.59170018143314230214451073139795319 1.0 -0.209299217902478868768657260345351255 0.00502496623473135417192440335506227171
-0.209299217902478868768657260345351255 1.0 -0.209299217902478868768657260345351255 0.00607579490326110191508649289388735803
0.209299217902478868768657260345351255 1.0 -0.209299217902478868768657260345351255 0.00607579490326110191508649289388735803
0.59170018143314230214451073139795319 1.0 -0.209299217902478868768657260345351255 0.00502496623473135417192440335506227171
0.871740148509606615337445761220663438 1.0 -0.209299217902478868768657260345351255 0.00310381469846800922205853006209586046
1.0 1.0 -0.209299217902478868768657260345351255 0.000526095401350387604039608381890573711
-1.0 -1.0 0.209299217902478868768657260345351255 0.000526095401350387604039608381890573711
-0.871740148509606615337445761220663438 -1.0 0.209299217902478868768657260345351255 0.00310381469846800922205853006209586046
-0.59170018143314230214451073139795319 -1.0 0.209299217902478868768657260345351255 0.00502496623473135417192440335506227171
-0.209299217902478868768657260345351255 -1.0 0.209299217902478868768657260345351255 0.00607579490326110191508649289388735803
0.209299217902478868768657260345351255 -1.0 0.209299217902478868768657260345351255 0.00607579490326110191508649289388735803
0.59170018143314230214451073139795319 -1.0 0.209299217902478868768657260345351255 0.00502496623473135417192440335506227171
0.871740148509606615337445761220663438 -1.0 0.209299217902478868768657260345351255 0.00310381469846800922205853006209586046
1.0 -1.0 0.209299217902478868768657260345351255 0.000526095401350387604039608381890573711
-1.0 -0.871740148509606615337445761220663438 0.209299217902478868768657260345351255 0.00310381469846800922205853006209586046
-0.871740148509606615337445761220663438 -0.871740148509606615337445761220663438 0.209299217902478868768657260345351255 0.0183116325626459714081200636088110519
-0.59170018143314230214451073139795319 -0.871740148509606615337445761220663438 0.209299217902478868768657260345351255 0.0296458855535159390034673481385499526
-0.209299217902478868768657260345351255 -0.871740148509606615337445761220663438 0.209299217902478868768657260345351255 0.035845478742474338583992899929227228
0.209299217902478868768657260345351255 -0.871740148509606615337445761220663438 0.209299217902478868768657260345351255 0.035845478742474338583992899929227228
0.59170018143314230214451073139795319 -0.871740148509606615337445761220663438 0.209299217902478868768657260345351255 0.0296458855535159390034673481385499526
0.871740148509606615337445761220663438 -0.871740148509606615337445761220663438 0.209299217902478868768657260345351255 0.0183116325626459714081200636088110519
1.0 -0.871740148509606615337445761220663438 0.209299217902478868768657260345351255 0.00310381469846800922205853006209586046
-1.0 -0.59170018143314230214451073139795319 0.209299217902478868768657260345351255 0.00502496623473135417192440335506227171
-0.871740148509606615337445761220663438 -0.59170018143314230214451073139795319 0.209299217902478868768657260345351255 0.0296458855535159390034673481385499526
-0.59170018143314230214451073139795319 -0.59170018143314230214451073139795319 0.209299217902478868768657260345351255 0.0479956403256471830980991000112669537
-0.209299217902478868768657260345351255 -0.59170018143314230214451073139795319 0.209299217902478868768657260345351255 0.0580325624585834405403924424368644298
0.209299217902478868768657260345351255 -0.59170018143314230214451073139795319 0.209299217902478868768657260345351255 0.0580325624585834405403924424368644298
0.59170018143314230214451073139795319 -0.59170018143314230214451073139795319 0.209299217902478868768657260345351255 0.0479956403256471830980991000112669537
0.871740148509606615337445761220663438 -0.59170018143314230214451073139795319 0.209299217902478868768657260345351255 0.0296458855535159390034673481385499526
1.0 -0.59170018143314230214451073139795319 0.209299217902478868768657260345351255 0.00502496623473135417192440335506227171
-1.0 -0.209299217902478868768657260345351255 0.209299217902478868768657260345351255 0.00607579490326110191508649289388735803
-0.871740148509606615337445761220663438 -0.209299217902478868768657260345351255 0.209299217902478868768657260345351255 0.035845478742474338583992899929227228
-0.59170018143314230214451073139795319 -0.209299217902478868768657260345351255 0.209299217902478868768657260345351255 0.0580325624585834405403924424368644298
-0.209299217902478868768657260345351255 -0.209299217902478868768657260345351255 0.209299217902478868768657260345351255 0.0701684211869919725829499657688670088
0.209299217902478868768657260345351255 -0.209299217902478868768657260345351255 0.209299217902478868768657260345351255 0.0701684211869919725829499657688670088
0.59170018143314230214451073139795319 -0.209299217902478868768657260345351255 0.209299217902478868768657260345351255 0.0580325624585834405403924424368644298
0.871740148509606615337445761220663438 -0.209299217902478868768657260345351255 0.209299217902478868768657260345351255 0.035845478742474338583992899929227228
1.0 -0.209299217902478868768657260345351255 0.209299217902478868768657260345351255 0.00607579490326110191508649289388735803
-1.0 0.209299217902478868768657260345351255 0.209299217902478868768657260345351255 0.00607579490326110191508649289388735803
-0.871740148509606615337445761220663438 0.209299217902478868768657260345351255 0.209299217902478868768657260345351255 0.035845478742474338583992899929227228
-0.59170018143314230214451073139795319 0.209299217902478868768657260345351255 0.209299217902478868768657260345351255 0.0580325624585834405403924424368644298
-0.209299217902478868768657260345351255 0.209299217902478868768657260345351255 0.209299217902478868768657260345351255 0.0701684211869919725829499657688670088
0.209299217902478868768657260345351255 0.209299217902478868768657260345351255 0.209299217902478868768657260345351255 0.0701684211869919725829499657688670088
0.59170018143314230214451073139795319 0.209299217902478868768657260345351255 0.209299217902478868768657260345351255 0.0580325624585834405403924424368644298
0.871740148509606615337445761220663438 0.209299217902478868768657260345351255 0.209299217902478868768657260345351255 0.035845478742474338583992899929227228
1.0 0.209299217902478868768657260345351255 0.209299217902478868768657260345351255 0.00607579490326110191508649289388735803
-1.0 0.59170018143314230214451073139795319 0.209299217902478868768657260345351255 0.00502496623473135417192440335506227171
-0.871740148509606615337445761220663438 0.59170018143314230214451073139795319 0.209299217902478868768657260345351255 0.0296458855535159390034673481385499526
-0.59170018143314230214451073139795319 0.59170018143314230214451073139795319 0.209299217902478868768657260345351255 0.0479956403256471830980991000112669537
-0.209299217902478868768657260345351255 0.59170018143314230214451073139795319 0.209299217902478868768657260345351255 0.0580325624585834405403924424368644298
0.209299217902478868768657260345351255 0.59170018143314230214451073139795319 0.209299217902478868768657260345351255 0.0580325624585834405403924424368644298
0.59170018143314230214451073139795319 0.59170018143314230214451073139795319 0.209299217902478868768657260345351255 0.0479956403256471830980991000112669537
0.871740148509606615337445761220663438 0.59170018143314230214451073139795319 0.209299217902478868768657260345351255 0.0296458855535159390034673481385499526
1.0 0.59170018143314230214451073139795319 0.209299217902478868768657260345351255 0.00502496623473135417192440335506227171
-1.0 0.871740148509606615337445761220663438 0.209299217902478868768657260345351255 0.00310381469846800922205853006209586046
-0.871740148509606615337445761220663438 0.871740148509606615337445761220663438 0.209299217902478868768657260345351255 0.0183116325626459714081200636088110519
-0.59170018143314230214451073139795319 0.871740148509606615337445761220663438 0.209299217902478868768657260345351255 0.0296458855535159390034673481385499526
-0.209299217902478868768657260345351255 0.871740148509606615337445761220663438 0.209299217902478868768657260345351255 0.035845478742474338583992899929227228
0.209299217902478868768657260345351255 0.871740148509606615337445761220663438 0.209299217902478868768657260345351255 0.035845478742474338583992899929227228
0.59170018143314230214451073139795319 0.871740148509606615337445761220663438 0.209299217902478868768657260345351255 0.0296458855535159390034673481385499526
0.871740148509606615337445761220663438 0.871740148509606615337445761220663438 0.209299217902478868768657260345351255 0.0183116325626459714081200636088110519
1.0 0.871740148509606615337445761220663438 0.209299217902478868768657260345351255 0.00310381469846800922205853006209586046
-1.0 1.0 0.209299217902478868768657260345351255 0.000526095401350387604039608381890573711
-0.871740148509606615337445761220663438 1.0 0.209299217902478868768657260345351255 0.00310381469846800922205853006209586046
-0.59170018143314230214451073139795319 1.0 0.209299217902478868768657260345351255 0.00502496623473135417192440335506227171
-0.209299217902478868768657260345351255 1.0 0.209299217902478868768657260345351255 0.00607579490326110191508649289388735803
0.209299217902478868768657260345351255 1.0 0.209299217902478868768657260345351255 0.00607579490326110191508649289388735803
0.59170018143314230214451073139795319 1.0 0.209299217902478868768657260345351255 0.00502496623473135417192440335506227171
0.871740148509606615337445761220663438 1.0 0.209299217902478868768657260345351255 0.00310381469846800922205853006209586046
1.0 1.0 0.209299217902478868768657260345351255 0.000526095401350387604039608381890573711
-1.0 -1.0 0.59170018143314230214451073139795319 0.000435105475106510669342143720800699199
-0.871740148509606615337445761220663438 -1.0 0.59170018143314230214451073139795319 0.00256699976003030942752662278627562228
-0.59170018143314230214451073139795319 -1.0 0.59170018143314230214451073139795319 0.00415588183311412447278685432028098437
-0.209299217902478868768657260345351255 -1.0 0.59170018143314230214451073139795319 0.00502496623473135417192440335506227171
0.209299217902478868768657260345351255 -1.0 0.59170018143314230214451073139795319 0.00502496623473135417192440335506227171
0.59170018143314230214451073139795319 -1.0 0.59170018143314230214451073139795319 0.00415588183311412447278685432028098437
0.871740148509606615337445761220663438 -1.0 0.59170018143314230214451073139795319 0.00256699976003030942752662278627562228
1.0 -1.0 0.59170018143314230214451073139795319 0.000435105475106510669342143720800699199
-1.0 -0.871740148509606615337445761220663438 0.59170018143314230214451073139795319 0.00256699976003030942752662278627562228
-0.871740148509606615337445761220663438 -0.871740148509606615337445761220663438 0.59170018143314230214451073139795319 0.0151445756144130507683918096020784545
-0.59170018143314230214451073139795319 -0.871740148509606615337445761220663438 0.59170018143314230214451073139795319 0.0245185323528893647713596574888133945
-0.209299217902478868768657260345351255 -0.871740148509606615337445761220663438 0.59170018143314230214451073139795319 0.0296458855535159390034673481385499526
0.209299217902478868768657260345351255 -0.871740148509606615337445761220663438 0.59170018143314230214451073139795319 0.0296458855535159390034673481385499526
0.59170018143314230214451073139795319 -0.871740148509606615337445761220663438 0.59170018143314230214451073139795319 0.0245185323528893647713596574888133945
0.871740148509606615337445761220663438 -0.871740148509606615337445761220663438 0.59170018143314230214451073139795319 0.0151445756144130507683918096020784545
1.0 -0.871740148509606615337445761220663438 0.59170018143314230214451073139795319 0.00256699976003030942752662278627562228
-1.0 -0.59170018143314230214451073139795319 0.59170018143314230214451073139795319 0.00415588183311412447278685432028098437
-0.871740148509606615337445761220663438 -0.59170018143314230214451073139795319 0.59170018143314230214451073139795319 0.0245185323528893647713596574888133945
-0.59170018143314230214451073139795319 -0.59170018143314230214451073139795319 0.59170018143314230214451073139795319 0.0396946368155448128957863091475062299
-0.209299217902478868768657260345351255 -0.59170018143314230214451073139795319 0.59170018143314230214451073139795319 0.0479956403256471830980991000112669537
0.209299217902478868768657260345351255 -0.59170018143314230214451073139795319 0.59170018143314230214451073139795319 0.0479956403256471830980991000112669537
0.59170018143314230214451073139795319 -0.59170018143314230214451073139795319 0.59170018143314230214451073139795319 0.0396946368155448128957863091475062299
0.871740148509606615337445761220663438 -0.59170018143314230214451073139795319 0.59170018143314230214451073139795319 0.0245185323528893647713596574888133945
1.0 -0.59170018143314230214451073139795319 0.59170018143314230214451073139795319 0.00415588183311412447278685432028098437
-1.0 -0.209299217902478868768657260345351255 0.59170018143314230214451073139795319 0.00502496623473135417192440335506227171
-0.871740148509606615337445761220663438 -0.209299217902478868768657260345351255 0.59170018143314230214451073139795319 0.0296458855535159390034673481385499526
-0.59170018143314230214451073139795319 -0.209299217902478868768657260345351255 0.59170018143314230214451073139795319 0.0479956403256471830980991000112669537
-0.209299217902478868768657260345351255 -0.209299217902478868768657260345351255 0.59170018143314230214451073139795319 0.0580325624585834405403924424368644298
0.209299217902478868768657260345351255 -0.209299217902478868768657260345351255 0.59170018143314230214451073139795319 0.0580325624585834405403924424368644298
0.59170018143314230214451073139795319 -0.209299217902478868768657260345351255 0.59170018143314230214451073139795319 0.0479956403256471830980991000112669537
0.871740148509606615337445761220663438 -0.209299217902478868768657260345351255 0.59170018143314230214451073139795319 0.0296458855535159390034673481385499526
1.0 -0.209299217902478868768657260345351255 0.59170018143314230214451073139795319 0.00502496623473135417192440335506227171
-1.0 0.209299217902478868768657260345351255 0.59170018143314230214451073139795319 0.00502496623473135417192440335506227171
-0.871740148509606615337445761220663438 0.209299217902478868768657260345351255 0.59170018143314230214451073139795319 0.0296458855535159390034673481385499526
-0.59170018143314230214451073139795319 0.209299217902478868768657260345351255 0.59170018143314230214451073139795319 0.0479956403256471830980991000112669537
-0.209299217902478868768657260345351255 0.209299217902478868768657260345351255 0.59170018143314230214451073139795319 0.0580325624585834405403924424368644298
0.209299217902478868768657260345351255 0.209299217902478868768657260345351255 0.59170018143314230214451073139795319 0.0580325624585834405403924424368644298
0.59170018143314230214451073139795319 0.209299217902478868768657260345351255 0.59170018143314230214451073139795319 0.0479956403256471830980991000112669537
0.871740148509606615337445761220663438 0.209299217902478868768657260345351255 0.59170018143314230214451073139795319 0.0296458855535159390034673481385499526
1.0 0.209299217902478868768657260345351255 0.59170018143314230214451073139795319 0.00502496623473135417192440335506227171
-1.0 0.59170018143314230214451073139795319 0.59170018143314230214451073139795319 0.00415588183311412447278685432028098437
-0.871740148509606615337445761220663438 0.59170018143314230214451073139795319 0.59170018143314230214451073139795319 0.0245185323528893647713596574888133945
-0.59170018143314230214451073139795319 0.59170018143314230214451073139795319 0.59170018143314230214451073139795319 0.0396946368155448128957863091475062299
-0.209299217902478868768657260345351255 0.59170018143314230214451073139795319 0.59170018143314230214451073139795319 0.0479956403256471830980991000112669537
0.209299217902478868768657260345351255 0.59170018143314230214451073139795319 0.59170018143314230214451073139795319 0.0479956403256471830980991000112669537
0.59170018143314230214451073139795319 0.59170018143314230214451073139795319 0.59170018143314230214451073139795319 0.0396946368155448128957863091475062299
0.871740148509606615337445761220663438 0.59170018143314230214451073139795319 0.59170018143314230214451073139795319 0.0245185323528893647713596574888133945
1.0 0.59170018143314230214451073139795319 0.59170018143314230214451073139795319 0.00415588183311412447278685432028098437
-1.0 0.871740148509606615337445761220663438 0.59170018143314230214451073139795319 0.00256699976003030942752662278627562228
-0.871740148509606615337445761220663438 0.871740148509606615337445761220663438 0.59170018143314230214451073139795319 0.0151445756144130507683918096020784545
-0.59170018143314230214451073139795319 0.871740148509606615337445761220663438 0.59170018143314230214451073139795319 0.0245185323528893647713596574888133945
-0.209299217902478868768657260345351255 0.871740148509606615337445761220663438 0.59170018143314230214451073139795319 0.0296458855535159390034673481385499526
0.209299217902478868768657260345351255 0.871740148509606615337445761220663438 0.59170018143314230214451073139795319 0.0296458855535159390034673481385499526
0.59170018143314230214451073139795319 0.871740148509606615337445761220663438 0.59170018143314230214451073139795319 0.0245185323528893647713596574888133945
0.871740148509606615337445761220663438 0.871740148509606615337445761220663438 0.59170018143314230214451073139795319 0.0151445756144130507683918096020784545
1.0 0.871740148509606615337445761220663438 0.59170018143314230214451073139795319 0.00256699976003030942752662278627562228
-1.0 1.0 0.59170018143314230214451073139795319 0.000435105475106510669342143720800699199
-0.871740148509606615337445761220663438 1.0 0.59170018143314230214451073139795319 0.00256699976003030942752662278627562228
-0.59170018143314230214451073139795319 1.0 0.59170018143314230214451073139795319 0.00415588183311412447278685432028098437
-0.209299217902478868768657260345351255 1.0 0.59170018143314230214451073139795319 0.00502496623473135417192440335506227171
0.209299217902478868768657260345351255 1.0 0.59170018143314230214451073139795319 0.00502496623473135417192440335506227171
0.59170018143314230214451073139795319 1.0 0.59170018143314230214451073139795319 0.00415588183311412447278685432028098437
0.871740148509606615337445761220663438 1.0 0.59170018143314230214451073139795319 0.00256699976003030942752662278627562228
1.0 1.0 0.59170018143314230214451073139795319 0.000435105475106510669342143720800699199
-1.0 -1.0 0.871740148509606615337445761220663438 0.000268755391764676070641571512469076944
-0.871740148509606615337445761220663438 -1.0 0.871740148509606615337445761220663438 0.00158558111914793525773727798829359476
-0.59170018143314230214451073139795319 -1.0 0.871740148509606615337445761220663438 0.00256699976003030942752662278627562228
-0.209299217902478868768657260345351255 -1.0 0.871740148509606615337445761220663438 0.00310381469846800922205853006209586046
0.209299217902478868768657260345351255 -1.0 0.871740148509606615337445761220663438 0.00310381469846800922205853006209586046
0.59170018143314230214451073139795319 -1.0 0.871740148509606615337445761220663438 0.00256699976003030942752662278627562228
0.871740148509606615337445761220663438 -1.0 0.871740148509606615337445761220663438 0.00158558111914793525773727798829359476
1.0 -1.0 0.871740148509606615337445761220663438 0.000268755391764676070641571512469076944
-1.0 -0.871740148509606615337445761220663438 0.871740148509606615337445761220663438 0.00158558111914793525773727798829359476
-0.871740148509606615337445761220663438 -0.871740148509606615337445761220663438 0.871740148509606615337445761220663438 0.00935448203993522978239463247303755206
-0.59170018143314230214451073139795319 -0.871740148509606615337445761220663438 0.871740148509606615337445761220663438 0.0151445756144130507683918096020784545
-0.209299217902478868768657260345351255 -0.871740148509606615337445761220663438 0.871740148509606615337445761220663438 0.0183116325626459714081200636088110519
0.209299217902478868768657260345351255 -0.871740148509606615337445761220663438 0.871740148509606615337445761220663438 0.0183116325626459714081200636088110519
0.59170018143314230214451073139795319 -0.871740148509606615337445761220663438 0.871740148509606615337445761220663438 0.0151445756144130507683918096020784545
0.871740148509606615337445761220663438 -0.871740148509606615337445761220663438 0.871740148509606615337445761220663438 0.00935448203993522978239463247303755206
1.0 -0.871740148509606615337445761220663438 0.871740148509606615337445761220663438 0.00158558111914793525773727798829359476
-1.0 -0.59170018143314230214451073139795319 0.871740148509606615337445761220663438 0.00256699976003030942752662278627562228
-0.871740148509606615337445761220663438 -0.59170018143314230214451073139795319 0.871740148509606615337445761220663438 0.0151445756144130507683918096020784545
-0.59170018143314230214451073139795319 -0.59170018143314230214451073139795319 0.871740148509606615337445761220663438 0.0245185323528893647713596574888133945
-0.209299217902478868768657260345351255 -0.59170018143314230214451073139795319 0.871740148509606615337445761220663438 0.0296458855535159390034673481385499526
0.209299217902478868768657260345351255 -0.59170018143314230214451073139795319 0.871740148509606615337445761220663438 0.0296458855535159390034673481385499526
0.59170018143314230214451073139795319 -0.59170018143314230214451073139795319 0.871740148509606615337445761220663438 0.0245185323528893647713596574888133945
0.871740148509606615337445761220663438 -0.59170018143314230214451073139795319 0.871740148509606615337445761220663438 0.0151445756144130507683918096020784545
1.0 -0.59170018143314230214451073139795319 0.871740148509606615337445761220663438 0.00256699976003030942752662278627562228
-1.0 -0.209299217902478868768657260345351255 0.871740148509606615337445761220663438 0.00310381469846800922205853006209586046
-0.871740148509606615337445761220663438 -0.209299217902478868768657260345351255 0.871740148509606615337445761220663438 0.0183116325626459714081200636088110519
-0.59170018143314230214451073139795319 -0.209299217902478868768657260345351255 0.871740148509606615337445761220663438 0.0296458855535159390034673481385499526
-0.209299217902478868768657260345351255 -0.209299217902478868768657260345351255 0.871740148509606615337445761220663438 0.035845478742474338583992899929227228
0.209299217902478868768657260345351255 -0.209299217902478868768657260345351255 0.871740148509606615337445761220663438 0.035845478742474338583992899929227228
0.59170018143314230214451073139795319 -0.209299217902478868768657260345351255 0.871740148509606615337445761220663438 0.0296458855535159390034673481385499526
0.871740148509606615337445761220663438 -0.209299217902478868768657260345351255 0.871740148509606615337445761220663438 0.0183116325626459714081200636088110519
1.0 -0.209299217902478868768657260345351255 0.871740148509606615337445761220663438 0.00310381469846800922205853006209586046
-1.0 0.209299217902478868768657260345351255 0.871740148509606615337445761220663438 0.00310381469846800922205853006209586046
-0.871740148509606615337445761220663438 0.209299217902478868768657260345351255 0.871740148509606615337445761220663438 0.0183116325626459714081200636088110519
-0.59170018143314230214451073139795319 0.209299217902478868768657260345351255 0.871740148509606615337445761220663438 0.0296458855535159390034673481385499526
-0.209299217902478868768657260345351255 0.209299217902478868768657260345351255 0.871740148509606615337445761220663438 0.035845478742474338583992899929227228
0.209299217902478868768657260345351255 0.209299217902478868768657260345351255 0.871740148509606615337445761220663438 0.035845478742474338583992899929227228
0.59170018143314230214451073139795319 0.209299217902478868768657260345351255 0.871740148509606615337445761220663438 0.0296458855535159390034673481385499526
0.871740148509606615337445761220663438 0.209299217902478868768657260345351255 0.871740148509606615337445761220663438 0.0183116325626459714081200636088110519
1.0 0.209299217902478868768657260345351255 0.871740148509606615337445761220663438 0.00310381469846800922205853006209586046
-1.0 0.59170018143314230214451073139795319 0.871740148509606615337445761220663438 0.00256699976003030942752662278627562228
-0.871740148509606615337445761220663438 0.59170018143314230214451073139795319 0.871740148509606615337445761220663438 0.0151445756144130507683918096020784545
-0.59170018143314230214451073139795319 0.59170018143314230214451073139795319 0.871740148509606615337445761220663438 0.0245185323528893647713596574888133945
-0.209299217902478868768657260345351255 0.59170018143314230214451073139795319 0.871740148509606615337445761220663438 0.0296458855535159390034673481385499526
0.209299217902478868768657260345351255 0.59170018143314230214451073139795319 0.871740148509606615337445761220663438 0.0296458855535159390034673481385499526
0.59170018143314230214451073139795319 0.59170018143314230214451073139795319 0.871740148509606615337445761220663438 0.0245185323528893647713596574888133945
0.871740148509606615337445761220663438 0.59170018143314230214451073139795319 0.871740148509606615337445761220663438 0.0151445756144130507683918096020784545
1.0 0.59170018143314230214451073139795319 0.871740148509606615337445761220663438 0.00256699976003030942752662278627562228
-1.0 0.871740148509606615337445761220663438 0.871740148509606615337445761220663438 0.00158558111914793525773727798829359476
-0.871740148509606615337445761220663438 0.871740148509606615337445761220663438 0.871740148509606615337445761220663438 0.00935448203993522978239463247303755206
-0.59170018143314230214451073139795319 0.871740148509606615337445761220663438 0.871740148509606615337445761220663438 0.0151445756144130507683918096020784545
-0.209299217902478868768657260345351255 0.871740148509606615337445761220663438 0.871740148509606615337445761220663438 0.0183116325626459714081200636088110519
0.209299217902478868768657260345351255 0.871740148509606615337445761220663438 0.871740148509606615337445761220663438 0.0183116325626459714081200636088110519
0.59170018143314230214451073139795319 0.871740148509606615337445761220663438 0.871740148509606615337445761220663438 0.0151445756144130507683918096020784545
0.871740148509606615337445761220663438 0.871740148509606615337445761220663438 0.871740148509606615337445761220663438 0.00935448203993522978239463247303755206
1.0 0.871740148509606615337445761220663438 0.871740148509606615337445761220663438 0.00158558111914793525773727798829359476
-1.0 1.0 0.871740148509606615337445761220663438 0.000268755391764676070641571512469076944
-0.871740148509606615337445761220663438 1.0 0.871740148509606615337445761220663438 0.00158558111914793525773727798829359476
-0.59170018143314230214451073139795319 1.0 0.871740148509606615337445761220663438 0.00256699976003030942752662278627562228
-0.209299217902478868768657260345351255 1.0 0.871740148509606615337445761220663438 0.00310381469846800922205853006209586046
0.209299217902478868768657260345351255 1.0 0.871740148509606615337445761220663438 0.00310381469846800922205853006209586046
0.59170018143314230214451073139795319 1.0 0.871740148509606615337445761220663438 0.00256699976003030942752662278627562228
0.871740148509606615337445761220663438 1.0 0.871740148509606615337445761220663438 0.00158558111914793525773727798829359476
1.0 1.0 0.871740148509606615337445761220663438 0.000268755391764676070641571512469076944
-1.0 -1.0 1.0 0.0000455539358600583090379008746355685131
-0.871740148509606615337445761220663438 -1.0 1.0 0.000268755391764676070641571512469076944
-0.59170018143314230214451073139795319 -1.0 1.0 0.000435105475106510669342143720800699199
-0.209299217902478868768657260345351255 -1.0 1.0 0.000526095401350387604039608381890573711
0.209299217902478868768657260345351255 -1.0 1.0 0.000526095401350387604039608381890573711
0.59170018143314230214451073139795319 -1.0 1.0 0.000435105475106510669342143720800699199
0.871740148509606615337445761220663438 -1.0 1.0 0.000268755391764676070641571512469076944
1.0 -1.0 1.0 0.0000455539358600583090379008746355685131
-1.0 -0.871740148509606615337445761220663438 1.0 0.000268755391764676070641571512469076944
-0.871740148509606615337445761220663438 -0.871740148509606615337445761220663438 1.0 0.00158558111914793525773727798829359476
-0.59170018143314230214451073139795319 -0.871740148509606615337445761220663438 1.0 0.00256699976003030942752662278627562228
-0.209299217902478868768657260345351255 -0.871740148509606615337445761220663438 1.0 0.00310381469846800922205853006209586046
0.209299217902478868768657260345351255 -0.871740148509606615337445761220663438 1.0 0.00310381469846800922205853006209586046
0.59170018143314230214451073139795319 -0.871740148509606615337445761220663438 1.0 0.00256699976003030942752662278627562228
0.871740148509606615337445761220663438 -0.871740148509606615337445761220663438 1.0 0.00158558111914793525773727798829359476
1.0 -0.871740148509606615337445761220663438 1.0 0.000268755391764676070641571512469076944
-1.0 -0.59170018143314230214451073139795319 1.0 0.000435105475106510669342143720800699199
-0.871740148509606615337445761220663438 -0.59170018143314230214451073139795319 1.0 0.00256699976003030942752662278627562228
-0.59170018143314230214451073139795319 -0.59170018143314230214451073139795319 1.0 0.00415588183311412447278685432028098437
-0.209299217902478868768657260345351255 -0.59170018143314230214451073139795319 1.0 0.00502496623473135417192440335506227171
0.209299217902478868768657260345351255 -0.59170018143314230214451073139795319 1.0 0.00502496623473135417192440335506227171
0.59170018143314230214451073139795319 -0.59170018143314230214451073139795319 1.0 0.00415588183311412447278685432028098437
0.871740148509606615337445761220663438 -0.59170018143314230214451073139795319 1.0 0.00256699976003030942752662278627562228
1.0 -0.59170018143314230214451073139795319 1.0 0.000435105475106510669342143720800699199
-1.0 -0.209299217902478868768657260345351255 1.0 0.000526095401350387604039608381890573711
-0.871740148509606615337445761220663438 -0.209299217902478868768657260345351255 1.0 0.00310381469846800922205853006209586046
-0.59170018143314230214451073139795319 -0.209299217902478868768657260345351255 1.0 0.00502496623473135417192440335506227171
-0.209299217902478868768657260345351255 -0.209299217902478868768657260345351255 1.0 0.00607579490326110191508649289388735803
0.209299217902478868768657260345351255 -0.209299217902478868768657260345351255 1.0 0.00607579490326110191508649289388735803
0.59170018143314230214451073139795319 -0.209299217902478868768657260345351255 1.0 0.00502496623473135417192440335506227171
0.871740148509606615337445761220663438 -0.209299217902478868768657260345351255 1.0 0.00310381469846800922205853006209586046
1.0 -0.209299217902478868768657260345351255 1.0 0.000526095401350387604039608381890573711
-1.0 0.209299217902478868768657260345351255 1.0 0.000526095401350387604039608381890573711
-0.871740148509606615337445761220663438 0.209299217902478868768657260345351255 1.0 0.00310381469846800922205853006209586046
-0.59170018143314230214451073139795319 0.209299217902478868768657260345351255 1.0 0.00502496623473135417192440335506227171
-0.209299217902478868768657260345351255 0.209299217902478868768657260345351255 1.0 0.00607579490326110191508649289388735803
0.209299217902478868768657260345351255 0.209299217902478868768657260345351255 1.0 0.00607579490326110191508649289388735803
0.59170018143314230214451073139795319 0.209299217902478868768657260345351255 1.0 0.00502496623473135417192440335506227171
0.871740148509606615337445761220663438 0.209299217902478868768657260345351255 1.0 0.00310381469846800922205853006209586046
1.0 0.209299217902478868768657260345351255 1.0 0.000526095401350387604039608381890573711
-1.0 0.59170018143314230214451073139795319 1.0 0.000435105475106510669342143720800699199
-0.871740148509606615337445761220663438 0.59170018143314230214451073139795319 1.0 0.00256699976003030942752662278627562228
-0.59170018143314230214451073139795319 0.59170018143314230214451073139795319 1.0 0.00415588183311412447278685432028098437
-0.209299217902478868768657260345351255 0.59170018143314230214451073139795319 1.0 0.00502496623473135417192440335506227171
0.209299217902478868768657260345351255 0.59170018143314230214451073139795319 1.0 0.00502496623473135417192440335506227171
0.59170018143314230214451073139795319 0.59170018143314230214451073139795319 1.0 0.00415588183311412447278685432028098437
0.871740148509606615337445761220663438 0.59170018143314230214451073139795319 1.0 0.00256699976003030942752662278627562228
1.0 0.59170018143314230214451073139795319 1.0 0.000435105475106510669342143720800699199
-1.0 0.871740148509606615337445761220663438 1.0 0.000268755391764676070641571512469076944
-0.871740148509606615337445761220663438 0.871740148509606615337445761220663438 1.0 0.00158558111914793525773727798829359476
-0.59170018143314230214451073139795319 0.871740148509606615337445761220663438 1.0 0.00256699976003030942752662278627562228
-0.209299217902478868768657260345351255 0.871740148509606615337445761220663438 1.0 0.00310381469846800922205853006209586046
0.209299217902478868768657260345351255 0.871740148509606615337445761220663438 1.0 0.00310381469846800922205853006209586046
0.59170018143314230214451073139795319 0.871740148509606615337445761220663438 1.0 0.00256699976003030942752662278627562228
0.871740148509606615337445761220663438 0.871740148509606615337445761220663438 1.0 0.00158558111914793525773727798829359476
1.0 0.871740148509606615337445761220663438 1.0 0.000268755391764676070641571512469076944
-1.0 1.0 1.0 0.0000455539358600583090379008746355685131
-0.871740148509606615337445761220663438 1.0 1.0 0.000268755391764676070641571512469076944
-0.59170018143314230214451073139795319 1.0 1.0 0.000435105475106510669342143720800699199
-0.209299217902478868768657260345351255 1.0 1.0 0.000526095401350387604039608381890573711
0.209299217902478868768657260345351255 1.0 1.0 0.000526095401350387604039608381890573711
0.59170018143314230214451073139795319 1.0 1.0 0.000435105475106510669342143720800699199
0.871740148509606615337445761220663438 1.0 1.0 0.000268755391764676070641571512469076944
1.0 1.0 1.0 0.0000455539358600583090379008746355685131
