-1.0 -1.0 -1.0 0.000107979699816434510312061332469495735
-0.83022389627856692987203221396746514 -1.0 -1.0 0.000627723463404911446736282100430989328
-0.468848793470714213803771881908766329 -1.0 -1.0 0.000979014469863634066707190526715107206
0.0 -1.0 -1.0 0.00110571212612028938559550804448763632
0.468848793470714213803771881908766329 -1.0 -1.0 0.000979014469863634066707190526715107206
0.83022389627856692987203221396746514 -1.0 -1.0 0.000627723463404911446736282100430989328
1.0 -1.0 -1.0 0.000107979699816434510312061332469495735
-1.0 -0.83022389627856692987203221396746514 -1.0 0.000627723463404911446736282100430989328
-0.83022389627856692987203221396746514 -0.83022389627856692987203221396746514 -1.0 0.0036491743094203787317118737671439278
-0.468848793470714213803771881908766329 -0.83022389627856692987203221396746514 -1.0 0.00569135082604470359572400388726919339
0.0 -0.83022389627856692987203221396746514 -1.0 0.00642788826526629321457952870841333072
0.468848793470714213803771881908766329 -0.83022389627856692987203221396746514 -1.0 0.00569135082604470359572400388726919339
0.83022389627856692987203221396746514 -0.83022389627856692987203221396746514 -1.0 0.0036491743094203787317118737671439278
1.0 -0.83022389627856692987203221396746514 -1.0 0.000627723463404911446736282100430989328
-1.0 -0.468848793470714213803771881908766329 -1.0 0.000979014469863634066707190526715107206
-0.83022389627856692987203221396746514 -0.468848793470714213803771881908766329 -1.0 0.00569135082604470359572400388726919339
-0.468848793470714213803771881908766329 -0.468848793470714213803771881908766329 -1.0 0.00887638448552617131687899115025160184
0.0 -0.468848793470714213803771881908766329 -1.0 0.0100251081714036128430816309935626978
0.468848793470714213803771881908766329 -0.468848793470714213803771881908766329 -1.0 0.00887638448552617131687899115025160184
0.83022389627856692987203221396746514 -0.468848793470714213803771881908766329 -1.0 0.00569135082604470359572400388726919339
1.0 -0.468848793470714213803771881908766329 -1.0 0.000979014469863634066707190526715107206
-1.0 0.0 -1.0 0.00110571212612028938559550804448763632
-0.83022389627856692987203221396746514 0.0 -1.0 0.00642788826526629321457952870841333072
-0.468848793470714213803771881908766329 0.0 -1.0 0.0100251081714036128430816309935626978
0.0 0.0 -1.0 0.011322492171471763308498002375553396
0.468848793470714213803771881908766329 0.0 -1.0 0.0100251081714036128430816309935626978
0.83022389627856692987203221396746514 0.0 -1.0 0.00642788826526629321457952870841333072
1.0 0.0 -1.0 0.00110571212612028938559550804448763632
-1.0 0.468848793470714213803771881908766329 -1.0 0.000979014469863634066707190526715107206
-0.83022389627856692987203221396746514 0.468848793470714213803771881908766329 -1.0 0.00569135082604470359572400388726919339
-0.468848793470714213803771881908766329 0.468848793470714213803771881908766329 -1.0 0.00887638448552617131687899115025160184
0.0 0.468848793470714213803771881908766329 -1.0 0.0100251081714036128430816309935626978
0.468848793470714213803771881908766329 0.468848793470714213803771881908766329 -1.0 0.00887638448552617131687899115025160184
0.83022389627856692987203221396746514 0.468848793470714213803771881908766329 -1.0 0.00569135082604470359572400388726919339
1.0 0.468848793470714213803771881908766329 -1.0 0.000979014469863634066707190526715107206
-1.0 0.83022389627856692987203221396746514 -1.0 0.000627723463404911446736282100430989328
-0.83022389627856692987203221396746514 0.83022389627856692987203221396746514 -1.0 0.0036491743094203787317118737671439278
-0.468848793470714213803771881908766329 0.83022389627856692987203221396746514 -1.0 0.00569135082604470359572400388726919339
0.0 0.83022389627856692987203221396746514 -1.0 0.00642788826526629321457952870841333072
0.468848793470714213803771881908766329 0.83022389627856692987203221396746514 -1.0 0.00569135082604470359572400388726919339
0.83022389627856692987203221396746514 0.83022389627856692987203221396746514 -1.0 0.0036491743094203787317118737671439278
1.0 0.83022389627856692987203221396746514 -1.0 0.000627723463404911446736282100430989328
-1.0 1.0 -1.0 0.000107979699816434510312061332469495735
-0.83022389627856692987203221396746514 1.0 -1.0 0.000627723463404911446736282100430989328
-0.468848793470714213803771881908766329 1.0 -1.0 0.000979014469863634066707190526715107206
0.0 1.0 -1.0 0.00110571212612028938559550804448763632
0.468848793470714213803771881908766329 1.0 -1.0 0.000979014469863634066707190526715107206
0.83022389627856692987203221396746514 1.0 -1.0 0.000627723463404911446736282100430989328
1.0 1.0 -1.0 0.000107979699816434510312061332469495735
-1.0 -1.0 -0.83022389627856692987203221396746514 0.000627723463404911446736282100430989328
-0.83022389627856692987203221396746514 -1.0 -0.83022389627856692987203221396746514 0.0036491743094203787317118737671439278
-0.468848793470714213803771881908766329 -1.0 -0.83022389627856692987203221396746514 0.00569135082604470359572400388726919339
0.0 -1.0 -0.83022389627856692987203221396746514 0.00642788826526629321457952870841333072
0.468848793470714213803771881908766329 -1.0 -0.83022389627856692987203221396746514 0.00569135082604470359572400388726919339
0.83022389627856692987203221396746514 -1.0 -0.83022389627856692987203221396746514 0.0036491743094203787317118737671439278
1.0 -1.0 -0.83022389627856692987203221396746514 0.000627723463404911446736282100430989328
-1.0 -0.83022389627856692987203221396746514 -0.83022389627856692987203221396746514 0.0036491743094203787317118737671439278
-0.83022389627856692987203221396746514 -0.83022389627856692987203221396746514 -0.83022389627856692987203221396746514 0.0212139165044145249578754192184252326
-0.468848793470714213803771881908766329 -0.83022389627856692987203221396746514 -0.83022389627856692987203221396746514 0.0330857972197607105699972624366764131
0.0 -0.83022389627856692987203221396746514 -0.83022389627856692987203221396746514 0.0373675449284646782127295873755538207
0.468848793470714213803771881908766329 -0.83022389627856692987203221396746514 -0.83022389627856692987203221396746514 0.0330857972197607105699972624366764131
0.83022389627856692987203221396746514 -0.83022389627856692987203221396746514 -0.83022389627856692987203221396746514 0.0212139165044145249578754192184252326
1.0 -0.83022389627856692987203221396746514 -0.83022389627856692987203221396746514 0.0036491743094203787317118737671439278
-1.0 -0.468848793470714213803771881908766329 -0.83022389627856692987203221396746514 0.00569135082604470359572400388726919339
-0.83022389627856692987203221396746514 -0.468848793470714213803771881908766329 -0.83022389627856692987203221396746514 0.0330857972197607105699972624366764131
-0.468848793470714213803771881908766329 -0.468848793470714213803771881908766329 -0.83022389627856692987203221396746514 0.0516015030717844789343759154058891846
0.0 -0.468848793470714213803771881908766329 -0.83022389627856692987203221396746514 0.0582794324586977648202137998056365403
0.468848793470714213803771881908766329 -0.468848793470714213803771881908766329 -0.83022389627856692987203221396746514 0.0516015030717844789343759154058891846
0.83022389627856692987203221396746514 -0.468848793470714213803771881908766329 -0.83022389627856692987203221396746514 0.0330857972197607105699972624366764131
1.0 -0.468848793470714213803771881908766329 -0.83022389627856692987203221396746514 0.00569135082604470359572400388726919339
-1.0 0.0 -0.83022389627856692987203221396746514 0.00642788826526629321457952870841333072
-0.83022389627856692987203221396746514 0.0 -0.83022389627856692987203221396746514 0.0373675449284646782127295873755538207
-0.468848793470714213803771881908766329 0.0 -0.83022389627856692987203221396746514 0.0582794324586977648202137998056365403
0.0 0.0 -0.83022389627856692987203221396746514 0.0658215758363268425172943739741525065
0.468848793470714213803771881908766329 0.0 -0.83022389627856692987203221396746514 0.0582794324586977648202137998056365403
0.83022389627856692987203221396746514 0.0 -0.83022389627856692987203221396746514 0.0373675449284646782127295873755538207
1.0 0.0 -0.83022389627856692987203221396746514 0.00642788826526629321457952870841333072
-1.0 0.468848793470714213803771881908766329 -0.83022389627856692987203221396746514 0.00569135082604470359572400388726919339
-0.83022389627856692987203221396746514 0.468848793470714213803771881908766329 -0.83022389627856692987203221396746514 0.0330857972197607105699972624366764131
-0.468848793470714213803771881908766329 0.468848793470714213803771881908766329 -0.83022389627856692987203221396746514 0.0516015030717844789343759154058891846
0.0 0.468848793470714213803771881908766329 -0.83022389627856692987203221396746514 0.0582794324586977648202137998056365403
0.468848793470714213803771881908766329 0.468848793470714213803771881908766329 -0.83022389627856692987203221396746514 0.0516015030717844789343759154058891846
0.83022389627856692987203221396746514 0.468848793470714213803771881908766329 -0.83022389627856692987203221396746514 0.0330857972197607105699972624366764131
1.0 0.468848793470714213803771881908766329 -0.83022389627856692987203221396746514 0.00569135082604470359572400388726919339
-1.0 0.83022389627856692987203221396746514 -0.83022389627856692987203221396746514 0.0036491743094203787317118737671439278
-0.83022389627856692987203221396746514 0.83022389627856692987203221396746514 -0.83022389627856692987203221396746514 0.0212139165044145249578754192184252326
-0.468848793470714213803771881908766329 0.83022389627856692987203221396746514 -0.83022389627856692987203221396746514 0.0330857972197607105699972624366764131
0.0 0.83022389627856692987203221396746514 -0.83022389627856692987203221396746514 0.0373675449284646782127295873755538207
0.468848793470714213803771881908766329 0.83022389627856692987203221396746514 -0.83022389627856692987203221396746514 0.0330857972197607105699972624366764131
0.83022389627856692987203221396746514 0.83022389627856692987203221396746514 -0.83022389627856692987203221396746514 0.0212139165044145249578754192184252326
1.0 0.83022389627856692987203221396746514 -0.83022389627856692987203221396746514 0.0036491743094203787317118737671439278
-1.0 1.0 -0.83022389627856692987203221396746514 0.000627723463404911446736282100430989328
-0.83022389627856692987203221396746514 1.0 -0.83022389627856692987203221396746514 0.0036491743094203787317118737671439278
-0.468848793470714213803771881908766329 1.0 -0.83022389627856692987203221396746514 0.00569135082604470359572400388726919339
0.0 1.0 -0.83022389627856692987203221396746514 0.00642788826526629321457952870841333072
0.468848793470714213803771881908766329 1.0 -0.83022389627856692987203221396746514 0.00569135082604470359572400388726919339
0.83022389627856692987203221396746514 1.0 -0.83022389627856692987203221396746514 0.0036491743094203787317118737671439278
1.0 1.0 -0.83022389627856692987203221396746514 0.000627723463404911446736282100430989328
-1.0 -1.0 -0.468848793470714213803771881908766329 0.000979014469863634066707190526715107206
-0.83022389627856692987203221396746514 -1.0 -0.468848793470714213803771881908766329 0.00569135082604470359572400388726919339
-0.468848793470714213803771881908766329 -1.0 -0.468848793470714213803771881908766329 0.00887638448552617131687899115025160184
0.0 -1.0 -0.468848793470714213803771881908766329 0.0100251081714036128430816309935626978
0.468848793470714213803771881908766329 -1.0 -0.468848793470714213803771881908766329 0.00887638448552617131687899115025160184
0.83022389627856692987203221396746514 -1.0 -0.468848793470714213803771881908766329 0.00569135082604470359572400388726919339
1.0 -1.0 -0.468848793470714213803771881908766329 0.000979014469863634066707190526715107206
-1.0 -0.83022389627856692987203221396746514 -0.468848793470714213803771881908766329 0.00569135082604470359572400388726919339
-0.83022389627856692987203221396746514 -0.83022389627856692987203221396746514 -0.468848793470714213803771881908766329 0.0330857972197607105699972624366764131
-0.468848793470714213803771881908766329 -0.83022389627856692987203221396746514 -0.468848793470714213803771881908766329 0.0516015030717844789343759154058891846
0.0 -0.83022389627856692987203221396746514 -0.468848793470714213803771881908766329 0.0582794324586977648202137998056365403
0.468848793470714213803771881908766329 -0.83022389627856692987203221396746514 -0.468848793470714213803771881908766329 0.0516015030717844789343759154058891846
0.83022389627856692987203221396746514 -0.83022389627856692987203221396746514 -0.468848793470714213803771881908766329 0.0330857972197607105699972624366764131
1.0 -0.83022389627856692987203221396746514 -0.468848793470714213803771881908766329 0.00569135082604470359572400388726919339
-1.0 -0.468848793470714213803771881908766329 -0.468848793470714213803771881908766329 0.00887638448552617131687899115025160184
-0.83022389627856692987203221396746514 -0.468848793470714213803771881908766329 -0.468848793470714213803771881908766329 0.0516015030717844789343759154058891846
-0.468848793470714213803771881908766329 -0.468848793470714213803771881908766329 -0.468848793470714213803771881908766329 0.0804790980728449502607834729098546507
0.0 -0.468848793470714213803771881908766329 -0.468848793470714213803771881908766329 0.0908941771317879942848408693785764028
0.468848793470714213803771881908766329 -0.468848793470714213803771881908766329 -0.468848793470714213803771881908766329 0.0804790980728449502607834729098546507
0.83022389627856692987203221396746514 -0.468848793470714213803771881908766329 -0.468848793470714213803771881908766329 0.0516015030717844789343759154058891846
1.0 -0.468848793470714213803771881908766329 -0.468848793470714213803771881908766329 0.00887638448552617131687899115025160184
-1.0 0.0 -0.468848793470714213803771881908766329 0.0100251081714036128430816309935626978
-0.83022389627856692987203221396746514 0.0 -0.468848793470714213803771881908766329 0.0582794324586977648202137998056365403
-0.468848793470714213803771881908766329 0.0 -0.468848793470714213803771881908766329 0.0908941771317879942848408693785764028
0.0 0.0 -0.468848793470714213803771881908766329 0.102657107675172995513155901374082025
0.468848793470714213803771881908766329 0.0 -0.468848793470714213803771881908766329 0.0908941771317879942848408693785764028
0.83022389627856692987203221396746514 0.0 -0.468848793470714213803771881908766329 0.0582794324586977648202137998056365403
1.0 0.0 -0.468848793470714213803771881908766329 0.0100251081714036128430816309935626978
-1.0 0.468848793470714213803771881908766329 -0.468848793470714213803771881908766329 0.00887638448552617131687899115025160184
-0.83022389627856692987203221396746514 0.468848793470714213803771881908766329 -0.468848793470714213803771881908766329 0.0516015030717844789343759154058891846
-0.468848793470714213803771881908766329 0.468848793470714213803771881908766329 -0.468848793470714213803771881908766329 0.0804790980728449502607834729098546507
0.0 0.468848793470714213803771881908766329 -0.468848793470714213803771881908766329 0.0908941771317879942848408693785764028
0.468848793470714213803771881908766329 0.468848793470714213803771881908766329 -0.468848793470714213803771881908766329 0.0804790980728449502607834729098546507
0.83022389627856692987203221396746514 0.468848793470714213803771881908766329 -0.468848793470714213803771881908766329 0.0516015030717844789343759154058891846
1.0 0.468848793470714213803771881908766329 -0.468848793470714213803771881908766329 0.00887638448552617131687899115025160184
-1.0 0.83022389627856692987203221396746514 -0.468848793470714213803771881908766329 0.00569135082604470359572400388726919339
-0.83022389627856692987203221396746514 0.83022389627856692987203221396746514 -0.468848793470714213803771881908766329 0.0330857972197607105699972624366764131
-0.468848793470714213803771881908766329 0.83022389627856692987203221396746514 -0.468848793470714213803771881908766329 0.0516015030717844789343759154058891846
0.0 0.83022389627856692987203221396746514 -0.468848793470714213803771881908766329 0.0582794324586977648202137998056365403
0.468848793470714213803771881908766329 0.83022389627856692987203221396746514 -0.468848793470714213803771881908766329 0.0516015030717844789343759154058891846
0.83022389627856692987203221396746514 0.83022389627856692987203221396746514 -0.468848793470714213803771881908766329 0.0330857972197607105699972624366764131
1.0 0.83022389627856692987203221396746514 -0.468848793470714213803771881908766329 0.00569135082604470359572400388726919339
-1.0 1.0 -0.468848793470714213803771881908766329 0.000979014469863634066707190526715107206
-0.83022389627856692987203221396746514 1.0 -0.468848793470714213803771881908766329 0.00569135082604470359572400388726919339
-0.468848793470714213803771881908766329 1.0 -0.468848793470714213803771881908766329 0.00887638448552617131687899115025160184
0.0 1.0 -0.468848793470714213803771881908766329 0.0100251081714036128430816309935626978
0.468848793470714213803771881908766329 1.0 -0.468848793470714213803771881908766329 0.00887638448552617131687899115025160184
0.83022389627856692987203221396746514 1.0 -0.468848793470714213803771881908766329 0.00569135082604470359572400388726919339
1.0 1.0 -0.468848793470714213803771881908766329 0.000979014469863634066707190526715107206
-1.0 -1.0 0.0 0.00110571212612028938559550804448763632
-0.83022389627856692987203221396746514 -1.0 0.0 0.00642788826526629321457952870841333072
-0.468848793470714213803771881908766329 -1.0 0.0 0.0100251081714036128430816309935626978
0.0 -1.0 0.0 0.011322492171471763308498002375553396
0.468848793470714213803771881908766329 -1.0 0.0 0.0100251081714036128430816309935626978
0.83022389627856692987203221396746514 -1.0 0.0 0.00642788826526629321457952870841333072
1.0 -1.0 0.0 0.00110571212612028938559550804448763632
-1.0 -0.83022389627856692987203221396746514 0.0 0.00642788826526629321457952870841333072
-0.83022389627856692987203221396746514 -0.83022389627856692987203221396746514 0.0 0.0373675449284646782127295873755538207
-0.468848793470714213803771881908766329 -0.83022389627856692987203221396746514 0.0 0.0582794324586977648202137998056365403
0.0 -0.83022389627856692987203221396746514 0.0 0.0658215758363268425172943739741525065
0.468848793470714213803771881908766329 -0.83022389627856692987203221396746514 0.0 0.0582794324586977648202137998056365403
0.83022389627856692987203221396746514 -0.83022389627856692987203221396746514 0.0 0.0373675449284646782127295873755538207
1.0 -0.83022389627856692987203221396746514 0.0 0.00642788826526629321457952870841333072
-1.0 -0.468848793470714213803771881908766329 0.0 0.0100251081714036128430816309935626978
-0.83022389627856692987203221396746514 -0.468848793470714213803771881908766329 0.0 0.0582794324586977648202137998056365403
-0.468848793470714213803771881908766329 -0.468848793470714213803771881908766329 0.0 0.0908941771317879942848408693785764028
0.0 -0.468848793470714213803771881908766329 0.0 0.102657107675172995513155901374082025
0.468848793470714213803771881908766329 -0.468848793470714213803771881908766329 0.0 0.0908941771317879942848408693785764028
0.83022389627856692987203221396746514 -0.468848793470714213803771881908766329 0.0 0.0582794324586977648202137998056365403
1.0 -0.468848793470714213803771881908766329 0.0 0.0100251081714036128430816309935626978
-1.0 0.0 0.0 0.011322492171471763308498002375553396
-0.83022389627856692987203221396746514 0.0 0.0 0.0658215758363268425172943739741525065
-0.468848793470714213803771881908766329 0.0 0.0 0.102657107675172995513155901374082025
0.0 0.0 0.0 0.115942319835870856279019544325666775
0.468848793470714213803771881908766329 0.0 0.0 0.102657107675172995513155901374082025
0.83022389627856692987203221396746514 0.0 0.0 0.0658215758363268425172943739741525065
1.0 0.0 0.0 0.011322492171471763308498002375553396
-1.0 0.468848793470714213803771881908766329 0.0 0.0100251081714036128430816309935626978
-0.83022389627856692987203221396746514 0.468848793470714213803771881908766329 0.0 0.0582794324586977648202137998056365403
-0.468848793470714213803771881908766329 0.468848793470714213803771881908766329 0.0 0.0908941771317879942848408693785764028
0.0 0.468848793470714213803771881908766329 0.0 0.102657107675172995513155901374082025
0.468848793470714213803771881908766329 0.468848793470714213803771881908766329 0.0 0.0908941771317879942848408693785764028
0.83022389627856692987203221396746514 0.468848793470714213803771881908766329 0.0 0.0582794324586977648202137998056365403
1.0 0.468848793470714213803771881908766329 0.0 0.0100251081714036128430816309935626978
-1.0 0.83022389627856692987203221396746514 0.0 0.00642788826526629321457952870841333072
-0.83022389627856692987203221396746514 0.83022389627856692987203221396746514 0.0 0.0373675449284646782127295873755538207
-0.468848793470714213803771881908766329 0.83022389627856692987203221396746514 0.0 0.0582794324586977648202137998056365403
0.0 0.83022389627856692987203221396746514 0.0 0.0658215758363268425172943739741525065
0.468848793470714213803771881908766329 0.83022389627856692987203221396746514 0.0 0.0582794324586977648202137998056365403
0.83022389627856692987203221396746514 0.83022389627856692987203221396746514 0.0 0.0373675449284646782127295873755538207
1.0 0.83022389627856692987203221396746514 0.0 0.00642788826526629321457952870841333072
-1.0 1.0 0.0 0.00110571212612028938559550804448763632
-0.83022389627856692987203221396746514 1.0 0.0 0.00642788826526629321457952870841333072
-0.468848793470714213803771881908766329 1.0 0.0 0.0100251081714036128430816309935626978
0.0 1.0 0.0 0.011322492171471763308498002375553396
0.468848793470714213803771881908766329 1.0 0.0 0.0100251081714036128430816309935626978
0.83022389627856692987203221396746514 1.0 0.0 0.00642788826526629321457952870841333072
1.0 1.0 0.0 0.00110571212612028938559550804448763632
-1.0 -1.0 0.468848793470714213803771881908766329 0.000979014469863634066707190526715107206
-0.83022389627856692987203221396746514 -1.0 0.468848793470714213803771881908766329 0.00569135082604470359572400388726919339
-0.468848793470714213803771881908766329 -1.0 0.468848793470714213803771881908766329 0.00887638448552617131687899115025160184
0.0 -1.0 0.468848793470714213803771881908766329 0.0100251081714036128430816309935626978
0.468848793470714213803771881908766329 -1.0 0.468848793470714213803771881908766329 0.00887638448552617131687899115025160184
0.83022389627856692987203221396746514 -1.0 0.468848793470714213803771881908766329 0.00569135082604470359572400388726919339
1.0 -1.0 0.468848793470714213803771881908766329 0.000979014469863634066707190526715107206
-1.0 -0.83022389627856692987203221396746514 0.468848793470714213803771881908766329 0.00569135082604470359572400388726919339
-0.83022389627856692987203221396746514 -0.83022389627856692987203221396746514 0.468848793470714213803771881908766329 0.0330857972197607105699972624366764131
-0.468848793470714213803771881908766329 -0.83022389627856692987203221396746514 0.468848793470714213803771881908766329 0.0516015030717844789343759154058891846
0.0 -0.83022389627856692987203221396746514 0.468848793470714213803771881908766329 0.0582794324586977648202137998056365403
0.468848793470714213803771881908766329 -0.83022389627856692987203221396746514 0.468848793470714213803771881908766329 0.0516015030717844789343759154058891846
0.83022389627856692987203221396746514 -0.83022389627856692987203221396746514 0.468848793470714213803771881908766329 0.0330857972197607105699972624366764131
1.0 -0.83022389627856692987203221396746514 0.468848793470714213803771881908766329 0.00569135082604470359572400388726919339
-1.0 -0.468848793470714213803771881908766329 0.468848793470714213803771881908766329 0.00887638448552617131687899115025160184
-0.83022389627856692987203221396746514 -0.468848793470714213803771881908766329 0.468848793470714213803771881908766329 0.0516015030717844789343759154058891846
-0.468848793470714213803771881908766329 -0.468848793470714213803771881908766329 0.468848793470714213803771881908766329 0.0804790980728449502607834729098546507
0.0 -0.468848793470714213803771881908766329 0.468848793470714213803771881908766329 0.0908941771317879942848408693785764028
0.468848793470714213803771881908766329 -0.468848793470714213803771881908766329 0.468848793470714213803771881908766329 0.0804790980728449502607834729098546507
0.83022389627856692987203221396746514 -0.468848793470714213803771881908766329 0.468848793470714213803771881908766329 0.0516015030717844789343759154058891846
1.0 -0.468848793470714213803771881908766329 0.468848793470714213803771881908766329 0.00887638448552617131687899115025160184
-1.0 0.0 0.468848793470714213803771881908766329 0.0100251081714036128430816309935626978
-0.83022389627856692987203221396746514 0.0 0.468848793470714213803771881908766329 0.0582794324586977648202137998056365403
-0.468848793470714213803771881908766329 0.0 0.468848793470714213803771881908766329 0.0908941771317879942848408693785764028
0.0 0.0 0.468848793470714213803771881908766329 0.102657107675172995513155901374082025
0.468848793470714213803771881908766329 0.0 0.468848793470714213803771881908766329 0.0908941771317879942848408693785764028
0.83022389627856692987203221396746514 0.0 0.468848793470714213803771881908766329 0.0582794324586977648202137998056365403
1.0 0.0 0.468848793470714213803771881908766329 0.0100251081714036128430816309935626978
-1.0 0.468848793470714213803771881908766329 0.468848793470714213803771881908766329 0.00887638448552617131687899115025160184
-0.83022389627856692987203221396746514 0.468848793470714213803771881908766329 0.468848793470714213803771881908766329 0.0516015030717844789343759154058891846
-0.468848793470714213803771881908766329 0.468848793470714213803771881908766329 0.468848793470714213803771881908766329 0.0804790980728449502607834729098546507
0.0 0.468848793470714213803771881908766329 0.468848793470714213803771881908766329 0.0908941771317879942848408693785764028
0.468848793470714213803771881908766329 0.468848793470714213803771881908766329 0.468848793470714213803771881908766329 0.0804790980728449502607834729098546507
0.83022389627856692987203221396746514 0.468848793470714213803771881908766329 0.468848793470714213803771881908766329 0.0516015030717844789343759154058891846
1.0 0.468848793470714213803771881908766329 0.468848793470714213803771881908766329 0.00887638448552617131687899115025160184
-1.0 0.83022389627856692987203221396746514 0.468848793470714213803771881908766329 0.00569135082604470359572400388726919339
-0.83022389627856692987203221396746514 0.83022389627856692987203221396746514 0.468848793470714213803771881908766329 0.0330857972197607105699972624366764131
-0.468848793470714213803771881908766329 0.83022389627856692987203221396746514 0.468848793470714213803771881908766329 0.0516015030717844789343759154058891846
0.0 0.83022389627856692987203221396746514 0.468848793470714213803771881908766329 0.0582794324586977648202137998056365403
0.468848793470714213803771881908766329 0.83022389627856692987203221396746514 0.468848793470714213803771881908766329 0.0516015030717844789343759154058891846
0.83022389627856692987203221396746514 0.83022389627856692987203221396746514 0.468848793470714213803771881908766329 0.0330857972197607105699972624366764131
1.0 0.83022389627856692987203221396746514 0.468848793470714213803771881908766329 0.00569135082604470359572400388726919339
-1.0 1.0 0.468848793470714213803771881908766329 0.000979014469863634066707190526715107206
-0.83022389627856692987203221396746514 1.0 0.468848793470714213803771881908766329 0.00569135082604470359572400388726919339
-0.468848793470714213803771881908766329 1.0 0.468848793470714213803771881908766329 0.00887638448552617131687899115025160184
0.0 1.0 0.468848793470714213803771881908766329 0.0100251081714036128430816309935626978
0.468848793470714213803771881908766329 1.0 0.468848793470714213803771881908766329 0.00887638448552617131687899115025160184
0.83022389627856692987203221396746514 1.0 0.468848793470714213803771881908766329 0.00569135082604470359572400388726919339
1.0 1.0 0.468848793470714213803771881908766329 0.000979014469863634066707190526715107206
-1.0 -1.0 0.83022389627856692987203221396746514 0.000627723463404911446736282100430989328
-0.83022389627856692987203221396746514 -1.0 0.83022389627856692987203221396746514 0.0036491743094203787317118737671439278
-0.468848793470714213803771881908766329 -1.0 0.83022389627856692987203221396746514 0.00569135082604470359572400388726919339
0.0 -1.0 0.83022389627856692987203221396746514 0.00642788826526629321457952870841333072
0.468848793470714213803771881908766329 -1.0 0.83022389627856692987203221396746514 0.00569135082604470359572400388726919339
0.83022389627856692987203221396746514 -1.0 0.83022389627856692987203221396746514 0.0036491743094203787317118737671439278
1.0 -1.0 0.83022389627856692987203221396746514 0.000627723463404911446736282100430989328
-1.0 -0.83022389627856692987203221396746514 0.83022389627856692987203221396746514 0.0036491743094203787317118737671439278
-0.83022389627856692987203221396746514 -0.83022389627856692987203221396746514 0.83022389627856692987203221396746514 0.0212139165044145249578754192184252326
-0.468848793470714213803771881908766329 -0.83022389627856692987203221396746514 0.83022389627856692987203221396746514 0.0330857972197607105699972624366764131
0.0 -0.83022389627856692987203221396746514 0.83022389627856692987203221396746514 0.0373675449284646782127295873755538207
0.468848793470714213803771881908766329 -0.83022389627856692987203221396746514 0.83022389627856692987203221396746514 0.0330857972197607105699972624366764131
0.83022389627856692987203221396746514 -0.83022389627856692987203221396746514 0.83022389627856692987203221396746514 0.0212139165044145249578754192184252326
1.0 -0.83022389627856692987203221396746514 0.83022389627856692987203221396746514 0.0036491743094203787317118737671439278
-1.0 -0.468848793470714213803771881908766329 0.83022389627856692987203221396746514 0.00569135082604470359572400388726919339
-0.83022389627856692987203221396746514 -0.468848793470714213803771881908766329 0.83022389627856692987203221396746514 0.0330857972197607105699972624366764131
-0.468848793470714213803771881908766329 -0.468848793470714213803771881908766329 0.83022389627856692987203221396746514 0.0516015030717844789343759154058891846
0.0 -0.468848793470714213803771881908766329 0.83022389627856692987203221396746514 0.0582794324586977648202137998056365403
0.468848793470714213803771881908766329 -0.468848793470714213803771881908766329 0.83022389627856692987203221396746514 0.0516015030717844789343759154058891846
0.83022389627856692987203221396746514 -0.468848793470714213803771881908766329 0.83022389627856692987203221396746514 0.0330857972197607105699972624366764131
1.0 -0.468848793470714213803771881908766329 0.83022389627856692987203221396746514 0.00569135082604470359572400388726919339
-1.0 0.0 0.83022389627856692987203221396746514 0.00642788826526629321457952870841333072
-0.83022389627856692987203221396746514 0.0 0.83022389627856692987203221396746514 0.0373675449284646782127295873755538207
-0.468848793470714213803771881908766329 0.0 0.83022389627856692987203221396746514 0.0582794324586977648202137998056365403
0.0 0.0 0.83022389627856692987203221396746514 0.0658215758363268425172943739741525065
0.468848793470714213803771881908766329 0.0 0.83022389627856692987203221396746514 0.0582794324586977648202137998056365403
0.83022389627856692987203221396746514 0.0 0.83022389627856692987203221396746514 0.0373675449284646782127295873755538207
1.0 0.0 0.83022389627856692987203221396746514 0.00642788826526629321457952870841333072
-1.0 0.468848793470714213803771881908766329 0.83022389627856692987203221396746514 0.00569135082604470359572400388726919339
-0.83022389627856692987203221396746514 0.468848793470714213803771881908766329 0.83022389627856692987203221396746514 0.0330857972197607105699972624366764131
-0.468848793470714213803771881908766329 0.468848793470714213803771881908766329 0.83022389627856692987203221396746514 0.0516015030717844789343759154058891846
0.0 0.468848793470714213803771881908766329 0.83022389627856692987203221396746514 0.0582794324586977648202137998056365403
0.468848793470714213803771881908766329 0.468848793470714213803771881908766329 0.83022389627856692987203221396746514 0.0516015030717844789343759154058891846
0.83022389627856692987203221396746514 0.468848793470714213803771881908766329 0.83022389627856692987203221396746514 0.0330857972197607105699972624366764131
1.0 0.468848793470714213803771881908766329 0.83022389627856692987203221396746514 0.00569135082604470359572400388726919339
-1.0 0.83022389627856692987203221396746514 0.83022389627856692987203221396746514 0.0036491743094203787317118737671439278
-0.83022389627856692987203221396746514 0.83022389627856692987203221396746514 0.83022389627856692987203221396746514 0.0212139165044145249578754192184252326
-0.468848793470714213803771881908766329 0.83022389627856692987203221396746514 0.83022389627856692987203221396746514 0.0330857972197607105699972624366764131
0.0 0.83022389627856692987203221396746514 0.83022389627856692987203221396746514 0.0373675449284646782127295873755538207
0.468848793470714213803771881908766329 0.83022389627856692987203221396746514 0.83022389627856692987203221396746514 0.0330857972197607105699972624366764131
0.83022389627856692987203221396746514 0.83022389627856692987203221396746514 0.83022389627856692987203221396746514 0.0212139165044145249578754192184252326
1.0 0.83022389627856692987203221396746514 0.83022389627856692987203221396746514 0.0036491743094203787317118737671439278
-1.0 1.0 0.83022389627856692987203221396746514 0.000627723463404911446736282100430989328
-0.83022389627856692987203221396746514 1.0 0.83022389627856692987203221396746514 0.0036491743094203787317118737671439278
-0.468848793470714213803771881908766329 1.0 0.83022389627856692987203221396746514 0.00569135082604470359572400388726919339
0.0 1.0 0.83022389627856692987203221396746514 0.00642788826526629321457952870841333072
0.468848793470714213803771881908766329 1.0 0.83022389627856692987203221396746514 0.00569135082604470359572400388726919339
0.83022389627856692987203221396746514 1.0 0.83022389627856692987203221396746514 0.0036491743094203787317118737671439278
1.0 1.0 0.83022389627856692987203221396746514 0.000627723463404911446736282100430989328
-1.0 -1.0 1.0 0.000107979699816434510312061332469495735
-0.83022389627856692987203221396746514 -1.0 1.0 0.000627723463404911446736282100430989328
-0.468848793470714213803771881908766329 -1.0 1.0 0.000979014469863634066707190526715107206
0.0 -1.0 1.0 0.00110571212612028938559550804448763632
0.468848793470714213803771881908766329 -1.0 1.0 0.000979014469863634066707190526715107206
0.83022389627856692987203221396746514 -1.0 1.0 0.000627723463404911446736282100430989328
1.0 -1.0 1.0 0.000107979699816434510312061332469495735
-1.0 -0.83022389627856692987203221396746514 1.0 0.000627723463404911446736282100430989328
-0.83022389627856692987203221396746514 -0.83022389627856692987203221396746514 1.0 0.0036491743094203787317118737671439278
-0.468848793470714213803771881908766329 -0.83022389627856692987203221396746514 1.0 0.00569135082604470359572400388726919339
0.0 -0.83022389627856692987203221396746514 1.0 0.00642788826526629321457952870841333072
0.468848793470714213803771881908766329 -0.83022389627856692987203221396746514 1.0 0.00569135082604470359572400388726919339
0.83022389627856692987203221396746514 -0.83022389627856692987203221396746514 1.0 0.0036491743094203787317118737671439278
1.0 -0.83022389627856692987203221396746514 1.0 0.000627723463404911446736282100430989328
-1.0 -0.468848793470714213803771881908766329 1.0 0.000979014469863634066707190526715107206
-0.83022389627856692987203221396746514 -0.468848793470714213803771881908766329 1.0 0.00569135082604470359572400388726919339
-0.468848793470714213803771881908766329 -0.468848793470714213803771881908766329 1.0 0.00887638448552617131687899115025160184
0.0 -0.468848793470714213803771881908766329 1.0 0.0100251081714036128430816309935626978
0.468848793470714213803771881908766329 -0.468848793470714213803771881908766329 1.0 0.00887638448552617131687899115025160184
0.83022389627856692987203221396746514 -0.468848793470714213803771881908766329 1.0 0.00569135082604470359572400388726919339
1.0 -0.468848793470714213803771881908766329 1.0 0.000979014469863634066707190526715107206
-1.0 0.0 1.0 0.00110571212612028938559550804448763632
-0.83022389627856692987203221396746514 0.0 1.0 0.00642788826526629321457952870841333072
-0.468848793470714213803771881908766329 0.0 1.0 0.0100251081714036128430816309935626978
0.0 0.0 1.0 0.011322492171471763308498002375553396
0.468848793470714213803771881908766329 0.0 1.0 0.0100251081714036128430816309935626978
0.83022389627856692987203221396746514 0.0 1.0 0.00642788826526629321457952870841333072
1.0 0.0 1.0 0.00110571212612028938559550804448763632
-1.0 0.468848793470714213803771881908766329 1.0 0.000979014469863634066707190526715107206
-0.83022389627856692987203221396746514 0.468848793470714213803771881908766329 1.0 0.00569135082604470359572400388726919339
-0.468848793470714213803771881908766329 0.468848793470714213803771881908766329 1.0 0.00887638448552617131687899115025160184
0.0 0.468848793470714213803771881908766329 1.0 0.0100251081714036128430816309935626978
0.468848793470714213803771881908766329 0.468848793470714213803771881908766329 1.0 0.00887638448552617131687899115025160184
0.83022389627856692987203221396746514 0.468848793470714213803771881908766329 1.0 0.00569135082604470359572400388726919339
1.0 0.468848793470714213803771881908766329 1.0 0.000979014469863634066707190526715107206
-1.0 0.83022389627856692987203221396746514 1.0 0.000627723463404911446736282100430989328
-0.83022389627856692987203221396746514 0.83022389627856692987203221396746514 1.0 0.0036491743094203787317118737671439278
-0.468848793470714213803771881908766329 0.83022389627856692987203221396746514 1.0 0.00569135082604470359572400388726919339
0.0 0.83022389627856692987203221396746514 1.0 0.00642788826526629321457952870841333072
0.468848793470714213803771881908766329 0.83022389627856692987203221396746514 1.0 0.00569135082604470359572400388726919339
0.83022389627856692987203221396746514 0.83022389627856692987203221396746514 1.0 0.0036491743094203787317118737671439278
1.0 0.83022389627856692987203221396746514 1.0 0.000627723463404911446736282100430989328
-1.0 1.0 1.0 0.000107979699816434510312061332469495735
-0.83022389627856692987203221396746514 1.0 1.0 0.000627723463404911446736282100430989328
-0.468848793470714213803771881908766329 1.0 1.0 0.000979014469863634066707190526715107206
0.0 1.0 1.0 0.00110571212612028938559550804448763632
0.468848793470714213803771881908766329 1.0 1.0 0.000979014469863634066707190526715107206
0.83022389627856692987203221396746514 1.0 1.0 0.000627723463404911446736282100430989328
1.0 1.0 1.0 0.000107979699816434510312061332469495735
