-0.96028985649753623168356086856947299 -0.96028985649753623168356086856947299 -0.96028985649753623168356086856947299 0.00103731073336788283266187937088321442
-0.796666477413626739591553936475830437 -0.96028985649753623168356086856947299 -0.96028985649753623168356086856947299 0.00227878661876758503634056581131383978
-0.525532409916328985817739049189246349 -0.96028985649753623168356086856947299 -0.96028985649753623168356086856947299 0.003214619936462586678949733141751073
-0.183434642495649804939476142360183981 -0.96028985649753623168356086856947299 -0.96028985649753623168356086856947299 0.00371649927089396874270089293725944736
0.183434642495649804939476142360183981 -0.96028985649753623168356086856947299 -0.96028985649753623168356086856947299 0.00371649927089396874270089293725944736
0.525532409916328985817739049189246349 -0.96028985649753623168356086856947299 -0.96028985649753623168356086856947299 0.003214619936462586678949733141751073
0.796666477413626739591553936475830437 -0.96028985649753623168356086856947299 -0.96028985649753623168356086856947299 0.00227878661876758503634056581131383978
0.96028985649753623168356086856947299 -0.96028985649753623168356086856947299 -0.96028985649753623168356086856947299 0.00103731073336788283266187937088321442
-0.96028985649753623168356086856947299 -0.796666477413626739591553936475830437 -0.96028985649753623168356086856947299 0.00227878661876758503634056581131383978
-0.796666477413626739591553936475830437 -0.796666477413626739591553936475830437 -0.96028985649753623168356086856947299 0.00500608765226431840699018593570680501
-0.525532409916328985817739049189246349 -0.796666477413626739591553936475830437 -0.96028985649753623168356086856947299 0.00706194649297673666552484176100907857
-0.183434642495649804939476142360183981 -0.796666477413626739591553936475830437 -0.96028985649753623168356086856947299 0.00816448585244619069516575591136215892
0.183434642495649804939476142360183981 -0.796666477413626739591553936475830437 -0.96028985649753623168356086856947299 0.00816448585244619069516575591136215892
0.525532409916328985817739049189246349 -0.796666477413626739591553936475830437 -0.96028985649753623168356086856947299 0.00706194649297673666552484176100907857
0.796666477413626739591553936475830437 -0.796666477413626739591553936475830437 -0.96028985649753623168356086856947299 0.00500608765226431840699018593570680501
0.96028985649753623168356086856947299 -0.796666477413626739591553936475830437 -0.96028985649753623168356086856947299 0.00227878661876758503634056581131383978
-0.96028985649753623168356086856947299 -0.525532409916328985817739049189246349 -0.96028985649753623168356086856947299 0.003214619936462586678949733141751073
-0.796666477413626739591553936475830437 -0.525532409916328985817739049189246349 -0.96028985649753623168356086856947299 0.00706194649297673666552484176100907857
-0.525532409916328985817739049189246349 -0.525532409916328985817739049189246349 -0.96028985649753623168356086856947299 0.00996208850780091511623790189286337154
-0.183434642495649804939476142360183981 -0.525532409916328985817739049189246349 -0.96028985649753623168356086856947299 0.011517409649541688710829555007461818
0.183434642495649804939476142360183981 -0.525532409916328985817739049189246349 -0.96028985649753623168356086856947299 0.011517409649541688710829555007461818
0.525532409916328985817739049189246349 -0.525532409916328985817739049189246349 -0.96028985649753623168356086856947299 0.00996208850780091511623790189286337154
0.796666477413626739591553936475830437 -0.525532409916328985817739049189246349 -0.96028985649753623168356086856947299 0.00706194649297673666552484176100907857
0.96028985649753623168356086856947299 -0.525532409916328985817739049189246349 -0.96028985649753623168356086856947299 0.003214619936462586678949733141751073
-0.96028985649753623168356086856947299 -0.183434642495649804939476142360183981 -0.96028985649753623168356086856947299 0.00371649927089396874270089293725944736
-0.796666477413626739591553936475830437 -0.183434642495649804939476142360183981 -0.96028985649753623168356086856947299 0.00816448585244619069516575591136215892
-0.525532409916328985817739049189246349 -0.183434642495649804939476142360183981 -0.96028985649753623168356086856947299 0.011517409649541688710829555007461818
-0.183434642495649804939476142360183981 -0.183434642495649804939476142360183981 -0.96028985649753623168356086856947299 0.013315553754765629737618697970193968
0.183434642495649804939476142360183981 -0.183434642495649804939476142360183981 -0.96028985649753623168356086856947299 0.013315553754765629737618697970193968
0.525532409916328985817739049189246349 -0.183434642495649804939476142360183981 -0.96028985649753623168356086856947299 0.011517409649541688710829555007461818
0.796666477413626739591553936475830437 -0.183434642495649804939476142360183981 -0.96028985649753623168356086856947299 0.00816448585244619069516575591136215892
0.96028985649753623168356086856947299 -0.183434642495649804939476142360183981 -0.96028985649753623168356086856947299 0.00371649927089396874270089293725944736
-0.96028985649753623168356086856947299 0.183434642495649804939476142360183981 -0.96028985649753623168356086856947299 0.00371649927089396874270089293725944736
-0.796666477413626739591553936475830437 0.183434642495649804939476142360183981 -0.96028985649753623168356086856947299 0.00816448585244619069516575591136215892
-0.525532409916328985817739049189246349 0.183434642495649804939476142360183981 -0.96028985649753623168356086856947299 0.011517409649541688710829555007461818
-0.183434642495649804939476142360183981 0.183434642495649804939476142360183981 -0.96028985649753623168356086856947299 0.013315553754765629737618697970193968
0.183434642495649804939476142360183981 0.183434642495649804939476142360183981 -0.96028985649753623168356086856947299 0.013315553754765629737618697970193968
0.525532409916328985817739049189246349 0.183434642495649804939476142360183981 -0.96028985649753623168356086856947299 0.011517409649541688710829555007461818
0.796666477413626739591553936475830437 0.183434642495649804939476142360183981 -0.96028985649753623168356086856947299 0.00816448585244619069516575591136215892
0.96028985649753623168356086856947299 0.183434642495649804939476142360183981 -0.96028985649753623168356086856947299 0.00371649927089396874270089293725944736
-0.96028985649753623168356086856947299 0.525532409916328985817739049189246349 -0.96028985649753623168356086856947299 0.003214619936462586678949733141751073
-0.796666477413626739591553936475830437 0.525532409916328985817739049189246349 -0.96028985649753623168356086856947299 0.00706194649297673666552484176100907857
-0.525532409916328985817739049189246349 0.525532409916328985817739049189246349 -0.96028985649753623168356086856947299 0.00996208850780091511623790189286337154
-0.183434642495649804939476142360183981 0.525532409916328985817739049189246349 -0.96028985649753623168356086856947299 0.011517409649541688710829555007461818
0.183434642495649804939476142360183981 0.525532409916328985817739049189246349 -0.96028985649753623168356086856947299 0.011517409649541688710829555007461818
0.525532409916328985817739049189246349 0.525532409916328985817739049189246349 -0.96028985649753623168356086856947299 0.00996208850780091511623790189286337154
0.796666477413626739591553936475830437 0.525532409916328985817739049189246349 -0.96028985649753623168356086856947299 0.00706194649297673666552484176100907857
0.96028985649753623168356086856947299 0.525532409916328985817739049189246349 -0.96028985649753623168356086856947299 0.003214619936462586678949733141751073
-0.96028985649753623168356086856947299 0.796666477413626739591553936475830437 -0.96028985649753623168356086856947299 0.00227878661876758503634056581131383978
-0.796666477413626739591553936475830437 0.796666477413626739591553936475830437 -0.96028985649753623168356086856947299 0.00500608765226431840699018593570680501
-0.525532409916328985817739049189246349 0.796666477413626739591553936475830437 -0.96028985649753623168356086856947299 0.00706194649297673666552484176100907857
-0.183434642495649804939476142360183981 0.796666477413626739591553936475830437 -0.96028985649753623168356086856947299 0.00816448585244619069516575591136215892
0.183434642495649804939476142360183981 0.796666477413626739591553936475830437 -0.96028985649753623168356086856947299 0.00816448585244619069516575591136215892
0.525532409916328985817739049189246349 0.796666477413626739591553936475830437 -0.96028985649753623168356086856947299 0.00706194649297673666552484176100907857
0.796666477413626739591553936475830437 0.796666477413626739591553936475830437 -0.96028985649753623168356086856947299 0.00500608765226431840699018593570680501
0.96028985649753623168356086856947299 0.796666477413626739591553936475830437 -0.96028985649753623168356086856947299 0.00227878661876758503634056581131383978
-0.96028985649753623168356086856947299 0.96028985649753623168356086856947299 -0.96028985649753623168356086856947299 0.00103731073336788283266187937088321442
-0.796666477413626739591553936475830437 0.96028985649753623168356086856947299 -0.96028985649753623168356086856947299 0.00227878661876758503634056581131383978
-0.525532409916328985817739049189246349 0.96028985649753623168356086856947299 -0.96028985649753623168356086856947299 0.003214619936462586678949733141751073
-0.183434642495649804939476142360183981 0.96028985649753623168356086856947299 -0.96028985649753623168356086856947299 0.00371649927089396874270089293725944736
0.183434642495649804939476142360183981 0.96028985649753623168356086856947299 -0.96028985649753623168356086856947299 0.00371649927089396874270089293725944736
0.525532409916328985817739049189246349 0.96028985649753623168356086856947299 -0.96028985649753623168356086856947299 0.003214619936462586678949733141751073
0.796666477413626739591553936475830437 0.96028985649753623168356086856947299 -0.96028985649753623168356086856947299 0.00227878661876758503634056581131383978
0.96028985649753623168356086856947299 0.96028985649753623168356086856947299 -0.96028985649753623168356086856947299 0.00103731073336788283266187937088321442
-0.96028985649753623168356086856947299 -0.96028985649753623168356086856947299 -0.796666477413626739591553936475830437 0.00227878661876758503634056581131383978
-0.796666477413626739591553936475830437 -0.96028985649753623168356086856947299 -0.796666477413626739591553936475830437 0.00500608765226431840699018593570680501
-0.525532409916328985817739049189246349 -0.96028985649753623168356086856947299 -0.796666477413626739591553936475830437 0.00706194649297673666552484176100907857
-0.183434642495649804939476142360183981 -0.96028985649753623168356086856947299 -0.796666477413626739591553936475830437 0.00816448585244619069516575591136215892
0.183434642495649804939476142360183981 -0.96028985649753623168356086856947299 -0.796666477413626739591553936475830437 0.00816448585244619069516575591136215892
0.525532409916328985817739049189246349 -0.96028985649753623168356086856947299 -0.796666477413626739591553936475830437 0.00706194649297673666552484176100907857
0.796666477413626739591553936475830437 -0.96028985649753623168356086856947299 -0.796666477413626739591553936475830437 0.00500608765226431840699018593570680501
0.96028985649753623168356086856947299 -0.96028985649753623168356086856947299 -0.796666477413626739591553936475830437 0.00227878661876758503634056581131383978
-0.96028985649753623168356086856947299 -0.796666477413626739591553936475830437 -0.796666477413626739591553936475830437 0.00500608765226431840699018593570680501
-0.796666477413626739591553936475830437 -0.796666477413626739591553936475830437 -0.796666477413626739591553936475830437 0.010997481456033270916744354844993998
-0.525532409916328985817739049189246349 -0.796666477413626739591553936475830437 -0.796666477413626739591553936475830437 0.0155138365515598967759966037376836962
-0.183434642495649804939476142360183981 -0.796666477413626739591553936475830437 -0.796666477413626739591553936475830437 0.0179359188246954372035301238322019912
0.183434642495649804939476142360183981 -0.796666477413626739591553936475830437 -0.796666477413626739591553936475830437 0.0179359188246954372035301238322019912
0.525532409916328985817739049189246349 -0.796666477413626739591553936475830437 -0.796666477413626739591553936475830437 0.0155138365515598967759966037376836962
0.796666477413626739591553936475830437 -0.796666477413626739591553936475830437 -0.796666477413626739591553936475830437 0.010997481456033270916744354844993998
0.96028985649753623168356086856947299 -0.796666477413626739591553936475830437 -0.796666477413626739591553936475830437 0.00500608765226431840699018593570680501
-0.96028985649753623168356086856947299 -0.525532409916328985817739049189246349 -0.796666477413626739591553936475830437 0.00706194649297673666552484176100907857
-0.796666477413626739591553936475830437 -0.525532409916328985817739049189246349 -0.796666477413626739591553936475830437 0.0155138365515598967759966037376836962
-0.525532409916328985817739049189246349 -0.525532409916328985817739049189246349 -0.796666477413626739591553936475830437 0.0218849311554399713111342794582844967
-0.183434642495649804939476142360183981 -0.525532409916328985817739049189246349 -0.796666477413626739591553936475830437 0.0253016942252463924221483437652842421
0.183434642495649804939476142360183981 -0.525532409916328985817739049189246349 -0.796666477413626739591553936475830437 0.0253016942252463924221483437652842421
0.525532409916328985817739049189246349 -0.525532409916328985817739049189246349 -0.796666477413626739591553936475830437 0.0218849311554399713111342794582844967
0.796666477413626739591553936475830437 -0.525532409916328985817739049189246349 -0.796666477413626739591553936475830437 0.0155138365515598967759966037376836962
0.96028985649753623168356086856947299 -0.525532409916328985817739049189246349 -0.796666477413626739591553936475830437 0.00706194649297673666552484176100907857
-0.96028985649753623168356086856947299 -0.183434642495649804939476142360183981 -0.796666477413626739591553936475830437 0.00816448585244619069516575591136215892
-0.796666477413626739591553936475830437 -0.183434642495649804939476142360183981 -0.796666477413626739591553936475830437 0.0179359188246954372035301238322019912
-0.525532409916328985817739049189246349 -0.183434642495649804939476142360183981 -0.796666477413626739591553936475830437 0.0253016942252463924221483437652842421
-0.183434642495649804939476142360183981 -0.183434642495649804939476142360183981 -0.796666477413626739591553936475830437 0.029251896024755698941425084425152606
0.183434642495649804939476142360183981 -0.183434642495649804939476142360183981 -0.796666477413626739591553936475830437 0.029251896024755698941425084425152606
0.525532409916328985817739049189246349 -0.183434642495649804939476142360183981 -0.796666477413626739591553936475830437 0.0253016942252463924221483437652842421
0.796666477413626739591553936475830437 -0.183434642495649804939476142360183981 -0.796666477413626739591553936475830437 0.0179359188246954372035301238322019912
0.96028985649753623168356086856947299 -0.183434642495649804939476142360183981 -0.796666477413626739591553936475830437 0.00816448585244619069516575591136215892
-0.96028985649753623168356086856947299 0.183434642495649804939476142360183981 -0.796666477413626739591553936475830437 0.00816448585244619069516575591136215892
-0.796666477413626739591553936475830437 0.183434642495649804939476142360183981 -0.796666477413626739591553936475830437 0.0179359188246954372035301238322019912
-0.525532409916328985817739049189246349 0.183434642495649804939476142360183981 -0.796666477413626739591553936475830437 0.0253016942252463924221483437652842421
-0.183434642495649804939476142360183981 0.183434642495649804939476142360183981 -0.796666477413626739591553936475830437 0.029251896024755698941425084425152606
0.183434642495649804939476142360183981 0.183434642495649804939476142360183981 -0.796666477413626739591553936475830437 0.029251896024755698941425084425152606
0.525532409916328985817739049189246349 0.183434642495649804939476142360183981 -0.796666477413626739591553936475830437 0.0253016942252463924221483437652842421
0.796666477413626739591553936475830437 0.183434642495649804939476142360183981 -0.796666477413626739591553936475830437 0.0179359188246954372035301238322019912
0.96028985649753623168356086856947299 0.183434642495649804939476142360183981 -0.796666477413626739591553936475830437 0.00816448585244619069516575591136215892
-0.96028985649753623168356086856947299 0.525532409916328985817739049189246349 -0.796666477413626739591553936475830437 0.00706194649297673666552484176100907857
-0.796666477413626739591553936475830437 0.525532409916328985817739049189246349 -0.796666477413626739591553936475830437 0.0155138365515598967759966037376836962
-0.525532409916328985817739049189246349 0.525532409916328985817739049189246349 -0.796666477413626739591553936475830437 0.0218849311554399713111342794582844967
-0.183434642495649804939476142360183981 0.525532409916328985817739049189246349 -0.796666477413626739591553936475830437 0.0253016942252463924221483437652842421
0.183434642495649804939476142360183981 0.525532409916328985817739049189246349 -0.796666477413626739591553936475830437 0.0253016942252463924221483437652842421
0.525532409916328985817739049189246349 0.525532409916328985817739049189246349 -0.796666477413626739591553936475830437 0.0218849311554399713111342794582844967
0.796666477413626739591553936475830437 0.525532409916328985817739049189246349 -0.796666477413626739591553936475830437 0.0155138365515598967759966037376836962
0.96028985649753623168356086856947299 0.525532409916328985817739049189246349 -0.796666477413626739591553936475830437 0.00706194649297673666552484176100907857
-0.96028985649753623168356086856947299 0.796666477413626739591553936475830437 -0.796666477413626739591553936475830437 0.00500608765226431840699018593570680501
-0.796666477413626739591553936475830437 0.796666477413626739591553936475830437 -0.796666477413626739591553936475830437 0.010997481456033270916744354844993998
-0.525532409916328985817739049189246349 0.796666477413626739591553936475830437 -0.796666477413626739591553936475830437 0.0155138365515598967759966037376836962
-0.183434642495649804939476142360183981 0.796666477413626739591553936475830437 -0.796666477413626739591553936475830437 0.0179359188246954372035301238322019912
0.183434642495649804939476142360183981 0.796666477413626739591553936475830437 -0.796666477413626739591553936475830437 0.0179359188246954372035301238322019912
0.525532409916328985817739049189246349 0.796666477413626739591553936475830437 -0.796666477413626739591553936475830437 0.0155138365515598967759966037376836962
0.796666477413626739591553936475830437 0.796666477413626739591553936475830437 -0.796666477413626739591553936475830437 0.010997481456033270916744354844993998
0.96028985649753623168356086856947299 0.796666477413626739591553936475830437 -0.796666477413626739591553936475830437 0.00500608765226431840699018593570680501
-0.96028985649753623168356086856947299 0.96028985649753623168356086856947299 -0.796666477413626739591553936475830437 0.00227878661876758503634056581131383978
-0.796666477413626739591553936475830437 0.96028985649753623168356086856947299 -0.796666477413626739591553936475830437 0.00500608765226431840699018593570680501
-0.525532409916328985817739049189246349 0.96028985649753623168356086856947299 -0.796666477413626739591553936475830437 0.00706194649297673666552484176100907857
-0.183434642495649804939476142360183981 0.96028985649753623168356086856947299 -0.796666477413626739591553936475830437 0.00816448585244619069516575591136215892
0.183434642495649804939476142360183981 0.96028985649753623168356086856947299 -0.796666477413626739591553936475830437 0.00816448585244619069516575591136215892
0.525532409916328985817739049189246349 0.96028985649753623168356086856947299 -0.796666477413626739591553936475830437 0.00706194649297673666552484176100907857
0.796666477413626739591553936475830437 0.96028985649753623168356086856947299 -0.796666477413626739591553936475830437 0.00500608765226431840699018593570680501
0.96028985649753623168356086856947299 0.96028985649753623168356086856947299 -0.796666477413626739591553936475830437 0.00227878661876758503634056581131383978
-0.96028985649753623168356086856947299 -0.96028985649753623168356086856947299 -0.525532409916328985817739049189246349 0.003214619936462586678949733141751073
-0.796666477413626739591553936475830437 -0.96028985649753623168356086856947299 -0.525532409916328985817739049189246349 0.00706194649297673666552484176100907857
-0.525532409916328985817739049189246349 -0.96028985649753623168356086856947299 -0.525532409916328985817739049189246349 0.00996208850780091511623790189286337154
-0.183434642495649804939476142360183981 -0.96028985649753623168356086856947299 -0.525532409916328985817739049189246349 0.011517409649541688710829555007461818
0.183434642495649804939476142360183981 -0.96028985649753623168356086856947299 -0.525532409916328985817739049189246349 0.011517409649541688710829555007461818
0.525532409916328985817739049189246349 -0.96028985649753623168356086856947299 -0.525532409916328985817739049189246349 0.00996208850780091511623790189286337154
0.796666477413626739591553936475830437 -0.96028985649753623168356086856947299 -0.525532409916328985817739049189246349 0.00706194649297673666552484176100907857
0.96028985649753623168356086856947299 -0.96028985649753623168356086856947299 -0.525532409916328985817739049189246349 0.003214619936462586678949733141751073
-0.96028985649753623168356086856947299 -0.796666477413626739591553936475830437 -0.525532409916328985817739049189246349 0.00706194649297673666552484176100907857
-0.796666477413626739591553936475830437 -0.796666477413626739591553936475830437 -0.525532409916328985817739049189246349 0.0155138365515598967759966037376836962
-0.525532409916328985817739049189246349 -0.796666477413626739591553936475830437 -0.525532409916328985817739049189246349 0.0218849311554399713111342794582844967
-0.183434642495649804939476142360183981 -0.796666477413626739591553936475830437 -0.525532409916328985817739049189246349 0.0253016942252463924221483437652842421
0.183434642495649804939476142360183981 -0.796666477413626739591553936475830437 -0.525532409916328985817739049189246349 0.0253016942252463924221483437652842421
0.525532409916328985817739049189246349 -0.796666477413626739591553936475830437 -0.525532409916328985817739049189246349 0.0218849311554399713111342794582844967
0.796666477413626739591553936475830437 -0.796666477413626739591553936475830437 -0.525532409916328985817739049189246349 0.0155138365515598967759966037376836962
0.96028985649753623168356086856947299 -0.796666477413626739591553936475830437 -0.525532409916328985817739049189246349 0.00706194649297673666552484176100907857
-0.96028985649753623168356086856947299 -0.525532409916328985817739049189246349 -0.525532409916328985817739049189246349 0.00996208850780091511623790189286337154
-0.796666477413626739591553936475830437 -0.525532409916328985817739049189246349 -0.525532409916328985817739049189246349 0.0218849311554399713111342794582844967
-0.525532409916328985817739049189246349 -0.525532409916328985817739049189246349 -0.525532409916328985817739049189246349 0.0308724544110392393963315875707413725
-0.183434642495649804939476142360183981 -0.525532409916328985817739049189246349 -0.525532409916328985817739049189246349 0.0356923855936740511448685273917746355
0.183434642495649804939476142360183981 -0.525532409916328985817739049189246349 -0.525532409916328985817739049189246349 0.0356923855936740511448685273917746355
0.525532409916328985817739049189246349 -0.525532409916328985817739049189246349 -0.525532409916328985817739049189246349 0.0308724544110392393963315875707413725
0.796666477413626739591553936475830437 -0.525532409916328985817739049189246349 -0.525532409916328985817739049189246349 0.0218849311554399713111342794582844967
0.96028985649753623168356086856947299 -0.525532409916328985817739049189246349 -0.525532409916328985817739049189246349 0.00996208850780091511623790189286337154
-0.96028985649753623168356086856947299 -0.183434642495649804939476142360183981 -0.525532409916328985817739049189246349 0.011517409649541688710829555007461818
-0.796666477413626739591553936475830437 -0.183434642495649804939476142360183981 -0.525532409916328985817739049189246349 0.0253016942252463924221483437652842421
-0.525532409916328985817739049189246349 -0.183434642495649804939476142360183981 -0.525532409916328985817739049189246349 0.0356923855936740511448685273917746355
-0.183434642495649804939476142360183981 -0.183434642495649804939476142360183981 -0.525532409916328985817739049189246349 0.041264823729466053745197378983069887
0.183434642495649804939476142360183981 -0.183434642495649804939476142360183981 -0.525532409916328985817739049189246349 0.041264823729466053745197378983069887
0.525532409916328985817739049189246349 -0.183434642495649804939476142360183981 -0.525532409916328985817739049189246349 0.0356923855936740511448685273917746355
0.796666477413626739591553936475830437 -0.183434642495649804939476142360183981 -0.525532409916328985817739049189246349 0.0253016942252463924221483437652842421
0.96028985649753623168356086856947299 -0.183434642495649804939476142360183981 -0.525532409916328985817739049189246349 0.011517409649541688710829555007461818
-0.96028985649753623168356086856947299 0.183434642495649804939476142360183981 -0.525532409916328985817739049189246349 0.011517409649541688710829555007461818
-0.796666477413626739591553936475830437 0.183434642495649804939476142360183981 -0.525532409916328985817739049189246349 0.0253016942252463924221483437652842421
-0.525532409916328985817739049189246349 0.183434642495649804939476142360183981 -0.525532409916328985817739049189246349 0.0356923855936740511448685273917746355
-0.183434642495649804939476142360183981 0.183434642495649804939476142360183981 -0.525532409916328985817739049189246349 0.041264823729466053745197378983069887
0.183434642495649804939476142360183981 0.183434642495649804939476142360183981 -0.525532409916328985817739049189246349 0.041264823729466053745197378983069887
0.525532409916328985817739049189246349 0.183434642495649804939476142360183981 -0.525532409916328985817739049189246349 0.0356923855936740511448685273917746355
0.796666477413626739591553936475830437 0.183434642495649804939476142360183981 -0.525532409916328985817739049189246349 0.0253016942252463924221483437652842421
0.96028985649753623168356086856947299 0.183434642495649804939476142360183981 -0.525532409916328985817739049189246349 0.011517409649541688710829555007461818
-0.96028985649753623168356086856947299 0.525532409916328985817739049189246349 -0.525532409916328985817739049189246349 0.00996208850780091511623790189286337154
-0.796666477413626739591553936475830437 0.525532409916328985817739049189246349 -0.525532409916328985817739049189246349 0.0218849311554399713111342794582844967
-0.525532409916328985817739049189246349 0.525532409916328985817739049189246349 -0.525532409916328985817739049189246349 0.0308724544110392393963315875707413725
-0.183434642495649804939476142360183981 0.525532409916328985817739049189246349 -0.525532409916328985817739049189246349 0.0356923855936740511448685273917746355
0.183434642495649804939476142360183981 0.525532409916328985817739049189246349 -0.525532409916328985817739049189246349 0.0356923855936740511448685273917746355
0.525532409916328985817739049189246349 0.525532409916328985817739049189246349 -0.525532409916328985817739049189246349 0.0308724544110392393963315875707413725
0.796666477413626739591553936475830437 0.525532409916328985817739049189246349 -0.525532409916328985817739049189246349 0.0218849311554399713111342794582844967
0.96028985649753623168356086856947299 0.525532409916328985817739049189246349 -0.525532409916328985817739049189246349 0.00996208850780091511623790189286337154
-0.96028985649753623168356086856947299 0.796666477413626739591553936475830437 -0.525532409916328985817739049189246349 0.00706194649297673666552484176100907857
-0.796666477413626739591553936475830437 0.796666477413626739591553936475830437 -0.525532409916328985817739049189246349 0.0155138365515598967759966037376836962
-0.525532409916328985817739049189246349 0.796666477413626739591553936475830437 -0.525532409916328985817739049189246349 0.0218849311554399713111342794582844967
-0.183434642495649804939476142360183981 0.796666477413626739591553936475830437 -0.525532409916328985817739049189246349 0.0253016942252463924221483437652842421
0.183434642495649804939476142360183981 0.796666477413626739591553936475830437 -0.525532409916328985817739049189246349 0.0253016942252463924221483437652842421
0.525532409916328985817739049189246349 0.796666477413626739591553936475830437 -0.525532409916328985817739049189246349 0.0218849311554399713111342794582844967
0.796666477413626739591553936475830437 0.796666477413626739591553936475830437 -0.525532409916328985817739049189246349 0.0155138365515598967759966037376836962
0.96028985649753623168356086856947299 0.796666477413626739591553936475830437 -0.525532409916328985817739049189246349 0.00706194649297673666552484176100907857
-0.96028985649753623168356086856947299 0.96028985649753623168356086856947299 -0.525532409916328985817739049189246349 0.003214619936462586678949733141751073
-0.796666477413626739591553936475830437 0.96028985649753623168356086856947299 -0.525532409916328985817739049189246349 0.00706194649297673666552484176100907857
-0.525532409916328985817739049189246349 0.96028985649753623168356086856947299 -0.525532409916328985817739049189246349 0.00996208850780091511623790189286337154
-0.183434642495649804939476142360183981 0.96028985649753623168356086856947299 -0.525532409916328985817739049189246349 0.011517409649541688710829555007461818
0.183434642495649804939476142360183981 0.96028985649753623168356086856947299 -0.525532409916328985817739049189246349 0.011517409649541688710829555007461818
0.525532409916328985817739049189246349 0.96028985649753623168356086856947299 -0.525532409916328985817739049189246349 0.00996208850780091511623790189286337154
0.796666477413626739591553936475830437 0.96028985649753623168356086856947299 -0.525532409916328985817739049189246349 0.00706194649297673666552484176100907857
0.96028985649753623168356086856947299 0.96028985649753623168356086856947299 -0.525532409916328985817739049189246349 0.003214619936462586678949733141751073
-0.96028985649753623168356086856947299 -0.96028985649753623168356086856947299 -0.183434642495649804939476142360183981 0.00371649927089396874270089293725944736
-0.796666477413626739591553936475830437 -0.96028985649753623168356086856947299 -0.183434642495649804939476142360183981 0.00816448585244619069516575591136215892
-0.525532409916328985817739049189246349 -0.96028985649753623168356086856947299 -0.183434642495649804939476142360183981 0.011517409649541688710829555007461818
-0.183434642495649804939476142360183981 -0.96028985649753623168356086856947299 -0.183434642495649804939476142360183981 0.013315553754765629737618697970193968
0.183434642495649804939476142360183981 -0.96028985649753623168356086856947299 -0.183434642495649804939476142360183981 0.013315553754765629737618697970193968
0.525532409916328985817739049189246349 -0.96028985649753623168356086856947299 -0.183434642495649804939476142360183981 0.011517409649541688710829555007461818
0.796666477413626739591553936475830437 -0.96028985649753623168356086856947299 -0.183434642495649804939476142360183981 0.00816448585244619069516575591136215892
0.96028985649753623168356086856947299 -0.96028985649753623168356086856947299 -0.183434642495649804939476142360183981 0.00371649927089396874270089293725944736
-0.96028985649753623168356086856947299 -0.796666477413626739591553936475830437 -0.183434642495649804939476142360183981 0.00816448585244619069516575591136215892
-0.796666477413626739591553936475830437 -0.796666477413626739591553936475830437 -0.183434642495649804939476142360183981 0.0179359188246954372035301238322019912
-0.525532409916328985817739049189246349 -0.796666477413626739591553936475830437 -0.183434642495649804939476142360183981 0.0253016942252463924221483437652842421
-0.183434642495649804939476142360183981 -0.796666477413626739591553936475830437 -0.183434642495649804939476142360183981 0.029251896024755698941425084425152606
0.183434642495649804939476142360183981 -0.796666477413626739591553936475830437 -0.183434642495649804939476142360183981 0.029251896024755698941425084425152606
0.525532409916328985817739049189246349 -0.796666477413626739591553936475830437 -0.183434642495649804939476142360183981 0.0253016942252463924221483437652842421
0.796666477413626739591553936475830437 -0.796666477413626739591553936475830437 -0.183434642495649804939476142360183981 0.0179359188246954372035301238322019912
0.96028985649753623168356086856947299 -0.796666477413626739591553936475830437 -0.183434642495649804939476142360183981 0.00816448585244619069516575591136215892
-0.96028985649753623168356086856947299 -0.525532409916328985817739049189246349 -0.183434642495649804939476142360183981 0.011517409649541688710829555007461818
-0.796666477413626739591553936475830437 -0.525532409916328985817739049189246349 -0.183434642495649804939476142360183981 0.0253016942252463924221483437652842421
-0.525532409916328985817739049189246349 -0.525532409916328985817739049189246349 -0.183434642495649804939476142360183981 0.0356923855936740511448685273917746355
-0.183434642495649804939476142360183981 -0.525532409916328985817739049189246349 -0.183434642495649804939476142360183981 0.041264823729466053745197378983069887
0.183434642495649804939476142360183981 -0.525532409916328985817739049189246349 -0.183434642495649804939476142360183981 0.041264823729466053745197378983069887
0.525532409916328985817739049189246349 -0.525532409916328985817739049189246349 -0.183434642495649804939476142360183981 0.0356923855936740511448685273917746355
0.796666477413626739591553936475830437 -0.525532409916328985817739049189246349 -0.183434642495649804939476142360183981 0.0253016942252463924221483437652842421
0.96028985649753623168356086856947299 -0.525532409916328985817739049189246349 -0.183434642495649804939476142360183981 0.011517409649541688710829555007461818
-0.96028985649753623168356086856947299 -0.183434642495649804939476142360183981 -0.183434642495649804939476142360183981 0.013315553754765629737618697970193968
-0.796666477413626739591553936475830437 -0.183434642495649804939476142360183981 -0.183434642495649804939476142360183981 0.029251896024755698941425084425152606
-0.525532409916328985817739049189246349 -0.183434642495649804939476142360183981 -0.183434642495649804939476142360183981 0.041264823729466053745197378983069887
-0.183434642495649804939476142360183981 -0.183434642495649804939476142360183981 -0.183434642495649804939476142360183981 0.0477072532166552173692812729909101784
0.183434642495649804939476142360183981 -0.183434642495649804939476142360183981 -0.183434642495649804939476142360183981 0.0477072532166552173692812729909101784
0.525532409916328985817739049189246349 -0.183434642495649804939476142360183981 -0.183434642495649804939476142360183981 0.041264823729466053745197378983069887
0.796666477413626739591553936475830437 -0.183434642495649804939476142360183981 -0.183434642495649804939476142360183981 0.029251896024755698941425084425152606
0.96028985649753623168356086856947299 -0.183434642495649804939476142360183981 -0.183434642495649804939476142360183981 0.013315553754765629737618697970193968
-0.96028985649753623168356086856947299 0.183434642495649804939476142360183981 -0.183434642495649804939476142360183981 0.013315553754765629737618697970193968
-0.796666477413626739591553936475830437 0.183434642495649804939476142360183981 -0.183434642495649804939476142360183981 0.029251896024755698941425084425152606
-0.525532409916328985817739049189246349 0.183434642495649804939476142360183981 -0.183434642495649804939476142360183981 0.041264823729466053745197378983069887
-0.183434642495649804939476142360183981 0.183434642495649804939476142360183981 -0.183434642495649804939476142360183981 0.0477072532166552173692812729909101784
0.183434642495649804939476142360183981 0.183434642495649804939476142360183981 -0.183434642495649804939476142360183981 0.0477072532166552173692812729909101784
0.525532409916328985817739049189246349 0.183434642495649804939476142360183981 -0.183434642495649804939476142360183981 0.041264823729466053745197378983069887
0.796666477413626739591553936475830437 0.183434642495649804939476142360183981 -0.183434642495649804939476142360183981 0.029251896024755698941425084425152606
0.96028985649753623168356086856947299 0.183434642495649804939476142360183981 -0.183434642495649804939476142360183981 0.013315553754765629737618697970193968
-0.96028985649753623168356086856947299 0.525532409916328985817739049189246349 -0.183434642495649804939476142360183981 0.011517409649541688710829555007461818
-0.796666477413626739591553936475830437 0.525532409916328985817739049189246349 -0.183434642495649804939476142360183981 0.0253016942252463924221483437652842421
-0.525532409916328985817739049189246349 0.525532409916328985817739049189246349 -0.183434642495649804939476142360183981 0.0356923855936740511448685273917746355
-0.183434642495649804939476142360183981 0.525532409916328985817739049189246349 -0.183434642495649804939476142360183981 0.041264823729466053745197378983069887
0.183434642495649804939476142360183981 0.525532409916328985817739049189246349 -0.183434642495649804939476142360183981 0.041264823729466053745197378983069887
0.525532409916328985817739049189246349 0.525532409916328985817739049189246349 -0.183434642495649804939476142360183981 0.0356923855936740511448685273917746355
0.796666477413626739591553936475830437 0.525532409916328985817739049189246349 -0.183434642495649804939476142360183981 0.0253016942252463924221483437652842421
0.96028985649753623168356086856947299 0.525532409916328985817739049189246349 -0.183434642495649804939476142360183981 0.011517409649541688710829555007461818
-0.96028985649753623168356086856947299 0.796666477413626739591553936475830437 -0.183434642495649804939476142360183981 0.00816448585244619069516575591136215892
-0.796666477413626739591553936475830437 0.796666477413626739591553936475830437 -0.183434642495649804939476142360183981 0.0179359188246954372035301238322019912
-0.525532409916328985817739049189246349 0.796666477413626739591553936475830437 -0.183434642495649804939476142360183981 0.0253016942252463924221483437652842421
-0.183434642495649804939476142360183981 0.796666477413626739591553936475830437 -0.183434642495649804939476142360183981 0.029251896024755698941425084425152606
0.183434642495649804939476142360183981 0.796666477413626739591553936475830437 -0.183434642495649804939476142360183981 0.029251896024755698941425084425152606
0.525532409916328985817739049189246349 0.796666477413626739591553936475830437 -0.183434642495649804939476142360183981 0.0253016942252463924221483437652842421
0.796666477413626739591553936475830437 0.796666477413626739591553936475830437 -0.183434642495649804939476142360183981 0.0179359188246954372035301238322019912
0.96028985649753623168356086856947299 0.796666477413626739591553936475830437 -0.183434642495649804939476142360183981 0.00816448585244619069516575591136215892
-0.96028985649753623168356086856947299 0.96028985649753623168356086856947299 -0.183434642495649804939476142360183981 0.00371649927089396874270089293725944736
-0.796666477413626739591553936475830437 0.96028985649753623168356086856947299 -0.183434642495649804939476142360183981 0.00816448585244619069516575591136215892
-0.525532409916328985817739049189246349 0.96028985649753623168356086856947299 -0.183434642495649804939476142360183981 0.011517409649541688710829555007461818
-0.183434642495649804939476142360183981 0.96028985649753623168356086856947299 -0.183434642495649804939476142360183981 0.013315553754765629737618697970193968
0.183434642495649804939476142360183981 0.96028985649753623168356086856947299 -0.183434642495649804939476142360183981 0.013315553754765629737618697970193968
0.525532409916328985817739049189246349 0.96028985649753623168356086856947299 -0.183434642495649804939476142360183981 0.011517409649541688710829555007461818
0.796666477413626739591553936475830437 0.96028985649753623168356086856947299 -0.183434642495649804939476142360183981 0.00816448585244619069516575591136215892
0.96028985649753623168356086856947299 0.96028985649753623168356086856947299 -0.183434642495649804939476142360183981 0.00371649927089396874270089293725944736
-0.96028985649753623168356086856947299 -0.96028985649753623168356086856947299 0.183434642495649804939476142360183981 0.00371649927089396874270089293725944736
-0.796666477413626739591553936475830437 -0.96028985649753623168356086856947299 0.183434642495649804939476142360183981 0.00816448585244619069516575591136215892
-0.525532409916328985817739049189246349 -0.96028985649753623168356086856947299 0.183434642495649804939476142360183981 0.011517409649541688710829555007461818
-0.183434642495649804939476142360183981 -0.96028985649753623168356086856947299 0.183434642495649804939476142360183981 0.013315553754765629737618697970193968
0.183434642495649804939476142360183981 -0.96028985649753623168356086856947299 0.183434642495649804939476142360183981 0.013315553754765629737618697970193968
0.525532409916328985817739049189246349 -0.96028985649753623168356086856947299 0.183434642495649804939476142360183981 0.011517409649541688710829555007461818
0.796666477413626739591553936475830437 -0.96028985649753623168356086856947299 0.183434642495649804939476142360183981 0.00816448585244619069516575591136215892
0.96028985649753623168356086856947299 -0.96028985649753623168356086856947299 0.183434642495649804939476142360183981 0.00371649927089396874270089293725944736
-0.96028985649753623168356086856947299 -0.796666477413626739591553936475830437 0.183434642495649804939476142360183981 0.00816448585244619069516575591136215892
-0.796666477413626739591553936475830437 -0.796666477413626739591553936475830437 0.183434642495649804939476142360183981 0.0179359188246954372035301238322019912
-0.525532409916328985817739049189246349 -0.796666477413626739591553936475830437 0.183434642495649804939476142360183981 0.0253016942252463924221483437652842421
-0.183434642495649804939476142360183981 -0.796666477413626739591553936475830437 0.183434642495649804939476142360183981 0.029251896024755698941425084425152606
0.183434642495649804939476142360183981 -0.796666477413626739591553936475830437 0.183434642495649804939476142360183981 0.029251896024755698941425084425152606
0.525532409916328985817739049189246349 -0.796666477413626739591553936475830437 0.183434642495649804939476142360183981 0.0253016942252463924221483437652842421
0.796666477413626739591553936475830437 -0.796666477413626739591553936475830437 0.183434642495649804939476142360183981 0.0179359188246954372035301238322019912
0.96028985649753623168356086856947299 -0.796666477413626739591553936475830437 0.183434642495649804939476142360183981 0.00816448585244619069516575591136215892
-0.96028985649753623168356086856947299 -0.525532409916328985817739049189246349 0.183434642495649804939476142360183981 0.011517409649541688710829555007461818
-0.796666477413626739591553936475830437 -0.525532409916328985817739049189246349 0.183434642495649804939476142360183981 0.0253016942252463924221483437652842421
-0.525532409916328985817739049189246349 -0.525532409916328985817739049189246349 0.183434642495649804939476142360183981 0.0356923855936740511448685273917746355
-0.183434642495649804939476142360183981 -0.525532409916328985817739049189246349 0.183434642495649804939476142360183981 0.041264823729466053745197378983069887
0.183434642495649804939476142360183981 -0.525532409916328985817739049189246349 0.183434642495649804939476142360183981 0.041264823729466053745197378983069887
0.525532409916328985817739049189246349 -0.525532409916328985817739049189246349 0.183434642495649804939476142360183981 0.0356923855936740511448685273917746355
0.796666477413626739591553936475830437 -0.525532409916328985817739049189246349 0.183434642495649804939476142360183981 0.0253016942252463924221483437652842421
0.96028985649753623168356086856947299 -0.525532409916328985817739049189246349 0.183434642495649804939476142360183981 0.011517409649541688710829555007461818
-0.96028985649753623168356086856947299 -0.183434642495649804939476142360183981 0.183434642495649804939476142360183981 0.013315553754765629737618697970193968
-0.796666477413626739591553936475830437 -0.183434642495649804939476142360183981 0.183434642495649804939476142360183981 0.029251896024755698941425084425152606
-0.525532409916328985817739049189246349 -0.183434642495649804939476142360183981 0.183434642495649804939476142360183981 0.041264823729466053745197378983069887
-0.183434642495649804939476142360183981 -0.183434642495649804939476142360183981 0.183434642495649804939476142360183981 0.0477072532166552173692812729909101784
0.183434642495649804939476142360183981 -0.183434642495649804939476142360183981 0.183434642495649804939476142360183981 0.0477072532166552173692812729909101784
0.525532409916328985817739049189246349 -0.183434642495649804939476142360183981 0.183434642495649804939476142360183981 0.041264823729466053745197378983069887
0.796666477413626739591553936475830437 -0.183434642495649804939476142360183981 0.183434642495649804939476142360183981 0.029251896024755698941425084425152606
0.96028985649753623168356086856947299 -0.183434642495649804939476142360183981 0.183434642495649804939476142360183981 0.013315553754765629737618697970193968
-0.96028985649753623168356086856947299 0.183434642495649804939476142360183981 0.183434642495649804939476142360183981 0.013315553754765629737618697970193968
-0.796666477413626739591553936475830437 0.183434642495649804939476142360183981 0.183434642495649804939476142360183981 0.029251896024755698941425084425152606
-0.525532409916328985817739049189246349 0.183434642495649804939476142360183981 0.183434642495649804939476142360183981 0.041264823729466053745197378983069887
-0.183434642495649804939476142360183981 0.183434642495649804939476142360183981 0.183434642495649804939476142360183981 0.0477072532166552173692812729909101784
0.183434642495649804939476142360183981 0.183434642495649804939476142360183981 0.183434642495649804939476142360183981 0.0477072532166552173692812729909101784
0.525532409916328985817739049189246349 0.183434642495649804939476142360183981 0.183434642495649804939476142360183981 0.041264823729466053745197378983069887
0.796666477413626739591553936475830437 0.183434642495649804939476142360183981 0.183434642495649804939476142360183981 0.029251896024755698941425084425152606
0.96028985649753623168356086856947299 0.183434642495649804939476142360183981 0.183434642495649804939476142360183981 0.013315553754765629737618697970193968
-0.96028985649753623168356086856947299 0.525532409916328985817739049189246349 0.183434642495649804939476142360183981 0.011517409649541688710829555007461818
-0.796666477413626739591553936475830437 0.525532409916328985817739049189246349 0.183434642495649804939476142360183981 0.0253016942252463924221483437652842421
-0.525532409916328985817739049189246349 0.525532409916328985817739049189246349 0.183434642495649804939476142360183981 0.0356923855936740511448685273917746355
-0.183434642495649804939476142360183981 0.525532409916328985817739049189246349 0.183434642495649804939476142360183981 0.041264823729466053745197378983069887
0.183434642495649804939476142360183981 0.525532409916328985817739049189246349 0.183434642495649804939476142360183981 0.041264823729466053745197378983069887
0.525532409916328985817739049189246349 0.525532409916328985817739049189246349 0.183434642495649804939476142360183981 0.0356923855936740511448685273917746355
0.796666477413626739591553936475830437 0.525532409916328985817739049189246349 0.183434642495649804939476142360183981 0.0253016942252463924221483437652842421
0.96028985649753623168356086856947299 0.525532409916328985817739049189246349 0.183434642495649804939476142360183981 0.011517409649541688710829555007461818
-0.96028985649753623168356086856947299 0.796666477413626739591553936475830437 0.183434642495649804939476142360183981 0.00816448585244619069516575591136215892
-0.796666477413626739591553936475830437 0.796666477413626739591553936475830437 0.183434642495649804939476142360183981 0.0179359188246954372035301238322019912
-0.525532409916328985817739049189246349 0.796666477413626739591553936475830437 0.183434642495649804939476142360183981 0.0253016942252463924221483437652842421
-0.183434642495649804939476142360183981 0.796666477413626739591553936475830437 0.183434642495649804939476142360183981 0.029251896024755698941425084425152606
0.183434642495649804939476142360183981 0.796666477413626739591553936475830437 0.183434642495649804939476142360183981 0.029251896024755698941425084425152606
0.525532409916328985817739049189246349 0.796666477413626739591553936475830437 0.183434642495649804939476142360183981 0.0253016942252463924221483437652842421
0.796666477413626739591553936475830437 0.796666477413626739591553936475830437 0.183434642495649804939476142360183981 0.0179359188246954372035301238322019912
0.96028985649753623168356086856947299 0.796666477413626739591553936475830437 0.183434642495649804939476142360183981 0.00816448585244619069516575591136215892
-0.96028985649753623168356086856947299 0.96028985649753623168356086856947299 0.183434642495649804939476142360183981 0.00371649927089396874270089293725944736
-0.796666477413626739591553936475830437 0.96028985649753623168356086856947299 0.183434642495649804939476142360183981 0.00816448585244619069516575591136215892
-0.525532409916328985817739049189246349 0.96028985649753623168356086856947299 0.183434642495649804939476142360183981 0.011517409649541688710829555007461818
-0.183434642495649804939476142360183981 0.96028985649753623168356086856947299 0.183434642495649804939476142360183981 0.013315553754765629737618697970193968
0.183434642495649804939476142360183981 0.96028985649753623168356086856947299 0.183434642495649804939476142360183981 0.013315553754765629737618697970193968
0.525532409916328985817739049189246349 0.96028985649753623168356086856947299 0.183434642495649804939476142360183981 0.011517409649541688710829555007461818
0.796666477413626739591553936475830437 0.96028985649753623168356086856947299 0.183434642495649804939476142360183981 0.00816448585244619069516575591136215892
0.96028985649753623168356086856947299 0.96028985649753623168356086856947299 0.183434642495649804939476142360183981 0.00371649927089396874270089293725944736
-0.96028985649753623168356086856947299 -0.96028985649753623168356086856947299 0.525532409916328985817739049189246349 0.003214619936462586678949733141751073
-0.796666477413626739591553936475830437 -0.96028985649753623168356086856947299 0.525532409916328985817739049189246349 0.00706194649297673666552484176100907857
-0.525532409916328985817739049189246349 -0.96028985649753623168356086856947299 0.525532409916328985817739049189246349 0.00996208850780091511623790189286337154
-0.183434642495649804939476142360183981 -0.96028985649753623168356086856947299 0.525532409916328985817739049189246349 0.011517409649541688710829555007461818
0.183434642495649804939476142360183981 -0.96028985649753623168356086856947299 0.525532409916328985817739049189246349 0.011517409649541688710829555007461818
0.525532409916328985817739049189246349 -0.96028985649753623168356086856947299 0.525532409916328985817739049189246349 0.00996208850780091511623790189286337154
0.796666477413626739591553936475830437 -0.96028985649753623168356086856947299 0.525532409916328985817739049189246349 0.00706194649297673666552484176100907857
0.96028985649753623168356086856947299 -0.96028985649753623168356086856947299 0.525532409916328985817739049189246349 0.003214619936462586678949733141751073
-0.96028985649753623168356086856947299 -0.796666477413626739591553936475830437 0.525532409916328985817739049189246349 0.00706194649297673666552484176100907857
-0.796666477413626739591553936475830437 -0.796666477413626739591553936475830437 0.525532409916328985817739049189246349 0.0155138365515598967759966037376836962
-0.525532409916328985817739049189246349 -0.796666477413626739591553936475830437 0.525532409916328985817739049189246349 0.0218849311554399713111342794582844967
-0.183434642495649804939476142360183981 -0.796666477413626739591553936475830437 0.525532409916328985817739049189246349 0.0253016942252463924221483437652842421
0.183434642495649804939476142360183981 -0.796666477413626739591553936475830437 0.525532409916328985817739049189246349 0.0253016942252463924221483437652842421
0.525532409916328985817739049189246349 -0.796666477413626739591553936475830437 0.525532409916328985817739049189246349 0.0218849311554399713111342794582844967
0.796666477413626739591553936475830437 -0.796666477413626739591553936475830437 0.525532409916328985817739049189246349 0.0155138365515598967759966037376836962
0.96028985649753623168356086856947299 -0.796666477413626739591553936475830437 0.525532409916328985817739049189246349 0.00706194649297673666552484176100907857
-0.96028985649753623168356086856947299 -0.525532409916328985817739049189246349 0.525532409916328985817739049189246349 0.00996208850780091511623790189286337154
-0.796666477413626739591553936475830437 -0.525532409916328985817739049189246349 0.525532409916328985817739049189246349 0.0218849311554399713111342794582844967
-0.525532409916328985817739049189246349 -0.525532409916328985817739049189246349 0.525532409916328985817739049189246349 0.0308724544110392393963315875707413725
-0.183434642495649804939476142360183981 -0.525532409916328985817739049189246349 0.525532409916328985817739049189246349 0.0356923855936740511448685273917746355
0.183434642495649804939476142360183981 -0.525532409916328985817739049189246349 0.525532409916328985817739049189246349 0.0356923855936740511448685273917746355
0.525532409916328985817739049189246349 -0.525532409916328985817739049189246349 0.525532409916328985817739049189246349 0.0308724544110392393963315875707413725
0.796666477413626739591553936475830437 -0.525532409916328985817739049189246349 0.525532409916328985817739049189246349 0.0218849311554399713111342794582844967
0.96028985649753623168356086856947299 -0.525532409916328985817739049189246349 0.525532409916328985817739049189246349 0.00996208850780091511623790189286337154
-0.96028985649753623168356086856947299 -0.183434642495649804939476142360183981 0.525532409916328985817739049189246349 0.011517409649541688710829555007461818
-0.796666477413626739591553936475830437 -0.183434642495649804939476142360183981 0.525532409916328985817739049189246349 0.0253016942252463924221483437652842421
-0.525532409916328985817739049189246349 -0.183434642495649804939476142360183981 0.525532409916328985817739049189246349 0.0356923855936740511448685273917746355
-0.183434642495649804939476142360183981 -0.183434642495649804939476142360183981 0.525532409916328985817739049189246349 0.041264823729466053745197378983069887
0.183434642495649804939476142360183981 -0.183434642495649804939476142360183981 0.525532409916328985817739049189246349 0.041264823729466053745197378983069887
0.525532409916328985817739049189246349 -0.183434642495649804939476142360183981 0.525532409916328985817739049189246349 0.0356923855936740511448685273917746355
0.796666477413626739591553936475830437 -0.183434642495649804939476142360183981 0.525532409916328985817739049189246349 0.0253016942252463924221483437652842421
0.96028985649753623168356086856947299 -0.183434642495649804939476142360183981 0.525532409916328985817739049189246349 0.011517409649541688710829555007461818
-0.96028985649753623168356086856947299 0.183434642495649804939476142360183981 0.525532409916328985817739049189246349 0.011517409649541688710829555007461818
-0.796666477413626739591553936475830437 0.183434642495649804939476142360183981 0.525532409916328985817739049189246349 0.0253016942252463924221483437652842421
-0.525532409916328985817739049189246349 0.183434642495649804939476142360183981 0.525532409916328985817739049189246349 0.0356923855936740511448685273917746355
-0.183434642495649804939476142360183981 0.183434642495649804939476142360183981 0.525532409916328985817739049189246349 0.041264823729466053745197378983069887
0.183434642495649804939476142360183981 0.183434642495649804939476142360183981 0.525532409916328985817739049189246349 0.041264823729466053745197378983069887
0.525532409916328985817739049189246349 0.183434642495649804939476142360183981 0.525532409916328985817739049189246349 0.0356923855936740511448685273917746355
0.796666477413626739591553936475830437 0.183434642495649804939476142360183981 0.525532409916328985817739049189246349 0.0253016942252463924221483437652842421
0.96028985649753623168356086856947299 0.183434642495649804939476142360183981 0.525532409916328985817739049189246349 0.011517409649541688710829555007461818
-0.96028985649753623168356086856947299 0.525532409916328985817739049189246349 0.525532409916328985817739049189246349 0.00996208850780091511623790189286337154
-0.796666477413626739591553936475830437 0.525532409916328985817739049189246349 0.525532409916328985817739049189246349 0.0218849311554399713111342794582844967
-0.525532409916328985817739049189246349 0.525532409916328985817739049189246349 0.525532409916328985817739049189246349 0.0308724544110392393963315875707413725
-0.183434642495649804939476142360183981 0.525532409916328985817739049189246349 0.525532409916328985817739049189246349 0.0356923855936740511448685273917746355
0.183434642495649804939476142360183981 0.525532409916328985817739049189246349 0.525532409916328985817739049189246349 0.0356923855936740511448685273917746355
0.525532409916328985817739049189246349 0.525532409916328985817739049189246349 0.525532409916328985817739049189246349 0.0308724544110392393963315875707413725
0.796666477413626739591553936475830437 0.525532409916328985817739049189246349 0.525532409916328985817739049189246349 0.0218849311554399713111342794582844967
0.96028985649753623168356086856947299 0.525532409916328985817739049189246349 0.525532409916328985817739049189246349 0.00996208850780091511623790189286337154
-0.96028985649753623168356086856947299 0.796666477413626739591553936475830437 0.525532409916328985817739049189246349 0.00706194649297673666552484176100907857
-0.796666477413626739591553936475830437 0.796666477413626739591553936475830437 0.525532409916328985817739049189246349 0.0155138365515598967759966037376836962
-0.525532409916328985817739049189246349 0.796666477413626739591553936475830437 0.525532409916328985817739049189246349 0.0218849311554399713111342794582844967
-0.183434642495649804939476142360183981 0.796666477413626739591553936475830437 0.525532409916328985817739049189246349 0.0253016942252463924221483437652842421
0.183434642495649804939476142360183981 0.796666477413626739591553936475830437 0.525532409916328985817739049189246349 0.0253016942252463924221483437652842421
0.525532409916328985817739049189246349 0.796666477413626739591553936475830437 0.525532409916328985817739049189246349 0.0218849311554399713111342794582844967
0.796666477413626739591553936475830437 0.796666477413626739591553936475830437 0.525532409916328985817739049189246349 0.0155138365515598967759966037376836962
0.96028985649753623168356086856947299 0.796666477413626739591553936475830437 0.525532409916328985817739049189246349 0.00706194649297673666552484176100907857
-0.96028985649753623168356086856947299 0.96028985649753623168356086856947299 0.525532409916328985817739049189246349 0.003214619936462586678949733141751073
-0.796666477413626739591553936475830437 0.96028985649753623168356086856947299 0.525532409916328985817739049189246349 0.00706194649297673666552484176100907857
-0.525532409916328985817739049189246349 0.96028985649753623168356086856947299 0.525532409916328985817739049189246349 0.00996208850780091511623790189286337154
-0.183434642495649804939476142360183981 0.96028985649753623168356086856947299 0.525532409916328985817739049189246349 0.011517409649541688710829555007461818
0.183434642495649804939476142360183981 0.96028985649753623168356086856947299 0.525532409916328985817739049189246349 0.011517409649541688710829555007461818
0.525532409916328985817739049189246349 0.96028985649753623168356086856947299 0.525532409916328985817739049189246349 0.00996208850780091511623790189286337154
0.796666477413626739591553936475830437 0.96028985649753623168356086856947299 0.525532409916328985817739049189246349 0.00706194649297673666552484176100907857
0.96028985649753623168356086856947299 0.96028985649753623168356086856947299 0.525532409916328985817739049189246349 0.003214619936462586678949733141751073
-0.96028985649753623168356086856947299 -0.96028985649753623168356086856947299 0.796666477413626739591553936475830437 0.00227878661876758503634056581131383978
-0.796666477413626739591553936475830437 -0.96028985649753623168356086856947299 0.796666477413626739591553936475830437 0.00500608765226431840699018593570680501
-0.525532409916328985817739049189246349 -0.96028985649753623168356086856947299 0.796666477413626739591553936475830437 0.00706194649297673666552484176100907857
-0.183434642495649804939476142360183981 -0.96028985649753623168356086856947299 0.796666477413626739591553936475830437 0.00816448585244619069516575591136215892
0.183434642495649804939476142360183981 -0.96028985649753623168356086856947299 0.796666477413626739591553936475830437 0.00816448585244619069516575591136215892
0.525532409916328985817739049189246349 -0.96028985649753623168356086856947299 0.796666477413626739591553936475830437 0.00706194649297673666552484176100907857
0.796666477413626739591553936475830437 -0.96028985649753623168356086856947299 0.796666477413626739591553936475830437 0.00500608765226431840699018593570680501
0.96028985649753623168356086856947299 -0.96028985649753623168356086856947299 0.796666477413626739591553936475830437 0.00227878661876758503634056581131383978
-0.96028985649753623168356086856947299 -0.796666477413626739591553936475830437 0.796666477413626739591553936475830437 0.00500608765226431840699018593570680501
-0.796666477413626739591553936475830437 -0.796666477413626739591553936475830437 0.796666477413626739591553936475830437 0.010997481456033270916744354844993998
-0.525532409916328985817739049189246349 -0.796666477413626739591553936475830437 0.796666477413626739591553936475830437 0.0155138365515598967759966037376836962
-0.183434642495649804939476142360183981 -0.796666477413626739591553936475830437 0.796666477413626739591553936475830437 0.0179359188246954372035301238322019912
0.183434642495649804939476142360183981 -0.796666477413626739591553936475830437 0.796666477413626739591553936475830437 0.0179359188246954372035301238322019912
0.525532409916328985817739049189246349 -0.796666477413626739591553936475830437 0.796666477413626739591553936475830437 0.0155138365515598967759966037376836962
0.796666477413626739591553936475830437 -0.796666477413626739591553936475830437 0.796666477413626739591553936475830437 0.010997481456033270916744354844993998
0.96028985649753623168356086856947299 -0.796666477413626739591553936475830437 0.796666477413626739591553936475830437 0.00500608765226431840699018593570680501
-0.96028985649753623168356086856947299 -0.525532409916328985817739049189246349 0.796666477413626739591553936475830437 0.00706194649297673666552484176100907857
-0.796666477413626739591553936475830437 -0.525532409916328985817739049189246349 0.796666477413626739591553936475830437 0.0155138365515598967759966037376836962
-0.525532409916328985817739049189246349 -0.525532409916328985817739049189246349 0.796666477413626739591553936475830437 0.0218849311554399713111342794582844967
-0.183434642495649804939476142360183981 -0.525532409916328985817739049189246349 0.796666477413626739591553936475830437 0.0253016942252463924221483437652842421
0.183434642495649804939476142360183981 -0.525532409916328985817739049189246349 0.796666477413626739591553936475830437 0.0253016942252463924221483437652842421
0.525532409916328985817739049189246349 -0.525532409916328985817739049189246349 0.796666477413626739591553936475830437 0.0218849311554399713111342794582844967
0.796666477413626739591553936475830437 -0.525532409916328985817739049189246349 0.796666477413626739591553936475830437 0.0155138365515598967759966037376836962
0.96028985649753623168356086856947299 -0.525532409916328985817739049189246349 0.796666477413626739591553936475830437 0.00706194649297673666552484176100907857
-0.96028985649753623168356086856947299 -0.183434642495649804939476142360183981 0.796666477413626739591553936475830437 0.00816448585244619069516575591136215892
-0.796666477413626739591553936475830437 -0.183434642495649804939476142360183981 0.796666477413626739591553936475830437 0.0179359188246954372035301238322019912
-0.525532409916328985817739049189246349 -0.183434642495649804939476142360183981 0.796666477413626739591553936475830437 0.0253016942252463924221483437652842421
-0.183434642495649804939476142360183981 -0.183434642495649804939476142360183981 0.796666477413626739591553936475830437 0.029251896024755698941425084425152606
0.183434642495649804939476142360183981 -0.183434642495649804939476142360183981 0.796666477413626739591553936475830437 0.029251896024755698941425084425152606
0.525532409916328985817739049189246349 -0.183434642495649804939476142360183981 0.796666477413626739591553936475830437 0.0253016942252463924221483437652842421
0.796666477413626739591553936475830437 -0.183434642495649804939476142360183981 0.796666477413626739591553936475830437 0.0179359188246954372035301238322019912
0.96028985649753623168356086856947299 -0.183434642495649804939476142360183981 0.796666477413626739591553936475830437 0.00816448585244619069516575591136215892
-0.96028985649753623168356086856947299 0.183434642495649804939476142360183981 0.796666477413626739591553936475830437 0.00816448585244619069516575591136215892
-0.796666477413626739591553936475830437 0.183434642495649804939476142360183981 0.796666477413626739591553936475830437 0.0179359188246954372035301238322019912
-0.525532409916328985817739049189246349 0.183434642495649804939476142360183981 0.796666477413626739591553936475830437 0.0253016942252463924221483437652842421
-0.183434642495649804939476142360183981 0.183434642495649804939476142360183981 0.796666477413626739591553936475830437 0.029251896024755698941425084425152606
0.183434642495649804939476142360183981 0.183434642495649804939476142360183981 0.796666477413626739591553936475830437 0.029251896024755698941425084425152606
0.525532409916328985817739049189246349 0.183434642495649804939476142360183981 0.796666477413626739591553936475830437 0.0253016942252463924221483437652842421
0.796666477413626739591553936475830437 0.183434642495649804939476142360183981 0.796666477413626739591553936475830437 0.0179359188246954372035301238322019912
0.96028985649753623168356086856947299 0.183434642495649804939476142360183981 0.796666477413626739591553936475830437 0.00816448585244619069516575591136215892
-0.96028985649753623168356086856947299 0.525532409916328985817739049189246349 0.796666477413626739591553936475830437 0.00706194649297673666552484176100907857
-0.796666477413626739591553936475830437 0.525532409916328985817739049189246349 0.796666477413626739591553936475830437 0.0155138365515598967759966037376836962
-0.525532409916328985817739049189246349 0.525532409916328985817739049189246349 0.796666477413626739591553936475830437 0.0218849311554399713111342794582844967
-0.183434642495649804939476142360183981 0.525532409916328985817739049189246349 0.796666477413626739591553936475830437 0.0253016942252463924221483437652842421
0.183434642495649804939476142360183981 0.525532409916328985817739049189246349 0.796666477413626739591553936475830437 0.0253016942252463924221483437652842421
0.525532409916328985817739049189246349 0.525532409916328985817739049189246349 0.796666477413626739591553936475830437 0.0218849311554399713111342794582844967
0.796666477413626739591553936475830437 0.525532409916328985817739049189246349 0.796666477413626739591553936475830437 0.0155138365515598967759966037376836962
0.96028985649753623168356086856947299 0.525532409916328985817739049189246349 0.796666477413626739591553936475830437 0.00706194649297673666552484176100907857
-0.96028985649753623168356086856947299 0.796666477413626739591553936475830437 0.796666477413626739591553936475830437 0.00500608765226431840699018593570680501
-0.796666477413626739591553936475830437 0.796666477413626739591553936475830437 0.796666477413626739591553936475830437 0.010997481456033270916744354844993998
-0.525532409916328985817739049189246349 0.796666477413626739591553936475830437 0.796666477413626739591553936475830437 0.0155138365515598967759966037376836962
-0.183434642495649804939476142360183981 0.796666477413626739591553936475830437 0.796666477413626739591553936475830437 0.0179359188246954372035301238322019912
0.183434642495649804939476142360183981 0.796666477413626739591553936475830437 0.796666477413626739591553936475830437 0.0179359188246954372035301238322019912
0.525532409916328985817739049189246349 0.796666477413626739591553936475830437 0.796666477413626739591553936475830437 0.0155138365515598967759966037376836962
0.796666477413626739591553936475830437 0.796666477413626739591553936475830437 0.796666477413626739591553936475830437 0.010997481456033270916744354844993998
0.96028985649753623168356086856947299 0.796666477413626739591553936475830437 0.796666477413626739591553936475830437 0.00500608765226431840699018593570680501
-0.96028985649753623168356086856947299 0.96028985649753623168356086856947299 0.796666477413626739591553936475830437 0.00227878661876758503634056581131383978
-0.796666477413626739591553936475830437 0.96028985649753623168356086856947299 0.796666477413626739591553936475830437 0.00500608765226431840699018593570680501
-0.525532409916328985817739049189246349 0.96028985649753623168356086856947299 0.796666477413626739591553936475830437 0.00706194649297673666552484176100907857
-0.183434642495649804939476142360183981 0.96028985649753623168356086856947299 0.796666477413626739591553936475830437 0.00816448585244619069516575591136215892
0.183434642495649804939476142360183981 0.96028985649753623168356086856947299 0.796666477413626739591553936475830437 0.00816448585244619069516575591136215892
0.525532409916328985817739049189246349 0.96028985649753623168356086856947299 0.796666477413626739591553936475830437 0.00706194649297673666552484176100907857
0.796666477413626739591553936475830437 0.96028985649753623168356086856947299 0.796666477413626739591553936475830437 0.00500608765226431840699018593570680501
0.96028985649753623168356086856947299 0.96028985649753623168356086856947299 0.796666477413626739591553936475830437 0.00227878661876758503634056581131383978
-0.96028985649753623168356086856947299 -0.96028985649753623168356086856947299 0.96028985649753623168356086856947299 0.00103731073336788283266187937088321442
-0.796666477413626739591553936475830437 -0.96028985649753623168356086856947299 0.96028985649753623168356086856947299 0.00227878661876758503634056581131383978
-0.525532409916328985817739049189246349 -0.96028985649753623168356086856947299 0.96028985649753623168356086856947299 0.003214619936462586678949733141751073
-0.183434642495649804939476142360183981 -0.96028985649753623168356086856947299 0.96028985649753623168356086856947299 0.00371649927089396874270089293725944736
0.183434642495649804939476142360183981 -0.96028985649753623168356086856947299 0.96028985649753623168356086856947299 0.00371649927089396874270089293725944736
0.525532409916328985817739049189246349 -0.96028985649753623168356086856947299 0.96028985649753623168356086856947299 0.003214619936462586678949733141751073
0.796666477413626739591553936475830437 -0.96028985649753623168356086856947299 0.96028985649753623168356086856947299 0.00227878661876758503634056581131383978
0.96028985649753623168356086856947299 -0.96028985649753623168356086856947299 0.96028985649753623168356086856947299 0.00103731073336788283266187937088321442
-0.96028985649753623168356086856947299 -0.796666477413626739591553936475830437 0.96028985649753623168356086856947299 0.00227878661876758503634056581131383978
-0.796666477413626739591553936475830437 -0.796666477413626739591553936475830437 0.96028985649753623168356086856947299 0.00500608765226431840699018593570680501
-0.525532409916328985817739049189246349 -0.796666477413626739591553936475830437 0.96028985649753623168356086856947299 0.00706194649297673666552484176100907857
-0.183434642495649804939476142360183981 -0.796666477413626739591553936475830437 0.96028985649753623168356086856947299 0.00816448585244619069516575591136215892
0.183434642495649804939476142360183981 -0.796666477413626739591553936475830437 0.96028985649753623168356086856947299 0.00816448585244619069516575591136215892
0.525532409916328985817739049189246349 -0.796666477413626739591553936475830437 0.96028985649753623168356086856947299 0.00706194649297673666552484176100907857
0.796666477413626739591553936475830437 -0.796666477413626739591553936475830437 0.96028985649753623168356086856947299 0.00500608765226431840699018593570680501
0.96028985649753623168356086856947299 -0.796666477413626739591553936475830437 0.96028985649753623168356086856947299 0.00227878661876758503634056581131383978
-0.96028985649753623168356086856947299 -0.525532409916328985817739049189246349 0.96028985649753623168356086856947299 0.003214619936462586678949733141751073
-0.796666477413626739591553936475830437 -0.525532409916328985817739049189246349 0.96028985649753623168356086856947299 0.00706194649297673666552484176100907857
-0.525532409916328985817739049189246349 -0.525532409916328985817739049189246349 0.96028985649753623168356086856947299 0.00996208850780091511623790189286337154
-0.183434642495649804939476142360183981 -0.525532409916328985817739049189246349 0.96028985649753623168356086856947299 0.011517409649541688710829555007461818
0.183434642495649804939476142360183981 -0.525532409916328985817739049189246349 0.96028985649753623168356086856947299 0.011517409649541688710829555007461818
0.525532409916328985817739049189246349 -0.525532409916328985817739049189246349 0.96028985649753623168356086856947299 0.00996208850780091511623790189286337154
0.796666477413626739591553936475830437 -0.525532409916328985817739049189246349 0.96028985649753623168356086856947299 0.00706194649297673666552484176100907857
0.96028985649753623168356086856947299 -0.525532409916328985817739049189246349 0.96028985649753623168356086856947299 0.003214619936462586678949733141751073
-0.96028985649753623168356086856947299 -0.183434642495649804939476142360183981 0.96028985649753623168356086856947299 0.00371649927089396874270089293725944736
-0.796666477413626739591553936475830437 -0.183434642495649804939476142360183981 0.96028985649753623168356086856947299 0.00816448585244619069516575591136215892
-0.525532409916328985817739049189246349 -0.183434642495649804939476142360183981 0.96028985649753623168356086856947299 0.011517409649541688710829555007461818
-0.183434642495649804939476142360183981 -0.183434642495649804939476142360183981 0.96028985649753623168356086856947299 0.013315553754765629737618697970193968
0.183434642495649804939476142360183981 -0.183434642495649804939476142360183981 0.96028985649753623168356086856947299 0.013315553754765629737618697970193968
0.525532409916328985817739049189246349 -0.183434642495649804939476142360183981 0.96028985649753623168356086856947299 0.011517409649541688710829555007461818
0.796666477413626739591553936475830437 -0.183434642495649804939476142360183981 0.96028985649753623168356086856947299 0.00816448585244619069516575591136215892
0.96028985649753623168356086856947299 -0.183434642495649804939476142360183981 0.96028985649753623168356086856947299 0.00371649927089396874270089293725944736
-0.96028985649753623168356086856947299 0.183434642495649804939476142360183981 0.96028985649753623168356086856947299 0.00371649927089396874270089293725944736
-0.796666477413626739591553936475830437 0.183434642495649804939476142360183981 0.96028985649753623168356086856947299 0.00816448585244619069516575591136215892
-0.525532409916328985817739049189246349 0.183434642495649804939476142360183981 0.96028985649753623168356086856947299 0.011517409649541688710829555007461818
-0.183434642495649804939476142360183981 0.183434642495649804939476142360183981 0.96028985649753623168356086856947299 0.013315553754765629737618697970193968
0.183434642495649804939476142360183981 0.183434642495649804939476142360183981 0.96028985649753623168356086856947299 0.013315553754765629737618697970193968
0.525532409916328985817739049189246349 0.183434642495649804939476142360183981 0.96028985649753623168356086856947299 0.011517409649541688710829555007461818
0.796666477413626739591553936475830437 0.183434642495649804939476142360183981 0.96028985649753623168356086856947299 0.00816448585244619069516575591136215892
0.96028985649753623168356086856947299 0.183434642495649804939476142360183981 0.96028985649753623168356086856947299 0.00371649927089396874270089293725944736
-0.96028985649753623168356086856947299 0.525532409916328985817739049189246349 0.96028985649753623168356086856947299 0.003214619936462586678949733141751073
-0.796666477413626739591553936475830437 0.525532409916328985817739049189246349 0.96028985649753623168356086856947299 0.00706194649297673666552484176100907857
-0.525532409916328985817739049189246349 0.525532409916328985817739049189246349 0.96028985649753623168356086856947299 0.00996208850780091511623790189286337154
-0.183434642495649804939476142360183981 0.525532409916328985817739049189246349 0.96028985649753623168356086856947299 0.011517409649541688710829555007461818
0.183434642495649804939476142360183981 0.525532409916328985817739049189246349 0.96028985649753623168356086856947299 0.011517409649541688710829555007461818
0.525532409916328985817739049189246349 0.525532409916328985817739049189246349 0.96028985649753623168356086856947299 0.00996208850780091511623790189286337154
0.796666477413626739591553936475830437 0.525532409916328985817739049189246349 0.96028985649753623168356086856947299 0.00706194649297673666552484176100907857
0.96028985649753623168356086856947299 0.525532409916328985817739049189246349 0.96028985649753623168356086856947299 0.003214619936462586678949733141751073
-0.96028985649753623168356086856947299 0.796666477413626739591553936475830437 0.96028985649753623168356086856947299 0.00227878661876758503634056581131383978
-0.796666477413626739591553936475830437 0.796666477413626739591553936475830437 0.96028985649753623168356086856947299 0.00500608765226431840699018593570680501
-0.525532409916328985817739049189246349 0.796666477413626739591553936475830437 0.96028985649753623168356086856947299 0.00706194649297673666552484176100907857
-0.183434642495649804939476142360183981 0.796666477413626739591553936475830437 0.96028985649753623168356086856947299 0.00816448585244619069516575591136215892
0.183434642495649804939476142360183981 0.796666477413626739591553936475830437 0.96028985649753623168356086856947299 0.00816448585244619069516575591136215892
0.525532409916328985817739049189246349 0.796666477413626739591553936475830437 0.96028985649753623168356086856947299 0.00706194649297673666552484176100907857
0.796666477413626739591553936475830437 0.796666477413626739591553936475830437 0.96028985649753623168356086856947299 0.00500608765226431840699018593570680501
0.96028985649753623168356086856947299 0.796666477413626739591553936475830437 0.96028985649753623168356086856947299 0.00227878661876758503634056581131383978
-0.96028985649753623168356086856947299 0.96028985649753623168356086856947299 0.96028985649753623168356086856947299 0.00103731073336788283266187937088321442
-0.796666477413626739591553936475830437 0.96028985649753623168356086856947299 0.96028985649753623168356086856947299 0.00227878661876758503634056581131383978
-0.525532409916328985817739049189246349 0.96028985649753623168356086856947299 0.96028985649753623168356086856947299 0.003214619936462586678949733141751073
-0.183434642495649804939476142360183981 0.96028985649753623168356086856947299 0.96028985649753623168356086856947299 0.00371649927089396874270089293725944736
0.183434642495649804939476142360183981 0.96028985649753623168356086856947299 0.96028985649753623168356086856947299 0.00371649927089396874270089293725944736
0.525532409916328985817739049189246349 0.96028985649753623168356086856947299 0.96028985649753623168356086856947299 0.003214619936462586678949733141751073
0.796666477413626739591553936475830437 0.96028985649753623168356086856947299 0.96028985649753623168356086856947299 0.00227878661876758503634056581131383978
0.96028985649753623168356086856947299 0.96028985649753623168356086856947299 0.96028985649753623168356086856947299 0.00103731073336788283266187937088321442
