-0.932469514203152027812301554493994609 -0.932469514203152027812301554493994609 -0.932469514203152027812301554493994609 0.00502873049563650756439441104228487898
-0.661209386466264513661399595019905347 -0.932469514203152027812301554493994609 -0.932469514203152027812301554493994609 0.0105891031623540333586639608639932617
-0.238619186083196908630501721680711935 -0.932469514203152027812301554493994609 -0.932469514203152027812301554493994609 0.0137342480309898567116986908263055671
0.238619186083196908630501721680711935 -0.932469514203152027812301554493994609 -0.932469514203152027812301554493994609 0.0137342480309898567116986908263055671
0.661209386466264513661399595019905347 -0.932469514203152027812301554493994609 -0.932469514203152027812301554493994609 0.0105891031623540333586639608639932617
0.932469514203152027812301554493994609 -0.932469514203152027812301554493994609 -0.932469514203152027812301554493994609 0.00502873049563650756439441104228487898
-0.932469514203152027812301554493994609 -0.661209386466264513661399595019905347 -0.932469514203152027812301554493994609 0.0105891031623540333586639608639932617
-0.661209386466264513661399595019905347 -0.661209386466264513661399595019905347 -0.932469514203152027812301554493994609 0.0222976963828688014316073436697478694
-0.238619186083196908630501721680711935 -0.661209386466264513661399595019905347 -0.932469514203152027812301554493994609 0.0289204938271604938271604938271604938
0.238619186083196908630501721680711935 -0.661209386466264513661399595019905347 -0.932469514203152027812301554493994609 0.0289204938271604938271604938271604938
0.661209386466264513661399595019905347 -0.661209386466264513661399595019905347 -0.932469514203152027812301554493994609 0.0222976963828688014316073436697478694
0.932469514203152027812301554493994609 -0.661209386466264513661399595019905347 -0.932469514203152027812301554493994609 0.0105891031623540333586639608639932617
-0.932469514203152027812301554493994609 -0.238619186083196908630501721680711935 -0.932469514203152027812301554493994609 0.0137342480309898567116986908263055671
-0.661209386466264513661399595019905347 -0.238619186083196908630501721680711935 -0.932469514203152027812301554493994609 0.0289204938271604938271604938271604938
-0.238619186083196908630501721680711935 -0.238619186083196908630501721680711935 -0.932469514203152027812301554493994609 0.0375103754596562682492480964257815
0.238619186083196908630501721680711935 -0.238619186083196908630501721680711935 -0.932469514203152027812301554493994609 0.0375103754596562682492480964257815
0.661209386466264513661399595019905347 -0.238619186083196908630501721680711935 -0.932469514203152027812301554493994609 0.0289204938271604938271604938271604938
0.932469514203152027812301554493994609 -0.238619186083196908630501721680711935 -0.932469514203152027812301554493994609 0.0137342480309898567116986908263055671
-0.932469514203152027812301554493994609 0.238619186083196908630501721680711935 -0.932469514203152027812301554493994609 0.0137342480309898567116986908263055671
-0.661209386466264513661399595019905347 0.238619186083196908630501721680711935 -0.932469514203152027812301554493994609 0.0289204938271604938271604938271604938
-0.238619186083196908630501721680711935 0.238619186083196908630501721680711935 -0.932469514203152027812301554493994609 0.0375103754596562682492480964257815
0.238619186083196908630501721680711935 0.238619186083196908630501721680711935 -0.932469514203152027812301554493994609 0.0375103754596562682492480964257815
0.661209386466264513661399595019905347 0.238619186083196908630501721680711935 -0.932469514203152027812301554493994609 0.0289204938271604938271604938271604938
0.932469514203152027812301554493994609 0.238619186083196908630501721680711935 -0.932469514203152027812301554493994609 0.0137342480309898567116986908263055671
-0.932469514203152027812301554493994609 0.661209386466264513661399595019905347 -0.932469514203152027812301554493994609 0.0105891031623540333586639608639932617
-0.661209386466264513661399595019905347 0.661209386466264513661399595019905347 -0.932469514203152027812301554493994609 0.0222976963828688014316073436697478694
-0.238619186083196908630501721680711935 0.661209386466264513661399595019905347 -0.932469514203152027812301554493994609 0.0289204938271604938271604938271604938
0.238619186083196908630501721680711935 0.661209386466264513661399595019905347 -0.932469514203152027812301554493994609 0.0289204938271604938271604938271604938
0.661209386466264513661399595019905347 0.661209386466264513661399595019905347 -0.932469514203152027812301554493994609 0.0222976963828688014316073436697478694
0.932469514203152027812301554493994609 0.661209386466264513661399595019905347 -0.932469514203152027812301554493994609 0.0105891031623540333586639608639932617
-0.932469514203152027812301554493994609 0.932469514203152027812301554493994609 -0.932469514203152027812301554493994609 0.00502873049563650756439441104228487898
-0.661209386466264513661399595019905347 0.932469514203152027812301554493994609 -0.932469514203152027812301554493994609 0.0105891031623540333586639608639932617
-0.238619186083196908630501721680711935 0.932469514203152027812301554493994609 -0.932469514203152027812301554493994609 0.0137342480309898567116986908263055671
0.238619186083196908630501721680711935 0.932469514203152027812301554493994609 -0.932469514203152027812301554493994609 0.0137342480309898567116986908263055671
0.661209386466264513661399595019905347 0.932469514203152027812301554493994609 -0.932469514203152027812301554493994609 0.0105891031623540333586639608639932617
0.932469514203152027812301554493994609 0.932469514203152027812301554493994609 -0.932469514203152027812301554493994609 0.00502873049563650756439441104228487898
-0.932469514203152027812301554493994609 -0.932469514203152027812301554493994609 -0.661209386466264513661399595019905347 0.0105891031623540333586639608639932617
-0.661209386466264513661399595019905347 -0.932469514203152027812301554493994609 -0.661209386466264513661399595019905347 0.0222976963828688014316073436697478694
-0.238619186083196908630501721680711935 -0.932469514203152027812301554493994609 -0.661209386466264513661399595019905347 0.0289204938271604938271604938271604938
0.238619186083196908630501721680711935 -0.932469514203152027812301554493994609 -0.661209386466264513661399595019905347 0.0289204938271604938271604938271604938
0.661209386466264513661399595019905347 -0.932469514203152027812301554493994609 -0.661209386466264513661399595019905347 0.0222976963828688014316073436697478694
0.932469514203152027812301554493994609 -0.932469514203152027812301554493994609 -0.661209386466264513661399595019905347 0.0105891031623540333586639608639932617
-0.932469514203152027812301554493994609 -0.661209386466264513661399595019905347 -0.661209386466264513661399595019905347 0.0222976963828688014316073436697478694
-0.661209386466264513661399595019905347 -0.661209386466264513661399595019905347 -0.661209386466264513661399595019905347 0.0469527264358119773658985844992250593
-0.238619186083196908630501721680711935 -0.661209386466264513661399595019905347 -0.661209386466264513661399595019905347 0.0608984897694866697826570889702129662
0.238619186083196908630501721680711935 -0.661209386466264513661399595019905347 -0.661209386466264513661399595019905347 0.0608984897694866697826570889702129662
0.661209386466264513661399595019905347 -0.661209386466264513661399595019905347 -0.661209386466264513661399595019905347 0.0469527264358119773658985844992250593
0.932469514203152027812301554493994609 -0.661209386466264513661399595019905347 -0.661209386466264513661399595019905347 0.0222976963828688014316073436697478694
-0.932469514203152027812301554493994609 -0.238619186083196908630501721680711935 -0.661209386466264513661399595019905347 0.0289204938271604938271604938271604938
-0.661209386466264513661399595019905347 -0.238619186083196908630501721680711935 -0.661209386466264513661399595019905347 0.0608984897694866697826570889702129662
-0.238619186083196908630501721680711935 -0.238619186083196908630501721680711935 -0.661209386466264513661399595019905347 0.078986383490940666762421115540255132
0.238619186083196908630501721680711935 -0.238619186083196908630501721680711935 -0.661209386466264513661399595019905347 0.078986383490940666762421115540255132
0.661209386466264513661399595019905347 -0.238619186083196908630501721680711935 -0.661209386466264513661399595019905347 0.0608984897694866697826570889702129662
0.932469514203152027812301554493994609 -0.238619186083196908630501721680711935 -0.661209386466264513661399595019905347 0.0289204938271604938271604938271604938
-0.932469514203152027812301554493994609 0.238619186083196908630501721680711935 -0.661209386466264513661399595019905347 0.0289204938271604938271604938271604938
-0.661209386466264513661399595019905347 0.238619186083196908630501721680711935 -0.661209386466264513661399595019905347 0.0608984897694866697826570889702129662
-0.238619186083196908630501721680711935 0.238619186083196908630501721680711935 -0.661209386466264513661399595019905347 0.078986383490940666762421115540255132
0.238619186083196908630501721680711935 0.238619186083196908630501721680711935 -0.661209386466264513661399595019905347 0.078986383490940666762421115540255132
0.661209386466264513661399595019905347 0.238619186083196908630501721680711935 -0.661209386466264513661399595019905347 0.0608984897694866697826570889702129662
0.932469514203152027812301554493994609 0.238619186083196908630501721680711935 -0.661209386466264513661399595019905347 0.0289204938271604938271604938271604938
-0.932469514203152027812301554493994609 0.661209386466264513661399595019905347 -0.661209386466264513661399595019905347 0.0222976963828688014316073436697478694
-0.661209386466264513661399595019905347 0.661209386466264513661399595019905347 -0.661209386466264513661399595019905347 0.0469527264358119773658985844992250593
-0.238619186083196908630501721680711935 0.661209386466264513661399595019905347 -0.661209386466264513661399595019905347 0.0608984897694866697826570889702129662
0.238619186083196908630501721680711935 0.661209386466264513661399595019905347 -0.661209386466264513661399595019905347 0.0608984897694866697826570889702129662
0.661209386466264513661399595019905347 0.661209386466264513661399595019905347 -0.661209386466264513661399595019905347 0.0469527264358119773658985844992250593
0.932469514203152027812301554493994609 0.661209386466264513661399595019905347 -0.661209386466264513661399595019905347 0.0222976963828688014316073436697478694
-0.932469514203152027812301554493994609 0.932469514203152027812301554493994609 -0.661209386466264513661399595019905347 0.0105891031623540333586639608639932617
-0.661209386466264513661399595019905347 0.932469514203152027812301554493994609 -0.661209386466264513661399595019905347 0.0222976963828688014316073436697478694
-0.238619186083196908630501721680711935 0.932469514203152027812301554493994609 -0.661209386466264513661399595019905347 0.0289204938271604938271604938271604938
0.238619186083196908630501721680711935 0.932469514203152027812301554493994609 -0.661209386466264513661399595019905347 0.0289204938271604938271604938271604938
0.661209386466264513661399595019905347 0.932469514203152027812301554493994609 -0.661209386466264513661399595019905347 0.0222976963828688014316073436697478694
0.932469514203152027812301554493994609 0.932469514203152027812301554493994609 -0.661209386466264513661399595019905347 0.0105891031623540333586639608639932617
-0.932469514203152027812301554493994609 -0.932469514203152027812301554493994609 -0.238619186083196908630501721680711935 0.0137342480309898567116986908263055671
-0.661209386466264513661399595019905347 -0.932469514203152027812301554493994609 -0.238619186083196908630501721680711935 0.0289204938271604938271604938271604938
-0.238619186083196908630501721680711935 -0.932469514203152027812301554493994609 -0.238619186083196908630501721680711935 0.0375103754596562682492480964257815
0.238619186083196908630501721680711935 -0.932469514203152027812301554493994609 -0.238619186083196908630501721680711935 0.0375103754596562682492480964257815
0.661209386466264513661399595019905347 -0.932469514203152027812301554493994609 -0.238619186083196908630501721680711935 0.0289204938271604938271604938271604938
0.932469514203152027812301554493994609 -0.932469514203152027812301554493994609 -0.238619186083196908630501721680711935 0.0137342480309898567116986908263055671
-0.932469514203152027812301554493994609 -0.661209386466264513661399595019905347 -0.238619186083196908630501721680711935 0.0289204938271604938271604938271604938
-0.661209386466264513661399595019905347 -0.661209386466264513661399595019905347 -0.238619186083196908630501721680711935 0.0608984897694866697826570889702129662
-0.238619186083196908630501721680711935 -0.661209386466264513661399595019905347 -0.238619186083196908630501721680711935 0.078986383490940666762421115540255132
0.238619186083196908630501721680711935 -0.661209386466264513661399595019905347 -0.238619186083196908630501721680711935 0.078986383490940666762421115540255132
0.661209386466264513661399595019905347 -0.661209386466264513661399595019905347 -0.238619186083196908630501721680711935 0.0608984897694866697826570889702129662
0.932469514203152027812301554493994609 -0.661209386466264513661399595019905347 -0.238619186083196908630501721680711935 0.0289204938271604938271604938271604938
-0.932469514203152027812301554493994609 -0.238619186083196908630501721680711935 -0.238619186083196908630501721680711935 0.0375103754596562682492480964257815
-0.661209386466264513661399595019905347 -0.238619186083196908630501721680711935 -0.238619186083196908630501721680711935 0.078986383490940666762421115540255132
-0.238619186083196908630501721680711935 -0.238619186083196908630501721680711935 -0.238619186083196908630501721680711935 0.10244669121669966321785515260663821
0.238619186083196908630501721680711935 -0.238619186083196908630501721680711935 -0.238619186083196908630501721680711935 0.10244669121669966321785515260663821
0.661209386466264513661399595019905347 -0.238619186083196908630501721680711935 -0.238619186083196908630501721680711935 0.078986383490940666762421115540255132
0.932469514203152027812301554493994609 -0.238619186083196908630501721680711935 -0.238619186083196908630501721680711935 0.0375103754596562682492480964257815
-0.932469514203152027812301554493994609 0.238619186083196908630501721680711935 -0.238619186083196908630501721680711935 0.0375103754596562682492480964257815
-0.661209386466264513661399595019905347 0.238619186083196908630501721680711935 -0.238619186083196908630501721680711935 0.078986383490940666762421115540255132
-0.238619186083196908630501721680711935 0.238619186083196908630501721680711935 -0.238619186083196908630501721680711935 0.10244669121669966321785515260663821
0.238619186083196908630501721680711935 0.238619186083196908630501721680711935 -0.238619186083196908630501721680711935 0.10244669121669966321785515260663821
0.661209386466264513661399595019905347 0.238619186083196908630501721680711935 -0.238619186083196908630501721680711935 0.078986383490940666762421115540255132
0.932469514203152027812301554493994609 0.238619186083196908630501721680711935 -0.238619186083196908630501721680711935 0.0375103754596562682492480964257815
-0.932469514203152027812301554493994609 0.661209386466264513661399595019905347 -0.238619186083196908630501721680711935 0.0289204938271604938271604938271604938
-0.661209386466264513661399595019905347 0.661209386466264513661399595019905347 -0.238619186083196908630501721680711935 0.0608984897694866697826570889702129662
-0.238619186083196908630501721680711935 0.661209386466264513661399595019905347 -0.238619186083196908630501721680711935 0.078986383490940666762421115540255132
0.238619186083196908630501721680711935 0.661209386466264513661399595019905347 -0.238619186083196908630501721680711935 0.078986383490940666762421115540255132
0.661209386466264513661399595019905347 0.661209386466264513661399595019905347 -0.238619186083196908630501721680711935 0.0608984897694866697826570889702129662
0.932469514203152027812301554493994609 0.661209386466264513661399595019905347 -0.238619186083196908630501721680711935 0.0289204938271604938271604938271604938
-0.932469514203152027812301554493994609 0.932469514203152027812301554493994609 -0.238619186083196908630501721680711935 0.0137342480309898567116986908263055671
-0.661209386466264513661399595019905347 0.932469514203152027812301554493994609 -0.238619186083196908630501721680711935 0.0289204938271604938271604938271604938
-0.238619186083196908630501721680711935 0.932469514203152027812301554493994609 -0.238619186083196908630501721680711935 0.0375103754596562682492480964257815
0.238619186083196908630501721680711935 0.932469514203152027812301554493994609 -0.238619186083196908630501721680711935 0.0375103754596562682492480964257815
0.661209386466264513661399595019905347 0.932469514203152027812301554493994609 -0.238619186083196908630501721680711935 0.0289204938271604938271604938271604938
0.932469514203152027812301554493994609 0.932469514203152027812301554493994609 -0.238619186083196908630501721680711935 0.0137342480309898567116986908263055671
-0.932469514203152027812301554493994609 -0.932469514203152027812301554493994609 0.238619186083196908630501721680711935 0.0137342480309898567116986908263055671
-0.661209386466264513661399595019905347 -0.932469514203152027812301554493994609 0.238619186083196908630501721680711935 0.0289204938271604938271604938271604938
-0.238619186083196908630501721680711935 -0.932469514203152027812301554493994609 0.238619186083196908630501721680711935 0.0375103754596562682492480964257815
0.238619186083196908630501721680711935 -0.932469514203152027812301554493994609 0.238619186083196908630501721680711935 0.0375103754596562682492480964257815
0.661209386466264513661399595019905347 -0.932469514203152027812301554493994609 0.238619186083196908630501721680711935 0.0289204938271604938271604938271604938
0.932469514203152027812301554493994609 -0.932469514203152027812301554493994609 0.238619186083196908630501721680711935 0.0137342480309898567116986908263055671
-0.932469514203152027812301554493994609 -0.661209386466264513661399595019905347 0.238619186083196908630501721680711935 0.0289204938271604938271604938271604938
-0.661209386466264513661399595019905347 -0.661209386466264513661399595019905347 0.238619186083196908630501721680711935 0.0608984897694866697826570889702129662
-0.238619186083196908630501721680711935 -0.661209386466264513661399595019905347 0.238619186083196908630501721680711935 0.078986383490940666762421115540255132
0.238619186083196908630501721680711935 -0.661209386466264513661399595019905347 0.238619186083196908630501721680711935 0.078986383490940666762421115540255132
0.661209386466264513661399595019905347 -0.661209386466264513661399595019905347 0.238619186083196908630501721680711935 0.0608984897694866697826570889702129662
0.932469514203152027812301554493994609 -0.661209386466264513661399595019905347 0.238619186083196908630501721680711935 0.0289204938271604938271604938271604938
-0.932469514203152027812301554493994609 -0.238619186083196908630501721680711935 0.238619186083196908630501721680711935 0.0375103754596562682492480964257815
-0.661209386466264513661399595019905347 -0.238619186083196908630501721680711935 0.238619186083196908630501721680711935 0.078986383490940666762421115540255132
-0.238619186083196908630501721680711935 -0.238619186083196908630501721680711935 0.238619186083196908630501721680711935 0.10244669121669966321785515260663821
0.238619186083196908630501721680711935 -0.238619186083196908630501721680711935 0.238619186083196908630501721680711935 0.10244669121669966321785515260663821
0.661209386466264513661399595019905347 -0.238619186083196908630501721680711935 0.238619186083196908630501721680711935 0.078986383490940666762421115540255132
0.932469514203152027812301554493994609 -0.238619186083196908630501721680711935 0.238619186083196908630501721680711935 0.0375103754596562682492480964257815
-0.932469514203152027812301554493994609 0.238619186083196908630501721680711935 0.238619186083196908630501721680711935 0.0375103754596562682492480964257815
-0.661209386466264513661399595019905347 0.238619186083196908630501721680711935 0.238619186083196908630501721680711935 0.078986383490940666762421115540255132
-0.238619186083196908630501721680711935 0.238619186083196908630501721680711935 0.238619186083196908630501721680711935 0.10244669121669966321785515260663821
0.238619186083196908630501721680711935 0.238619186083196908630501721680711935 0.238619186083196908630501721680711935 0.10244669121669966321785515260663821
0.661209386466264513661399595019905347 0.238619186083196908630501721680711935 0.238619186083196908630501721680711935 0.078986383490940666762421115540255132
0.932469514203152027812301554493994609 0.238619186083196908630501721680711935 0.238619186083196908630501721680711935 0.0375103754596562682492480964257815
-0.932469514203152027812301554493994609 0.661209386466264513661399595019905347 0.238619186083196908630501721680711935 0.0289204938271604938271604938271604938
-0.661209386466264513661399595019905347 0.661209386466264513661399595019905347 0.238619186083196908630501721680711935 0.0608984897694866697826570889702129662
-0.238619186083196908630501721680711935 0.661209386466264513661399595019905347 0.238619186083196908630501721680711935 0.078986383490940666762421115540255132
0.238619186083196908630501721680711935 0.661209386466264513661399595019905347 0.238619186083196908630501721680711935 0.078986383490940666762421115540255132
0.661209386466264513661399595019905347 0.661209386466264513661399595019905347 0.238619186083196908630501721680711935 0.0608984897694866697826570889702129662
0.932469514203152027812301554493994609 0.661209386466264513661399595019905347 0.238619186083196908630501721680711935 0.0289204938271604938271604938271604938
-0.932469514203152027812301554493994609 0.932469514203152027812301554493994609 0.238619186083196908630501721680711935 0.0137342480309898567116986908263055671
-0.661209386466264513661399595019905347 0.932469514203152027812301554493994609 0.238619186083196908630501721680711935 0.0289204938271604938271604938271604938
-0.238619186083196908630501721680711935 0.932469514203152027812301554493994609 0.238619186083196908630501721680711935 0.0375103754596562682492480964257815
0.238619186083196908630501721680711935 0.932469514203152027812301554493994609 0.238619186083196908630501721680711935 0.0375103754596562682492480964257815
0.661209386466264513661399595019905347 0.932469514203152027812301554493994609 0.238619186083196908630501721680711935 0.0289204938271604938271604938271604938
0.932469514203152027812301554493994609 0.932469514203152027812301554493994609 0.238619186083196908630501721680711935 0.0137342480309898567116986908263055671
-0.932469514203152027812301554493994609 -0.932469514203152027812301554493994609 0.661209386466264513661399595019905347 0.0105891031623540333586639608639932617
-0.661209386466264513661399595019905347 -0.932469514203152027812301554493994609 0.661209386466264513661399595019905347 0.0222976963828688014316073436697478694
-0.238619186083196908630501721680711935 -0.932469514203152027812301554493994609 0.661209386466264513661399595019905347 0.0289204938271604938271604938271604938
0.238619186083196908630501721680711935 -0.932469514203152027812301554493994609 0.661209386466264513661399595019905347 0.0289204938271604938271604938271604938
0.661209386466264513661399595019905347 -0.932469514203152027812301554493994609 0.661209386466264513661399595019905347 0.0222976963828688014316073436697478694
0.932469514203152027812301554493994609 -0.932469514203152027812301554493994609 0.661209386466264513661399595019905347 0.0105891031623540333586639608639932617
-0.932469514203152027812301554493994609 -0.661209386466264513661399595019905347 0.661209386466264513661399595019905347 0.0222976963828688014316073436697478694
-0.661209386466264513661399595019905347 -0.661209386466264513661399595019905347 0.661209386466264513661399595019905347 0.0469527264358119773658985844992250593
-0.238619186083196908630501721680711935 -0.661209386466264513661399595019905347 0.661209386466264513661399595019905347 0.0608984897694866697826570889702129662
0.238619186083196908630501721680711935 -0.661209386466264513661399595019905347 0.661209386466264513661399595019905347 0.0608984897694866697826570889702129662
0.661209386466264513661399595019905347 -0.661209386466264513661399595019905347 0.661209386466264513661399595019905347 0.0469527264358119773658985844992250593
0.932469514203152027812301554493994609 -0.661209386466264513661399595019905347 0.661209386466264513661399595019905347 0.0222976963828688014316073436697478694
-0.932469514203152027812301554493994609 -0.238619186083196908630501721680711935 0.661209386466264513661399595019905347 0.0289204938271604938271604938271604938
-0.661209386466264513661399595019905347 -0.238619186083196908630501721680711935 0.661209386466264513661399595019905347 0.0608984897694866697826570889702129662
-0.238619186083196908630501721680711935 -0.238619186083196908630501721680711935 0.661209386466264513661399595019905347 0.078986383490940666762421115540255132
0.238619186083196908630501721680711935 -0.238619186083196908630501721680711935 0.661209386466264513661399595019905347 0.078986383490940666762421115540255132
0.661209386466264513661399595019905347 -0.238619186083196908630501721680711935 0.661209386466264513661399595019905347 0.0608984897694866697826570889702129662
0.932469514203152027812301554493994609 -0.238619186083196908630501721680711935 0.661209386466264513661399595019905347 0.0289204938271604938271604938271604938
-0.932469514203152027812301554493994609 0.238619186083196908630501721680711935 0.661209386466264513661399595019905347 0.0289204938271604938271604938271604938
-0.661209386466264513661399595019905347 0.238619186083196908630501721680711935 0.661209386466264513661399595019905347 0.0608984897694866697826570889702129662
-0.238619186083196908630501721680711935 0.238619186083196908630501721680711935 0.661209386466264513661399595019905347 0.078986383490940666762421115540255132
0.238619186083196908630501721680711935 0.238619186083196908630501721680711935 0.661209386466264513661399595019905347 0.078986383490940666762421115540255132
0.661209386466264513661399595019905347 0.238619186083196908630501721680711935 0.661209386466264513661399595019905347 0.0608984897694866697826570889702129662
0.932469514203152027812301554493994609 0.238619186083196908630501721680711935 0.661209386466264513661399595019905347 0.0289204938271604938271604938271604938
-0.932469514203152027812301554493994609 0.661209386466264513661399595019905347 0.661209386466264513661399595019905347 0.0222976963828688014316073436697478694
-0.661209386466264513661399595019905347 0.661209386466264513661399595019905347 0.661209386466264513661399595019905347 0.0469527264358119773658985844992250593
-0.238619186083196908630501721680711935 0.661209386466264513661399595019905347 0.661209386466264513661399595019905347 0.0608984897694866697826570889702129662
0.238619186083196908630501721680711935 0.661209386466264513661399595019905347 0.661209386466264513661399595019905347 0.0608984897694866697826570889702129662
0.661209386466264513661399595019905347 0.661209386466264513661399595019905347 0.661209386466264513661399595019905347 0.0469527264358119773658985844992250593
0.932469514203152027812301554493994609 0.661209386466264513661399595019905347 0.661209386466264513661399595019905347 0.0222976963828688014316073436697478694
-0.932469514203152027812301554493994609 0.932469514203152027812301554493994609 0.661209386466264513661399595019905347 0.0105891031623540333586639608639932617
-0.661209386466264513661399595019905347 0.932469514203152027812301554493994609 0.661209386466264513661399595019905347 0.0222976963828688014316073436697478694
-0.238619186083196908630501721680711935 0.932469514203152027812301554493994609 0.661209386466264513661399595019905347 0.0289204938271604938271604938271604938
0.238619186083196908630501721680711935 0.932469514203152027812301554493994609 0.661209386466264513661399595019905347 0.0289204938271604938271604938271604938
0.661209386466264513661399595019905347 0.932469514203152027812301554493994609 0.661209386466264513661399595019905347 0.0222976963828688014316073436697478694
0.932469514203152027812301554493994609 0.932469514203152027812301554493994609 0.661209386466264513661399595019905347 0.0105891031623540333586639608639932617
-0.932469514203152027812301554493994609 -0.932469514203152027812301554493994609 0.932469514203152027812301554493994609 0.00502873049563650756439441104228487898
-0.661209386466264513661399595019905347 -0.932469514203152027812301554493994609 0.932469514203152027812301554493994609 0.0105891031623540333586639608639932617
-0.238619186083196908630501721680711935 -0.932469514203152027812301554493994609 0.932469514203152027812301554493994609 0.0137342480309898567116986908263055671
0.238619186083196908630501721680711935 -0.932469514203152027812301554493994609 0.932469514203152027812301554493994609 0.0137342480309898567116986908263055671
0.661209386466264513661399595019905347 -0.932469514203152027812301554493994609 0.932469514203152027812301554493994609 0.0105891031623540333586639608639932617
0.932469514203152027812301554493994609 -0.932469514203152027812301554493994609 0.932469514203152027812301554493994609 0.00502873049563650756439441104228487898
-0.932469514203152027812301554493994609 -0.661209386466264513661399595019905347 0.932469514203152027812301554493994609 0.0105891031623540333586639608639932617
-0.661209386466264513661399595019905347 -0.661209386466264513661399595019905347 0.932469514203152027812301554493994609 0.0222976963828688014316073436697478694
-0.238619186083196908630501721680711935 -0.661209386466264513661399595019905347 0.932469514203152027812301554493994609 0.0289204938271604938271604938271604938
0.238619186083196908630501721680711935 -0.661209386466264513661399595019905347 0.932469514203152027812301554493994609 0.0289204938271604938271604938271604938
0.661209386466264513661399595019905347 -0.661209386466264513661399595019905347 0.932469514203152027812301554493994609 0.0222976963828688014316073436697478694
0.932469514203152027812301554493994609 -0.661209386466264513661399595019905347 0.932469514203152027812301554493994609 0.0105891031623540333586639608639932617
-0.932469514203152027812301554493994609 -0.238619186083196908630501721680711935 0.932469514203152027812301554493994609 0.0137342480309898567116986908263055671
-0.661209386466264513661399595019905347 -0.238619186083196908630501721680711935 0.932469514203152027812301554493994609 0.0289204938271604938271604938271604938
-0.238619186083196908630501721680711935 -0.238619186083196908630501721680711935 0.932469514203152027812301554493994609 0.0375103754596562682492480964257815
0.238619186083196908630501721680711935 -0.238619186083196908630501721680711935 0.932469514203152027812301554493994609 0.0375103754596562682492480964257815
0.661209386466264513661399595019905347 -0.238619186083196908630501721680711935 0.932469514203152027812301554493994609 0.0289204938271604938271604938271604938
0.932469514203152027812301554493994609 -0.238619186083196908630501721680711935 0.932469514203152027812301554493994609 0.0137342480309898567116986908263055671
-0.932469514203152027812301554493994609 0.238619186083196908630501721680711935 0.932469514203152027812301554493994609 0.0137342480309898567116986908263055671
-0.661209386466264513661399595019905347 0.238619186083196908630501721680711935 0.932469514203152027812301554493994609 0.0289204938271604938271604938271604938
-0.238619186083196908630501721680711935 0.238619186083196908630501721680711935 0.932469514203152027812301554493994609 0.0375103754596562682492480964257815
0.238619186083196908630501721680711935 0.238619186083196908630501721680711935 0.932469514203152027812301554493994609 0.0375103754596562682492480964257815
0.661209386466264513661399595019905347 0.238619186083196908630501721680711935 0.932469514203152027812301554493994609 0.0289204938271604938271604938271604938
0.932469514203152027812301554493994609 0.238619186083196908630501721680711935 0.932469514203152027812301554493994609 0.0137342480309898567116986908263055671
-0.932469514203152027812301554493994609 0.661209386466264513661399595019905347 0.932469514203152027812301554493994609 0.0105891031623540333586639608639932617
-0.661209386466264513661399595019905347 0.661209386466264513661399595019905347 0.932469514203152027812301554493994609 0.0222976963828688014316073436697478694
-0.238619186083196908630501721680711935 0.661209386466264513661399595019905347 0.932469514203152027812301554493994609 0.0289204938271604938271604938271604938
0.238619186083196908630501721680711935 0.661209386466264513661399595019905347 0.932469514203152027812301554493994609 0.0289204938271604938271604938271604938
0.661209386466264513661399595019905347 0.661209386466264513661399595019905347 0.932469514203152027812301554493994609 0.0222976963828688014316073436697478694
0.932469514203152027812301554493994609 0.661209386466264513661399595019905347 0.932469514203152027812301554493994609 0.0105891031623540333586639608639932617
-0.932469514203152027812301554493994609 0.932469514203152027812301554493994609 0.932469514203152027812301554493994609 0.00502873049563650756439441104228487898
-0.661209386466264513661399595019905347 0.932469514203152027812301554493994609 0.932469514203152027812301554493994609 0.0105891031623540333586639608639932617
-0.238619186083196908630501721680711935 0.932469514203152027812301554493994609 0.932469514203152027812301554493994609 0.0137342480309898567116986908263055671
0.238619186083196908630501721680711935 0.932469514203152027812301554493994609 0.932469514203152027812301554493994609 0.0137342480309898567116986908263055671
0.661209386466264513661399595019905347 0.932469514203152027812301554493994609 0.932469514203152027812301554493994609 0.0105891031623540333586639608639932617
0.932469514203152027812301554493994609 0.932469514203152027812301554493994609 0.932469514203152027812301554493994609 0.00502873049563650756439441104228487898
