-1.0 -1.0 -1.0 0.001
-0.654653670707977143798292456246858356 -1.0 -1.0 0.00544444444444444444444444444444444444
0.0 -1.0 -1.0 0.00711111111111111111111111111111111111
0.654653670707977143798292456246858356 -1.0 -1.0 0.00544444444444444444444444444444444444
1.0 -1.0 -1.0 0.001
-1.0 -0.654653670707977143798292456246858356 -1.0 0.00544444444444444444444444444444444444
-0.654653670707977143798292456246858356 -0.654653670707977143798292456246858356 -1.0 0.0296419753086419753086419753086419753
0.0 -0.654653670707977143798292456246858356 -1.0 0.0387160493827160493827160493827160494
0.654653670707977143798292456246858356 -0.654653670707977143798292456246858356 -1.0 0.0296419753086419753086419753086419753
1.0 -0.654653670707977143798292456246858356 -1.0 0.00544444444444444444444444444444444444
-1.0 0.0 -1.0 0.00711111111111111111111111111111111111
-0.654653670707977143798292456246858356 0.0 -1.0 0.0387160493827160493827160493827160494
0.0 0.0 -1.0 0.0505679012345679012345679012345679012
0.654653670707977143798292456246858356 0.0 -1.0 0.0387160493827160493827160493827160494
1.0 0.0 -1.0 0.00711111111111111111111111111111111111
-1.0 0.654653670707977143798292456246858356 -1.0 0.00544444444444444444444444444444444444
-0.654653670707977143798292456246858356 0.654653670707977143798292456246858356 -1.0 0.0296419753086419753086419753086419753
0.0 0.654653670707977143798292456246858356 -1.0 0.0387160493827160493827160493827160494
0.654653670707977143798292456246858356 0.654653670707977143798292456246858356 -1.0 0.0296419753086419753086419753086419753
1.0 0.654653670707977143798292456246858356 -1.0 0.00544444444444444444444444444444444444
-1.0 1.0 -1.0 0.001
-0.654653670707977143798292456246858356 1.0 -1.0 0.00544444444444444444444444444444444444
0.0 1.0 -1.0 0.00711111111111111111111111111111111111
0.654653670707977143798292456246858356 1.0 -1.0 0.00544444444444444444444444444444444444
1.0 1.0 -1.0 0.001
-1.0 -1.0 -0.654653670707977143798292456246858356 0.00544444444444444444444444444444444444
-0.654653670707977143798292456246858356 -1.0 -0.654653670707977143798292456246858356 0.0296419753086419753086419753086419753
0.0 -1.0 -0.654653670707977143798292456246858356 0.0387160493827160493827160493827160494
0.654653670707977143798292456246858356 -1.0 -0.654653670707977143798292456246858356 0.0296419753086419753086419753086419753
1.0 -1.0 -0.654653670707977143798292456246858356 0.00544444444444444444444444444444444444
-1.0 -0.654653670707977143798292456246858356 -0.654653670707977143798292456246858356 0.0296419753086419753086419753086419753
-0.654653670707977143798292456246858356 -0.654653670707977143798292456246858356 -0.654653670707977143798292456246858356 0.161384087791495198902606310013717421
0.0 -0.654653670707977143798292456246858356 -0.654653670707977143798292456246858356 0.210787379972565157750342935528120713
0.654653670707977143798292456246858356 -0.654653670707977143798292456246858356 -0.654653670707977143798292456246858356 0.161384087791495198902606310013717421
1.0 -0.654653670707977143798292456246858356 -0.654653670707977143798292456246858356 0.0296419753086419753086419753086419753
-1.0 0.0 -0.654653670707977143798292456246858356 0.0387160493827160493827160493827160494
-0.654653670707977143798292456246858356 0.0 -0.654653670707977143798292456246858356 0.210787379972565157750342935528120713
0.0 0.0 -0.654653670707977143798292456246858356 0.275314128943758573388203017832647462
0.654653670707977143798292456246858356 0.0 -0.654653670707977143798292456246858356 0.210787379972565157750342935528120713
1.0 0.0 -0.654653670707977143798292456246858356 0.0387160493827160493827160493827160494
-1.0 0.654653670707977143798292456246858356 -0.654653670707977143798292456246858356 0.0296419753086419753086419753086419753
-0.654653670707977143798292456246858356 0.654653670707977143798292456246858356 -0.654653670707977143798292456246858356 0.161384087791495198902606310013717421
0.0 0.654653670707977143798292456246858356 -0.654653670707977143798292456246858356 0.210787379972565157750342935528120713
0.654653670707977143798292456246858356 0.654653670707977143798292456246858356 -0.654653670707977143798292456246858356 0.161384087791495198902606310013717421
1.0 0.654653670707977143798292456246858356 -0.654653670707977143798292456246858356 0.0296419753086419753086419753086419753
-1.0 1.0 -0.654653670707977143798292456246858356 0.00544444444444444444444444444444444444
-0.654653670707977143798292456246858356 1.0 -0.654653670707977143798292456246858356 0.0296419753086419753086419753086419753
0.0 1.0 -0.654653670707977143798292456246858356 0.0387160493827160493827160493827160494
0.654653670707977143798292456246858356 1.0 -0.654653670707977143798292456246858356 0.0296419753086419753086419753086419753
1.0 1.0 -0.654653670707977143798292456246858356 0.00544444444444444444444444444444444444
-1.0 -1.0 0.0 0.00711111111111111111111111111111111111
-0.654653670707977143798292456246858356 -1.0 0.0 0.0387160493827160493827160493827160494
0.0 -1.0 0.0 0.0505679012345679012345679012345679012
0.654653670707977143798292456246858356 -1.0 0.0 0.0387160493827160493827160493827160494
1.0 -1.0 0.0 0.00711111111111111111111111111111111111
-1.0 -0.654653670707977143798292456246858356 0.0 0.0387160493827160493827160493827160494
-0.654653670707977143798292456246858356 -0.654653670707977143798292456246858356 0.0 0.210787379972565157750342935528120713
0.0 -0.654653670707977143798292456246858356 0.0 0.275314128943758573388203017832647462
0.654653670707977143798292456246858356 -0.654653670707977143798292456246858356 0.0 0.210787379972565157750342935528120713
1.0 -0.654653670707977143798292456246858356 0.0 0.0387160493827160493827160493827160494
-1.0 0.0 0.0 0.0505679012345679012345679012345679012
-0.654653670707977143798292456246858356 0.0 0.0 0.275314128943758573388203017832647462
0.0 0.0 0.0 0.359593964334705075445816186556927298
0.654653670707977143798292456246858356 0.0 0.0 0.275314128943758573388203017832647462
1.0 0.0 0.0 0.0505679012345679012345679012345679012
-1.0 0.654653670707977143798292456246858356 0.0 0.0387160493827160493827160493827160494
-0.654653670707977143798292456246858356 0.654653670707977143798292456246858356 0.0 0.210787379972565157750342935528120713
0.0 0.654653670707977143798292456246858356 0.0 0.275314128943758573388203017832647462
0.654653670707977143798292456246858356 0.654653670707977143798292456246858356 0.0 0.210787379972565157750342935528120713
1.0 0.654653670707977143798292456246858356 0.0 0.0387160493827160493827160493827160494
-1.0 1.0 0.0 0.00711111111111111111111111111111111111
-0.654653670707977143798292456246858356 1.0 0.0 0.0387160493827160493827160493827160494
0.0 1.0 0.0 0.0505679012345679012345679012345679012
0.654653670707977143798292456246858356 1.0 0.0 0.0387160493827160493827160493827160494
1.0 1.0 0.0 0.00711111111111111111111111111111111111
-1.0 -1.0 0.654653670707977143798292456246858356 0.00544444444444444444444444444444444444
-0.654653670707977143798292456246858356 -1.0 0.654653670707977143798292456246858356 0.0296419753086419753086419753086419753
0.0 -1.0 0.654653670707977143798292456246858356 0.0387160493827160493827160493827160494
0.654653670707977143798292456246858356 -1.0 0.654653670707977143798292456246858356 0.0296419753086419753086419753086419753
1.0 -1.0 0.654653670707977143798292456246858356 0.00544444444444444444444444444444444444
-1.0 -0.654653670707977143798292456246858356 0.654653670707977143798292456246858356 0.0296419753086419753086419753086419753
-0.654653670707977143798292456246858356 -0.654653670707977143798292456246858356 0.654653670707977143798292456246858356 0.161384087791495198902606310013717421
0.0 -0.654653670707977143798292456246858356 0.654653670707977143798292456246858356 0.210787379972565157750342935528120713
0.654653670707977143798292456246858356 -0.654653670707977143798292456246858356 0.654653670707977143798292456246858356 0.161384087791495198902606310013717421
1.0 -0.654653670707977143798292456246858356 0.654653670707977143798292456246858356 0.0296419753086419753086419753086419753
-1.0 0.0 0.654653670707977143798292456246858356 0.0387160493827160493827160493827160494
-0.654653670707977143798292456246858356 0.0 0.654653670707977143798292456246858356 0.210787379972565157750342935528120713
0.0 0.0 0.654653670707977143798292456246858356 0.275314128943758573388203017832647462
0.654653670707977143798292456246858356 0.0 0.654653670707977143798292456246858356 0.210787379972565157750342935528120713
1.0 0.0 0.654653670707977143798292456246858356 0.0387160493827160493827160493827160494
-1.0 0.654653670707977143798292456246858356 0.654653670707977143798292456246858356 0.0296419753086419753086419753086419753
-0.654653670707977143798292456246858356 0.654653670707977143798292456246858356 0.654653670707977143798292456246858356 0.161384087791495198902606310013717421
0.0 0.654653670707977143798292456246858356 0.654653670707977143798292456246858356 0.210787379972565157750342935528120713
0.654653670707977143798292456246858356 0.654653670707977143798292456246858356 0.654653670707977143798292456246858356 0.161384087791495198902606310013717421
1.0 0.654653670707977143798292456246858356 0.654653670707977143798292456246858356 0.0296419753086419753086419753086419753
-1.0 1.0 0.654653670707977143798292456246858356 0.00544444444444444444444444444444444444
-0.654653670707977143798292456246858356 1.0 0.654653670707977143798292456246858356 0.0296419753086419753086419753086419753
0.0 1.0 0.654653670707977143798292456246858356 0.0387160493827160493827160493827160494
0.654653670707977143798292456246858356 1.0 0.654653670707977143798292456246858356 0.0296419753086419753086419753086419753
1.0 1.0 0.654653670707977143798292456246858356 0.00544444444444444444444444444444444444
-1.0 -1.0 1.0 0.001
-0.654653670707977143798292456246858356 -1.0 1.0 0.00544444444444444444444444444444444444
0.0 -1.0 1.0 0.00711111111111111111111111111111111111
0.654653670707977143798292456246858356 -1.0 1.0 0.00544444444444444444444444444444444444
1.0 -1.0 1.0 0.001
-1.0 -0.654653670707977143798292456246858356 1.0 0.00544444444444444444444444444444444444
-0.654653670707977143798292456246858356 -0.654653670707977143798292456246858356 1.0 0.0296419753086419753086419753086419753
0.0 -0.654653670707977143798292456246858356 1.0 0.0387160493827160493827160493827160494
0.654653670707977143798292456246858356 -0.654653670707977143798292456246858356 1.0 0.0296419753086419753086419753086419753
1.0 -0.654653670707977143798292456246858356 1.0 0.00544444444444444444444444444444444444
-1.0 0.0 1.0 0.00711111111111111111111111111111111111
-0.654653670707977143798292456246858356 0.0 1.0 0.0387160493827160493827160493827160494
0.0 0.0 1.0 0.0505679012345679012345679012345679012
0.654653670707977143798292456246858356 0.0 1.0 0.0387160493827160493827160493827160494
1.0 0.0 1.0 0.00711111111111111111111111111111111111
-1.0 0.654653670707977143798292456246858356 1.0 0.00544444444444444444444444444444444444
-0.654653670707977143798292456246858356 0.654653670707977143798292456246858356 1.0 0.0296419753086419753086419753086419753
0.0 0.654653670707977143798292456246858356 1.0 0.0387160493827160493827160493827160494
0.654653670707977143798292456246858356 0.654653670707977143798292456246858356 1.0 0.0296419753086419753086419753086419753
1.0 0.654653670707977143798292456246858356 1.0 0.00544444444444444444444444444444444444
-1.0 1.0 1.0 0.001
-0.654653670707977143798292456246858356 1.0 1.0 0.00544444444444444444444444444444444444
0.0 1.0 1.0 0.00711111111111111111111111111111111111
0.654653670707977143798292456246858356 1.0 1.0 0.00544444444444444444444444444444444444
1.0 1.0 1.0 0.001
