-0.949107912342758524526189684047851262 -0.949107912342758524526189684047851262 -0.949107912342758524526189684047851262 0.0021709910994843095127624121579641952
-0.741531185599394439863864773280788407 -0.949107912342758524526189684047851262 -0.949107912342758524526189684047851262 0.00468964029854288924219372722065502863
-0.405845151377397166906606412076961463 -0.949107912342758524526189684047851262 -0.949107912342758524526189684047851262 0.00640189873534176109182456539058172015
0.0 -0.949107912342758524526189684047851262 -0.949107912342758524526189684047851262 0.00700765266076873832977473771086778464
0.405845151377397166906606412076961463 -0.949107912342758524526189684047851262 -0.949107912342758524526189684047851262 0.00640189873534176109182456539058172015
0.741531185599394439863864773280788407 -0.949107912342758524526189684047851262 -0.949107912342758524526189684047851262 0.00468964029854288924219372722065502863
0.949107912342758524526189684047851262 -0.949107912342758524526189684047851262 -0.949107912342758524526189684047851262 0.0021709910994843095127624121579641952
-0.949107912342758524526189684047851262 -0.741531185599394439863864773280788407 -0.949107912342758524526189684047851262 0.00468964029854288924219372722065502863
-0.741531185599394439863864773280788407 -0.741531185599394439863864773280788407 -0.949107912342758524526189684047851262 0.0101302700572754642988007781342098054
-0.405845151377397166906606412076961463 -0.741531185599394439863864773280788407 -0.949107912342758524526189684047851262 0.0138289845147596216925795209975743219
0.0 -0.741531185599394439863864773280788407 -0.949107912342758524526189684047851262 0.0151374965673229342823425196000504105
0.405845151377397166906606412076961463 -0.741531185599394439863864773280788407 -0.949107912342758524526189684047851262 0.0138289845147596216925795209975743219
0.741531185599394439863864773280788407 -0.741531185599394439863864773280788407 -0.949107912342758524526189684047851262 0.0101302700572754642988007781342098054
0.949107912342758524526189684047851262 -0.741531185599394439863864773280788407 -0.949107912342758524526189684047851262 0.00468964029854288924219372722065502863
-0.949107912342758524526189684047851262 -0.405845151377397166906606412076961463 -0.949107912342758524526189684047851262 0.00640189873534176109182456539058172015
-0.741531185599394439863864773280788407 -0.405845151377397166906606412076961463 -0.949107912342758524526189684047851262 0.0138289845147596216925795209975743219
-0.405845151377397166906606412076961463 -0.405845151377397166906606412076961463 -0.949107912342758524526189684047851262 0.0188781554320078627686883004842287017
0.0 -0.405845151377397166906606412076961463 -0.949107912342758524526189684047851262 0.0206644249796077747401272467272043228
0.405845151377397166906606412076961463 -0.405845151377397166906606412076961463 -0.949107912342758524526189684047851262 0.0188781554320078627686883004842287017
0.741531185599394439863864773280788407 -0.405845151377397166906606412076961463 -0.949107912342758524526189684047851262 0.0138289845147596216925795209975743219
0.949107912342758524526189684047851262 -0.405845151377397166906606412076961463 -0.949107912342758524526189684047851262 0.00640189873534176109182456539058172015
-0.949107912342758524526189684047851262 0.0 -0.949107912342758524526189684047851262 0.00700765266076873832977473771086778464
-0.741531185599394439863864773280788407 0.0 -0.949107912342758524526189684047851262 0.0151374965673229342823425196000504105
-0.405845151377397166906606412076961463 0.0 -0.949107912342758524526189684047851262 0.0206644249796077747401272467272043228
0.0 0.0 -0.949107912342758524526189684047851262 0.0226197131004562611396792425877386266
0.405845151377397166906606412076961463 0.0 -0.949107912342758524526189684047851262 0.0206644249796077747401272467272043228
0.741531185599394439863864773280788407 0.0 -0.949107912342758524526189684047851262 0.0151374965673229342823425196000504105
0.949107912342758524526189684047851262 0.0 -0.949107912342758524526189684047851262 0.00700765266076873832977473771086778464
-0.949107912342758524526189684047851262 0.405845151377397166906606412076961463 -0.949107912342758524526189684047851262 0.00640189873534176109182456539058172015
-0.741531185599394439863864773280788407 0.405845151377397166906606412076961463 -0.949107912342758524526189684047851262 0.0138289845147596216925795209975743219
-0.405845151377397166906606412076961463 0.405845151377397166906606412076961463 -0.949107912342758524526189684047851262 0.0188781554320078627686883004842287017
0.0 0.405845151377397166906606412076961463 -0.949107912342758524526189684047851262 0.0206644249796077747401272467272043228
0.405845151377397166906606412076961463 0.405845151377397166906606412076961463 -0.949107912342758524526189684047851262 0.0188781554320078627686883004842287017
0.741531185599394439863864773280788407 0.405845151377397166906606412076961463 -0.949107912342758524526189684047851262 0.0138289845147596216925795209975743219
0.949107912342758524526189684047851262 0.405845151377397166906606412076961463 -0.949107912342758524526189684047851262 0.00640189873534176109182456539058172015
-0.949107912342758524526189684047851262 0.741531185599394439863864773280788407 -0.949107912342758524526189684047851262 0.00468964029854288924219372722065502863
-0.741531185599394439863864773280788407 0.741531185599394439863864773280788407 -0.949107912342758524526189684047851262 0.0101302700572754642988007781342098054
-0.405845151377397166906606412076961463 0.741531185599394439863864773280788407 -0.949107912342758524526189684047851262 0.0138289845147596216925795209975743219
0.0 0.741531185599394439863864773280788407 -0.949107912342758524526189684047851262 0.0151374965673229342823425196000504105
0.405845151377397166906606412076961463 0.741531185599394439863864773280788407 -0.949107912342758524526189684047851262 0.0138289845147596216925795209975743219
0.741531185599394439863864773280788407 0.741531185599394439863864773280788407 -0.949107912342758524526189684047851262 0.0101302700572754642988007781342098054
0.949107912342758524526189684047851262 0.741531185599394439863864773280788407 -0.949107912342758524526189684047851262 0.00468964029854288924219372722065502863
-0.949107912342758524526189684047851262 0.949107912342758524526189684047851262 -0.949107912342758524526189684047851262 0.0021709910994843095127624121579641952
-0.741531185599394439863864773280788407 0.949107912342758524526189684047851262 -0.949107912342758524526189684047851262 0.00468964029854288924219372722065502863
-0.405845151377397166906606412076961463 0.949107912342758524526189684047851262 -0.949107912342758524526189684047851262 0.00640189873534176109182456539058172015
0.0 0.949107912342758524526189684047851262 -0.949107912342758524526189684047851262 0.00700765266076873832977473771086778464
0.405845151377397166906606412076961463 0.949107912342758524526189684047851262 -0.949107912342758524526189684047851262 0.00640189873534176109182456539058172015
0.741531185599394439863864773280788407 0.949107912342758524526189684047851262 -0.949107912342758524526189684047851262 0.00468964029854288924219372722065502863
0.949107912342758524526189684047851262 0.949107912342758524526189684047851262 -0.949107912342758524526189684047851262 0.0021709910994843095127624121579641952
-0.949107912342758524526189684047851262 -0.949107912342758524526189684047851262 -0.741531185599394439863864773280788407 0.00468964029854288924219372722065502863
-0.741531185599394439863864773280788407 -0.949107912342758524526189684047851262 -0.741531185599394439863864773280788407 0.0101302700572754642988007781342098054
-0.405845151377397166906606412076961463 -0.949107912342758524526189684047851262 -0.741531185599394439863864773280788407 0.0138289845147596216925795209975743219
0.0 -0.949107912342758524526189684047851262 -0.741531185599394439863864773280788407 0.0151374965673229342823425196000504105
0.405845151377397166906606412076961463 -0.949107912342758524526189684047851262 -0.741531185599394439863864773280788407 0.0138289845147596216925795209975743219
0.741531185599394439863864773280788407 -0.949107912342758524526189684047851262 -0.741531185599394439863864773280788407 0.0101302700572754642988007781342098054
0.949107912342758524526189684047851262 -0.949107912342758524526189684047851262 -0.741531185599394439863864773280788407 0.00468964029854288924219372722065502863
-0.949107912342758524526189684047851262 -0.741531185599394439863864773280788407 -0.741531185599394439863864773280788407 0.0101302700572754642988007781342098054
-0.741531185599394439863864773280788407 -0.741531185599394439863864773280788407 -0.741531185599394439863864773280788407 0.0218827809598142258953565184861841572
-0.405845151377397166906606412076961463 -0.741531185599394439863864773280788407 -0.741531185599394439863864773280788407 0.0298725144860093052185172792070689978
0.0 -0.741531185599394439863864773280788407 -0.741531185599394439863864773280788407 0.0326990810501410584636629337705480245
0.405845151377397166906606412076961463 -0.741531185599394439863864773280788407 -0.741531185599394439863864773280788407 0.0298725144860093052185172792070689978
0.741531185599394439863864773280788407 -0.741531185599394439863864773280788407 -0.741531185599394439863864773280788407 0.0218827809598142258953565184861841572
0.949107912342758524526189684047851262 -0.741531185599394439863864773280788407 -0.741531185599394439863864773280788407 0.0101302700572754642988007781342098054
-0.949107912342758524526189684047851262 -0.405845151377397166906606412076961463 -0.741531185599394439863864773280788407 0.0138289845147596216925795209975743219
-0.741531185599394439863864773280788407 -0.405845151377397166906606412076961463 -0.741531185599394439863864773280788407 0.0298725144860093052185172792070689978
-0.405845151377397166906606412076961463 -0.405845151377397166906606412076961463 -0.741531185599394439863864773280788407 0.0407794202828053873202423228125181211
0.0 -0.405845151377397166906606412076961463 -0.741531185599394439863864773280788407 0.0446380089506605251666105582918334961
0.405845151377397166906606412076961463 -0.405845151377397166906606412076961463 -0.741531185599394439863864773280788407 0.0407794202828053873202423228125181211
0.741531185599394439863864773280788407 -0.405845151377397166906606412076961463 -0.741531185599394439863864773280788407 0.0298725144860093052185172792070689978
0.949107912342758524526189684047851262 -0.405845151377397166906606412076961463 -0.741531185599394439863864773280788407 0.0138289845147596216925795209975743219
-0.949107912342758524526189684047851262 0.0 -0.741531185599394439863864773280788407 0.0151374965673229342823425196000504105
-0.741531185599394439863864773280788407 0.0 -0.741531185599394439863864773280788407 0.0326990810501410584636629337705480245
-0.405845151377397166906606412076961463 0.0 -0.741531185599394439863864773280788407 0.0446380089506605251666105582918334961
0.0 0.0 -0.741531185599394439863864773280788407 0.0488617010556034604450561382571363764
0.405845151377397166906606412076961463 0.0 -0.741531185599394439863864773280788407 0.0446380089506605251666105582918334961
0.741531185599394439863864773280788407 0.0 -0.741531185599394439863864773280788407 0.0326990810501410584636629337705480245
0.949107912342758524526189684047851262 0.0 -0.741531185599394439863864773280788407 0.0151374965673229342823425196000504105
-0.949107912342758524526189684047851262 0.405845151377397166906606412076961463 -0.741531185599394439863864773280788407 0.0138289845147596216925795209975743219
-0.741531185599394439863864773280788407 0.405845151377397166906606412076961463 -0.741531185599394439863864773280788407 0.0298725144860093052185172792070689978
-0.405845151377397166906606412076961463 0.405845151377397166906606412076961463 -0.741531185599394439863864773280788407 0.0407794202828053873202423228125181211
0.0 0.405845151377397166906606412076961463 -0.741531185599394439863864773280788407 0.0446380089506605251666105582918334961
0.405845151377397166906606412076961463 0.405845151377397166906606412076961463 -0.741531185599394439863864773280788407 0.0407794202828053873202423228125181211
0.741531185599394439863864773280788407 0.405845151377397166906606412076961463 -0.741531185599394439863864773280788407 0.0298725144860093052185172792070689978
0.949107912342758524526189684047851262 0.405845151377397166906606412076961463 -0.741531185599394439863864773280788407 0.0138289845147596216925795209975743219
-0.949107912342758524526189684047851262 0.741531185599394439863864773280788407 -0.741531185599394439863864773280788407 0.0101302700572754642988007781342098054
-0.741531185599394439863864773280788407 0.741531185599394439863864773280788407 -0.741531185599394439863864773280788407 0.0218827809598142258953565184861841572
-0.405845151377397166906606412076961463 0.741531185599394439863864773280788407 -0.741531185599394439863864773280788407 0.0298725144860093052185172792070689978
0.0 0.741531185599394439863864773280788407 -0.741531185599394439863864773280788407 0.0326990810501410584636629337705480245
0.405845151377397166906606412076961463 0.741531185599394439863864773280788407 -0.741531185599394439863864773280788407 0.0298725144860093052185172792070689978
0.741531185599394439863864773280788407 0.741531185599394439863864773280788407 -0.741531185599394439863864773280788407 0.0218827809598142258953565184861841572
0.949107912342758524526189684047851262 0.741531185599394439863864773280788407 -0.741531185599394439863864773280788407 0.0101302700572754642988007781342098054
-0.949107912342758524526189684047851262 0.949107912342758524526189684047851262 -0.741531185599394439863864773280788407 0.00468964029854288924219372722065502863
-0.741531185599394439863864773280788407 0.949107912342758524526189684047851262 -0.741531185599394439863864773280788407 0.0101302700572754642988007781342098054
-0.405845151377397166906606412076961463 0.949107912342758524526189684047851262 -0.741531185599394439863864773280788407 0.0138289845147596216925795209975743219
0.0 0.949107912342758524526189684047851262 -0.741531185599394439863864773280788407 0.0151374965673229342823425196000504105
0.405845151377397166906606412076961463 0.949107912342758524526189684047851262 -0.741531185599394439863864773280788407 0.0138289845147596216925795209975743219
0.741531185599394439863864773280788407 0.949107912342758524526189684047851262 -0.741531185599394439863864773280788407 0.0101302700572754642988007781342098054
0.949107912342758524526189684047851262 0.949107912342758524526189684047851262 -0.741531185599394439863864773280788407 0.00468964029854288924219372722065502863
-0.949107912342758524526189684047851262 -0.949107912342758524526189684047851262 -0.405845151377397166906606412076961463 0.00640189873534176109182456539058172015
-0.741531185599394439863864773280788407 -0.949107912342758524526189684047851262 -0.405845151377397166906606412076961463 0.0138289845147596216925795209975743219
-0.405845151377397166906606412076961463 -0.949107912342758524526189684047851262 -0.405845151377397166906606412076961463 0.0188781554320078627686883004842287017
0.0 -0.949107912342758524526189684047851262 -0.405845151377397166906606412076961463 0.0206644249796077747401272467272043228
0.405845151377397166906606412076961463 -0.949107912342758524526189684047851262 -0.405845151377397166906606412076961463 0.0188781554320078627686883004842287017
0.741531185599394439863864773280788407 -0.949107912342758524526189684047851262 -0.405845151377397166906606412076961463 0.0138289845147596216925795209975743219
0.949107912342758524526189684047851262 -0.949107912342758524526189684047851262 -0.405845151377397166906606412076961463 0.00640189873534176109182456539058172015
-0.949107912342758524526189684047851262 -0.741531185599394439863864773280788407 -0.405845151377397166906606412076961463 0.0138289845147596216925795209975743219
-0.741531185599394439863864773280788407 -0.741531185599394439863864773280788407 -0.405845151377397166906606412076961463 0.0298725144860093052185172792070689978
-0.405845151377397166906606412076961463 -0.741531185599394439863864773280788407 -0.405845151377397166906606412076961463 0.0407794202828053873202423228125181211
0.0 -0.741531185599394439863864773280788407 -0.405845151377397166906606412076961463 0.0446380089506605251666105582918334961
0.405845151377397166906606412076961463 -0.741531185599394439863864773280788407 -0.405845151377397166906606412076961463 0.0407794202828053873202423228125181211
0.741531185599394439863864773280788407 -0.741531185599394439863864773280788407 -0.405845151377397166906606412076961463 0.0298725144860093052185172792070689978
0.949107912342758524526189684047851262 -0.741531185599394439863864773280788407 -0.405845151377397166906606412076961463 0.0138289845147596216925795209975743219
-0.949107912342758524526189684047851262 -0.405845151377397166906606412076961463 -0.405845151377397166906606412076961463 0.0188781554320078627686883004842287017
-0.741531185599394439863864773280788407 -0.405845151377397166906606412076961463 -0.405845151377397166906606412076961463 0.0407794202828053873202423228125181211
-0.405845151377397166906606412076961463 -0.405845151377397166906606412076961463 -0.405845151377397166906606412076961463 0.0556686019645424168951804105957335352
0.0 -0.405845151377397166906606412076961463 -0.405845151377397166906606412076961463 0.0609360195787720345674559848843652666
0.405845151377397166906606412076961463 -0.405845151377397166906606412076961463 -0.405845151377397166906606412076961463 0.0556686019645424168951804105957335352
0.741531185599394439863864773280788407 -0.405845151377397166906606412076961463 -0.405845151377397166906606412076961463 0.0407794202828053873202423228125181211
0.949107912342758524526189684047851262 -0.405845151377397166906606412076961463 -0.405845151377397166906606412076961463 0.0188781554320078627686883004842287017
-0.949107912342758524526189684047851262 0.0 -0.405845151377397166906606412076961463 0.0206644249796077747401272467272043228
-0.741531185599394439863864773280788407 0.0 -0.405845151377397166906606412076961463 0.0446380089506605251666105582918334961
-0.405845151377397166906606412076961463 0.0 -0.405845151377397166906606412076961463 0.0609360195787720345674559848843652666
0.0 0.0 -0.405845151377397166906606412076961463 0.0667018454041575348305337672141820225
0.405845151377397166906606412076961463 0.0 -0.405845151377397166906606412076961463 0.0609360195787720345674559848843652666
0.741531185599394439863864773280788407 0.0 -0.405845151377397166906606412076961463 0.0446380089506605251666105582918334961
0.949107912342758524526189684047851262 0.0 -0.405845151377397166906606412076961463 0.0206644249796077747401272467272043228
-0.949107912342758524526189684047851262 0.405845151377397166906606412076961463 -0.405845151377397166906606412076961463 0.0188781554320078627686883004842287017
-0.741531185599394439863864773280788407 0.405845151377397166906606412076961463 -0.405845151377397166906606412076961463 0.0407794202828053873202423228125181211
-0.405845151377397166906606412076961463 0.405845151377397166906606412076961463 -0.405845151377397166906606412076961463 0.0556686019645424168951804105957335352
0.0 0.405845151377397166906606412076961463 -0.405845151377397166906606412076961463 0.0609360195787720345674559848843652666
0.405845151377397166906606412076961463 0.405845151377397166906606412076961463 -0.405845151377397166906606412076961463 0.0556686019645424168951804105957335352
0.741531185599394439863864773280788407 0.405845151377397166906606412076961463 -0.405845151377397166906606412076961463 0.0407794202828053873202423228125181211
0.949107912342758524526189684047851262 0.405845151377397166906606412076961463 -0.405845151377397166906606412076961463 0.0188781554320078627686883004842287017
-0.949107912342758524526189684047851262 0.741531185599394439863864773280788407 -0.405845151377397166906606412076961463 0.0138289845147596216925795209975743219
-0.741531185599394439863864773280788407 0.741531185599394439863864773280788407 -0.405845151377397166906606412076961463 0.0298725144860093052185172792070689978
-0.405845151377397166906606412076961463 0.741531185599394439863864773280788407 -0.405845151377397166906606412076961463 0.0407794202828053873202423228125181211
0.0 0.741531185599394439863864773280788407 -0.405845151377397166906606412076961463 0.0446380089506605251666105582918334961
0.405845151377397166906606412076961463 0.741531185599394439863864773280788407 -0.405845151377397166906606412076961463 0.0407794202828053873202423228125181211
0.741531185599394439863864773280788407 0.741531185599394439863864773280788407 -0.405845151377397166906606412076961463 0.0298725144860093052185172792070689978
0.949107912342758524526189684047851262 0.741531185599394439863864773280788407 -0.405845151377397166906606412076961463 0.0138289845147596216925795209975743219
-0.949107912342758524526189684047851262 0.949107912342758524526189684047851262 -0.405845151377397166906606412076961463 0.00640189873534176109182456539058172015
-0.741531185599394439863864773280788407 0.949107912342758524526189684047851262 -0.405845151377397166906606412076961463 0.0138289845147596216925795209975743219
-0.405845151377397166906606412076961463 0.949107912342758524526189684047851262 -0.405845151377397166906606412076961463 0.0188781554320078627686883004842287017
0.0 0.949107912342758524526189684047851262 -0.405845151377397166906606412076961463 0.0206644249796077747401272467272043228
0.405845151377397166906606412076961463 0.949107912342758524526189684047851262 -0.405845151377397166906606412076961463 0.0188781554320078627686883004842287017
0.741531185599394439863864773280788407 0.949107912342758524526189684047851262 -0.405845151377397166906606412076961463 0.0138289845147596216925795209975743219
0.949107912342758524526189684047851262 0.949107912342758524526189684047851262 -0.405845151377397166906606412076961463 0.00640189873534176109182456539058172015
-0.949107912342758524526189684047851262 -0.949107912342758524526189684047851262 0.0 0.00700765266076873832977473771086778464
-0.741531185599394439863864773280788407 -0.949107912342758524526189684047851262 0.0 0.0151374965673229342823425196000504105
-0.405845151377397166906606412076961463 -0.949107912342758524526189684047851262 0.0 0.0206644249796077747401272467272043228
0.0 -0.949107912342758524526189684047851262 0.0 0.0226197131004562611396792425877386266
0.405845151377397166906606412076961463 -0.949107912342758524526189684047851262 0.0 0.0206644249796077747401272467272043228
0.741531185599394439863864773280788407 -0.949107912342758524526189684047851262 0.0 0.0151374965673229342823425196000504105
0.949107912342758524526189684047851262 -0.949107912342758524526189684047851262 0.0 0.00700765266076873832977473771086778464
-0.949107912342758524526189684047851262 -0.741531185599394439863864773280788407 0.0 0.0151374965673229342823425196000504105
-0.741531185599394439863864773280788407 -0.741531185599394439863864773280788407 0.0 0.0326990810501410584636629337705480245
-0.405845151377397166906606412076961463 -0.741531185599394439863864773280788407 0.0 0.0446380089506605251666105582918334961
0.0 -0.741531185599394439863864773280788407 0.0 0.0488617010556034604450561382571363764
0.405845151377397166906606412076961463 -0.741531185599394439863864773280788407 0.0 0.0446380089506605251666105582918334961
0.741531185599394439863864773280788407 -0.741531185599394439863864773280788407 0.0 0.0326990810501410584636629337705480245
0.949107912342758524526189684047851262 -0.741531185599394439863864773280788407 0.0 0.0151374965673229342823425196000504105
-0.949107912342758524526189684047851262 -0.405845151377397166906606412076961463 0.0 0.0206644249796077747401272467272043228
-0.741531185599394439863864773280788407 -0.405845151377397166906606412076961463 0.0 0.0446380089506605251666105582918334961
-0.405845151377397166906606412076961463 -0.405845151377397166906606412076961463 0.0 0.0609360195787720345674559848843652666
0.0 -0.405845151377397166906606412076961463 0.0 0.0667018454041575348305337672141820225
0.405845151377397166906606412076961463 -0.405845151377397166906606412076961463 0.0 0.0609360195787720345674559848843652666
0.741531185599394439863864773280788407 -0.405845151377397166906606412076961463 0.0 0.0446380089506605251666105582918334961
0.949107912342758524526189684047851262 -0.405845151377397166906606412076961463 0.0 0.0206644249796077747401272467272043228
-0.949107912342758524526189684047851262 0.0 0.0 0.0226197131004562611396792425877386266
-0.741531185599394439863864773280788407 0.0 0.0 0.0488617010556034604450561382571363764
-0.405845151377397166906606412076961463 0.0 0.0 0.0667018454041575348305337672141820225
0.0 0.0 0.0 0.0730132393135513264031143486132478814
0.405845151377397166906606412076961463 0.0 0.0 0.0667018454041575348305337672141820225
0.741531185599394439863864773280788407 0.0 0.0 0.0488617010556034604450561382571363764
0.949107912342758524526189684047851262 0.0 0.0 0.0226197131004562611396792425877386266
-0.949107912342758524526189684047851262 0.405845151377397166906606412076961463 0.0 0.0206644249796077747401272467272043228
-0.741531185599394439863864773280788407 0.405845151377397166906606412076961463 0.0 0.0446380089506605251666105582918334961
-0.405845151377397166906606412076961463 0.405845151377397166906606412076961463 0.0 0.0609360195787720345674559848843652666
0.0 0.405845151377397166906606412076961463 0.0 0.0667018454041575348305337672141820225
0.405845151377397166906606412076961463 0.405845151377397166906606412076961463 0.0 0.0609360195787720345674559848843652666
0.741531185599394439863864773280788407 0.405845151377397166906606412076961463 0.0 0.0446380089506605251666105582918334961
0.949107912342758524526189684047851262 0.405845151377397166906606412076961463 0.0 0.0206644249796077747401272467272043228
-0.949107912342758524526189684047851262 0.741531185599394439863864773280788407 0.0 0.0151374965673229342823425196000504105
-0.741531185599394439863864773280788407 0.741531185599394439863864773280788407 0.0 0.0326990810501410584636629337705480245
-0.405845151377397166906606412076961463 0.741531185599394439863864773280788407 0.0 0.0446380089506605251666105582918334961
0.0 0.741531185599394439863864773280788407 0.0 0.0488617010556034604450561382571363764
0.405845151377397166906606412076961463 0.741531185599394439863864773280788407 0.0 0.0446380089506605251666105582918334961
0.741531185599394439863864773280788407 0.741531185599394439863864773280788407 0.0 0.0326990810501410584636629337705480245
0.949107912342758524526189684047851262 0.741531185599394439863864773280788407 0.0 0.0151374965673229342823425196000504105
-0.949107912342758524526189684047851262 0.949107912342758524526189684047851262 0.0 0.00700765266076873832977473771086778464
-0.741531185599394439863864773280788407 0.949107912342758524526189684047851262 0.0 0.0151374965673229342823425196000504105
-0.405845151377397166906606412076961463 0.949107912342758524526189684047851262 0.0 0.0206644249796077747401272467272043228
0.0 0.949107912342758524526189684047851262 0.0 0.0226197131004562611396792425877386266
0.405845151377397166906606412076961463 0.949107912342758524526189684047851262 0.0 0.0206644249796077747401272467272043228
0.741531185599394439863864773280788407 0.949107912342758524526189684047851262 0.0 0.0151374965673229342823425196000504105
0.949107912342758524526189684047851262 0.949107912342758524526189684047851262 0.0 0.00700765266076873832977473771086778464
-0.949107912342758524526189684047851262 -0.949107912342758524526189684047851262 0.405845151377397166906606412076961463 0.00640189873534176109182456539058172015
-0.741531185599394439863864773280788407 -0.949107912342758524526189684047851262 0.405845151377397166906606412076961463 0.0138289845147596216925795209975743219
-0.405845151377397166906606412076961463 -0.949107912342758524526189684047851262 0.405845151377397166906606412076961463 0.0188781554320078627686883004842287017
0.0 -0.949107912342758524526189684047851262 0.405845151377397166906606412076961463 0.0206644249796077747401272467272043228
0.405845151377397166906606412076961463 -0.949107912342758524526189684047851262 0.405845151377397166906606412076961463 0.0188781554320078627686883004842287017
0.741531185599394439863864773280788407 -0.949107912342758524526189684047851262 0.405845151377397166906606412076961463 0.0138289845147596216925795209975743219
0.949107912342758524526189684047851262 -0.949107912342758524526189684047851262 0.405845151377397166906606412076961463 0.00640189873534176109182456539058172015
-0.949107912342758524526189684047851262 -0.741531185599394439863864773280788407 0.405845151377397166906606412076961463 0.0138289845147596216925795209975743219
-0.741531185599394439863864773280788407 -0.741531185599394439863864773280788407 0.405845151377397166906606412076961463 0.0298725144860093052185172792070689978
-0.405845151377397166906606412076961463 -0.741531185599394439863864773280788407 0.405845151377397166906606412076961463 0.0407794202828053873202423228125181211
0.0 -0.741531185599394439863864773280788407 0.405845151377397166906606412076961463 0.0446380089506605251666105582918334961
0.405845151377397166906606412076961463 -0.741531185599394439863864773280788407 0.405845151377397166906606412076961463 0.0407794202828053873202423228125181211
0.741531185599394439863864773280788407 -0.741531185599394439863864773280788407 0.405845151377397166906606412076961463 0.0298725144860093052185172792070689978
0.949107912342758524526189684047851262 -0.741531185599394439863864773280788407 0.405845151377397166906606412076961463 0.0138289845147596216925795209975743219
-0.949107912342758524526189684047851262 -0.405845151377397166906606412076961463 0.405845151377397166906606412076961463 0.0188781554320078627686883004842287017
-0.741531185599394439863864773280788407 -0.405845151377397166906606412076961463 0.405845151377397166906606412076961463 0.0407794202828053873202423228125181211
-0.405845151377397166906606412076961463 -0.405845151377397166906606412076961463 0.405845151377397166906606412076961463 0.0556686019645424168951804105957335352
0.0 -0.405845151377397166906606412076961463 0.405845151377397166906606412076961463 0.0609360195787720345674559848843652666
0.405845151377397166906606412076961463 -0.405845151377397166906606412076961463 0.405845151377397166906606412076961463 0.0556686019645424168951804105957335352
0.741531185599394439863864773280788407 -0.405845151377397166906606412076961463 0.405845151377397166906606412076961463 0.0407794202828053873202423228125181211
0.949107912342758524526189684047851262 -0.405845151377397166906606412076961463 0.405845151377397166906606412076961463 0.0188781554320078627686883004842287017
-0.949107912342758524526189684047851262 0.0 0.405845151377397166906606412076961463 0.0206644249796077747401272467272043228
-0.741531185599394439863864773280788407 0.0 0.405845151377397166906606412076961463 0.0446380089506605251666105582918334961
-0.405845151377397166906606412076961463 0.0 0.405845151377397166906606412076961463 0.0609360195787720345674559848843652666
0.0 0.0 0.405845151377397166906606412076961463 0.0667018454041575348305337672141820225
0.405845151377397166906606412076961463 0.0 0.405845151377397166906606412076961463 0.0609360195787720345674559848843652666
0.741531185599394439863864773280788407 0.0 0.405845151377397166906606412076961463 0.0446380089506605251666105582918334961
0.949107912342758524526189684047851262 0.0 0.405845151377397166906606412076961463 0.0206644249796077747401272467272043228
-0.949107912342758524526189684047851262 0.405845151377397166906606412076961463 0.405845151377397166906606412076961463 0.0188781554320078627686883004842287017
-0.741531185599394439863864773280788407 0.405845151377397166906606412076961463 0.405845151377397166906606412076961463 0.0407794202828053873202423228125181211
-0.405845151377397166906606412076961463 0.405845151377397166906606412076961463 0.405845151377397166906606412076961463 0.0556686019645424168951804105957335352
0.0 0.405845151377397166906606412076961463 0.405845151377397166906606412076961463 0.0609360195787720345674559848843652666
0.405845151377397166906606412076961463 0.405845151377397166906606412076961463 0.405845151377397166906606412076961463 0.0556686019645424168951804105957335352
0.741531185599394439863864773280788407 0.405845151377397166906606412076961463 0.405845151377397166906606412076961463 0.0407794202828053873202423228125181211
0.949107912342758524526189684047851262 0.405845151377397166906606412076961463 0.405845151377397166906606412076961463 0.0188781554320078627686883004842287017
-0.949107912342758524526189684047851262 0.741531185599394439863864773280788407 0.405845151377397166906606412076961463 0.0138289845147596216925795209975743219
-0.741531185599394439863864773280788407 0.741531185599394439863864773280788407 0.405845151377397166906606412076961463 0.0298725144860093052185172792070689978
-0.405845151377397166906606412076961463 0.741531185599394439863864773280788407 0.405845151377397166906606412076961463 0.0407794202828053873202423228125181211
0.0 0.741531185599394439863864773280788407 0.405845151377397166906606412076961463 0.0446380089506605251666105582918334961
0.405845151377397166906606412076961463 0.741531185599394439863864773280788407 0.405845151377397166906606412076961463 0.0407794202828053873202423228125181211
0.741531185599394439863864773280788407 0.741531185599394439863864773280788407 0.405845151377397166906606412076961463 0.0298725144860093052185172792070689978
0.949107912342758524526189684047851262 0.741531185599394439863864773280788407 0.405845151377397166906606412076961463 0.0138289845147596216925795209975743219
-0.949107912342758524526189684047851262 0.949107912342758524526189684047851262 0.405845151377397166906606412076961463 0.00640189873534176109182456539058172015
-0.741531185599394439863864773280788407 0.949107912342758524526189684047851262 0.405845151377397166906606412076961463 0.0138289845147596216925795209975743219
-0.405845151377397166906606412076961463 0.949107912342758524526189684047851262 0.405845151377397166906606412076961463 0.0188781554320078627686883004842287017
0.0 0.949107912342758524526189684047851262 0.405845151377397166906606412076961463 0.0206644249796077747401272467272043228
0.405845151377397166906606412076961463 0.949107912342758524526189684047851262 0.405845151377397166906606412076961463 0.0188781554320078627686883004842287017
0.741531185599394439863864773280788407 0.949107912342758524526189684047851262 0.405845151377397166906606412076961463 0.0138289845147596216925795209975743219
0.949107912342758524526189684047851262 0.949107912342758524526189684047851262 0.405845151377397166906606412076961463 0.00640189873534176109182456539058172015
-0.949107912342758524526189684047851262 -0.949107912342758524526189684047851262 0.741531185599394439863864773280788407 0.00468964029854288924219372722065502863
-0.741531185599394439863864773280788407 -0.949107912342758524526189684047851262 0.741531185599394439863864773280788407 0.0101302700572754642988007781342098054
-0.405845151377397166906606412076961463 -0.949107912342758524526189684047851262 0.741531185599394439863864773280788407 0.0138289845147596216925795209975743219
0.0 -0.949107912342758524526189684047851262 0.741531185599394439863864773280788407 0.0151374965673229342823425196000504105
0.405845151377397166906606412076961463 -0.949107912342758524526189684047851262 0.741531185599394439863864773280788407 0.0138289845147596216925795209975743219
0.741531185599394439863864773280788407 -0.949107912342758524526189684047851262 0.741531185599394439863864773280788407 0.0101302700572754642988007781342098054
0.949107912342758524526189684047851262 -0.949107912342758524526189684047851262 0.741531185599394439863864773280788407 0.00468964029854288924219372722065502863
-0.949107912342758524526189684047851262 -0.741531185599394439863864773280788407 0.741531185599394439863864773280788407 0.0101302700572754642988007781342098054
-0.741531185599394439863864773280788407 -0.741531185599394439863864773280788407 0.741531185599394439863864773280788407 0.0218827809598142258953565184861841572
-0.405845151377397166906606412076961463 -0.741531185599394439863864773280788407 0.741531185599394439863864773280788407 0.0298725144860093052185172792070689978
0.0 -0.741531185599394439863864773280788407 0.741531185599394439863864773280788407 0.0326990810501410584636629337705480245
0.405845151377397166906606412076961463 -0.741531185599394439863864773280788407 0.741531185599394439863864773280788407 0.0298725144860093052185172792070689978
0.741531185599394439863864773280788407 -0.741531185599394439863864773280788407 0.741531185599394439863864773280788407 0.0218827809598142258953565184861841572
0.949107912342758524526189684047851262 -0.741531185599394439863864773280788407 0.741531185599394439863864773280788407 0.0101302700572754642988007781342098054
-0.949107912342758524526189684047851262 -0.405845151377397166906606412076961463 0.741531185599394439863864773280788407 0.0138289845147596216925795209975743219
-0.741531185599394439863864773280788407 -0.405845151377397166906606412076961463 0.741531185599394439863864773280788407 0.0298725144860093052185172792070689978
-0.405845151377397166906606412076961463 -0.405845151377397166906606412076961463 0.741531185599394439863864773280788407 0.0407794202828053873202423228125181211
0.0 -0.405845151377397166906606412076961463 0.741531185599394439863864773280788407 0.0446380089506605251666105582918334961
0.405845151377397166906606412076961463 -0.405845151377397166906606412076961463 0.741531185599394439863864773280788407 0.0407794202828053873202423228125181211
0.741531185599394439863864773280788407 -0.405845151377397166906606412076961463 0.741531185599394439863864773280788407 0.0298725144860093052185172792070689978
0.949107912342758524526189684047851262 -0.405845151377397166906606412076961463 0.741531185599394439863864773280788407 0.0138289845147596216925795209975743219
-0.949107912342758524526189684047851262 0.0 0.741531185599394439863864773280788407 0.0151374965673229342823425196000504105
-0.741531185599394439863864773280788407 0.0 0.741531185599394439863864773280788407 0.0326990810501410584636629337705480245
-0.405845151377397166906606412076961463 0.0 0.741531185599394439863864773280788407 0.0446380089506605251666105582918334961
0.0 0.0 0.741531185599394439863864773280788407 0.0488617010556034604450561382571363764
0.405845151377397166906606412076961463 0.0 0.741531185599394439863864773280788407 0.0446380089506605251666105582918334961
0.741531185599394439863864773280788407 0.0 0.741531185599394439863864773280788407 0.0326990810501410584636629337705480245
0.949107912342758524526189684047851262 0.0 0.741531185599394439863864773280788407 0.0151374965673229342823425196000504105
-0.949107912342758524526189684047851262 0.405845151377397166906606412076961463 0.741531185599394439863864773280788407 0.0138289845147596216925795209975743219
-0.741531185599394439863864773280788407 0.405845151377397166906606412076961463 0.741531185599394439863864773280788407 0.0298725144860093052185172792070689978
-0.405845151377397166906606412076961463 0.405845151377397166906606412076961463 0.741531185599394439863864773280788407 0.0407794202828053873202423228125181211
0.0 0.405845151377397166906606412076961463 0.741531185599394439863864773280788407 0.0446380089506605251666105582918334961
0.405845151377397166906606412076961463 0.405845151377397166906606412076961463 0.741531185599394439863864773280788407 0.0407794202828053873202423228125181211
0.741531185599394439863864773280788407 0.405845151377397166906606412076961463 0.741531185599394439863864773280788407 0.0298725144860093052185172792070689978
0.949107912342758524526189684047851262 0.405845151377397166906606412076961463 0.741531185599394439863864773280788407 0.0138289845147596216925795209975743219
-0.949107912342758524526189684047851262 0.741531185599394439863864773280788407 0.741531185599394439863864773280788407 0.0101302700572754642988007781342098054
-0.741531185599394439863864773280788407 0.741531185599394439863864773280788407 0.741531185599394439863864773280788407 0.0218827809598142258953565184861841572
-0.405845151377397166906606412076961463 0.741531185599394439863864773280788407 0.741531185599394439863864773280788407 0.0298725144860093052185172792070689978
0.0 0.741531185599394439863864773280788407 0.741531185599394439863864773280788407 0.0326990810501410584636629337705480245
0.405845151377397166906606412076961463 0.741531185599394439863864773280788407 0.741531185599394439863864773280788407 0.0298725144860093052185172792070689978
0.741531185599394439863864773280788407 0.741531185599394439863864773280788407 0.741531185599394439863864773280788407 0.0218827809598142258953565184861841572
0.949107912342758524526189684047851262 0.741531185599394439863864773280788407 0.741531185599394439863864773280788407 0.0101302700572754642988007781342098054
-0.949107912342758524526189684047851262 0.949107912342758524526189684047851262 0.741531185599394439863864773280788407 0.00468964029854288924219372722065502863
-0.741531185599394439863864773280788407 0.949107912342758524526189684047851262 0.741531185599394439863864773280788407 0.0101302700572754642988007781342098054
-0.405845151377397166906606412076961463 0.949107912342758524526189684047851262 0.741531185599394439863864773280788407 0.0138289845147596216925795209975743219
0.0 0.949107912342758524526189684047851262 0.741531185599394439863864773280788407 0.0151374965673229342823425196000504105
0.405845151377397166906606412076961463 0.949107912342758524526189684047851262 0.741531185599394439863864773280788407 0.0138289845147596216925795209975743219
0.741531185599394439863864773280788407 0.949107912342758524526189684047851262 0.741531185599394439863864773280788407 0.0101302700572754642988007781342098054
0.949107912342758524526189684047851262 0.949107912342758524526189684047851262 0.741531185599394439863864773280788407 0.00468964029854288924219372722065502863
-0.949107912342758524526189684047851262 -0.949107912342758524526189684047851262 0.949107912342758524526189684047851262 0.0021709910994843095127624121579641952
-0.741531185599394439863864773280788407 -0.949107912342758524526189684047851262 0.949107912342758524526189684047851262 0.00468964029854288924219372722065502863
-0.405845151377397166906606412076961463 -0.949107912342758524526189684047851262 0.949107912342758524526189684047851262 0.00640189873534176109182456539058172015
0.0 -0.949107912342758524526189684047851262 0.949107912342758524526189684047851262 0.00700765266076873832977473771086778464
0.405845151377397166906606412076961463 -0.949107912342758524526189684047851262 0.949107912342758524526189684047851262 0.00640189873534176109182456539058172015
0.741531185599394439863864773280788407 -0.949107912342758524526189684047851262 0.949107912342758524526189684047851262 0.00468964029854288924219372722065502863
0.949107912342758524526189684047851262 -0.949107912342758524526189684047851262 0.949107912342758524526189684047851262 0.0021709910994843095127624121579641952
-0.949107912342758524526189684047851262 -0.741531185599394439863864773280788407 0.949107912342758524526189684047851262 0.00468964029854288924219372722065502863
-0.741531185599394439863864773280788407 -0.741531185599394439863864773280788407 0.949107912342758524526189684047851262 0.0101302700572754642988007781342098054
-0.405845151377397166906606412076961463 -0.741531185599394439863864773280788407 0.949107912342758524526189684047851262 0.0138289845147596216925795209975743219
0.0 -0.741531185599394439863864773280788407 0.949107912342758524526189684047851262 0.0151374965673229342823425196000504105
0.405845151377397166906606412076961463 -0.741531185599394439863864773280788407 0.949107912342758524526189684047851262 0.0138289845147596216925795209975743219
0.741531185599394439863864773280788407 -0.741531185599394439863864773280788407 0.949107912342758524526189684047851262 0.0101302700572754642988007781342098054
0.949107912342758524526189684047851262 -0.741531185599394439863864773280788407 0.949107912342758524526189684047851262 0.00468964029854288924219372722065502863
-0.949107912342758524526189684047851262 -0.405845151377397166906606412076961463 0.949107912342758524526189684047851262 0.00640189873534176109182456539058172015
-0.741531185599394439863864773280788407 -0.405845151377397166906606412076961463 0.949107912342758524526189684047851262 0.0138289845147596216925795209975743219
-0.405845151377397166906606412076961463 -0.405845151377397166906606412076961463 0.949107912342758524526189684047851262 0.0188781554320078627686883004842287017
0.0 -0.405845151377397166906606412076961463 0.949107912342758524526189684047851262 0.0206644249796077747401272467272043228
0.405845151377397166906606412076961463 -0.405845151377397166906606412076961463 0.949107912342758524526189684047851262 0.0188781554320078627686883004842287017
0.741531185599394439863864773280788407 -0.405845151377397166906606412076961463 0.949107912342758524526189684047851262 0.0138289845147596216925795209975743219
0.949107912342758524526189684047851262 -0.405845151377397166906606412076961463 0.949107912342758524526189684047851262 0.00640189873534176109182456539058172015
-0.949107912342758524526189684047851262 0.0 0.949107912342758524526189684047851262 0.00700765266076873832977473771086778464
-0.741531185599394439863864773280788407 0.0 0.949107912342758524526189684047851262 0.0151374965673229342823425196000504105
-0.405845151377397166906606412076961463 0.0 0.949107912342758524526189684047851262 0.0206644249796077747401272467272043228
0.0 0.0 0.949107912342758524526189684047851262 0.0226197131004562611396792425877386266
0.405845151377397166906606412076961463 0.0 0.949107912342758524526189684047851262 0.0206644249796077747401272467272043228
0.741531185599394439863864773280788407 0.0 0.949107912342758524526189684047851262 0.0151374965673229342823425196000504105
0.949107912342758524526189684047851262 0.0 0.949107912342758524526189684047851262 0.00700765266076873832977473771086778464
-0.949107912342758524526189684047851262 0.405845151377397166906606412076961463 0.949107912342758524526189684047851262 0.00640189873534176109182456539058172015
-0.741531185599394439863864773280788407 0.405845151377397166906606412076961463 0.949107912342758524526189684047851262 0.0138289845147596216925795209975743219
-0.405845151377397166906606412076961463 0.405845151377397166906606412076961463 0.949107912342758524526189684047851262 0.0188781554320078627686883004842287017
0.0 0.405845151377397166906606412076961463 0.949107912342758524526189684047851262 0.0206644249796077747401272467272043228
0.405845151377397166906606412076961463 0.405845151377397166906606412076961463 0.949107912342758524526189684047851262 0.0188781554320078627686883004842287017
0.741531185599394439863864773280788407 0.405845151377397166906606412076961463 0.949107912342758524526189684047851262 0.0138289845147596216925795209975743219
0.949107912342758524526189684047851262 0.405845151377397166906606412076961463 0.949107912342758524526189684047851262 0.00640189873534176109182456539058172015
-0.949107912342758524526189684047851262 0.741531185599394439863864773280788407 0.949107912342758524526189684047851262 0.00468964029854288924219372722065502863
-0.741531185599394439863864773280788407 0.741531185599394439863864773280788407 0.949107912342758524526189684047851262 0.0101302700572754642988007781342098054
-0.405845151377397166906606412076961463 0.741531185599394439863864773280788407 0.949107912342758524526189684047851262 0.0138289845147596216925795209975743219
0.0 0.741531185599394439863864773280788407 0.949107912342758524526189684047851262 0.0151374965673229342823425196000504105
0.405845151377397166906606412076961463 0.741531185599394439863864773280788407 0.949107912342758524526189684047851262 0.0138289845147596216925795209975743219
0.741531185599394439863864773280788407 0.741531185599394439863864773280788407 0.949107912342758524526189684047851262 0.0101302700572754642988007781342098054
0.949107912342758524526189684047851262 0.741531185599394439863864773280788407 0.949107912342758524526189684047851262 0.00468964029854288924219372722065502863
-0.949107912342758524526189684047851262 0.949107912342758524526189684047851262 0.949107912342758524526189684047851262 0.0021709910994843095127624121579641952
-0.741531185599394439863864773280788407 0.949107912342758524526189684047851262 0.949107912342758524526189684047851262 0.00468964029854288924219372722065502863
-0.405845151377397166906606412076961463 0.949107912342758524526189684047851262 0.949107912342758524526189684047851262 0.00640189873534176109182456539058172015
0.0 0.949107912342758524526189684047851262 0.949107912342758524526189684047851262 0.00700765266076873832977473771086778464
0.405845151377397166906606412076961463 0.949107912342758524526189684047851262 0.949107912342758524526189684047851262 0.00640189873534176109182456539058172015
0.741531185599394439863864773280788407 0.949107912342758524526189684047851262 0.949107912342758524526189684047851262 0.00468964029854288924219372722065502863
0.949107912342758524526189684047851262 0.949107912342758524526189684047851262 0.949107912342758524526189684047851262 0.0021709910994843095127624121579641952
