-0.81261433409962649639237559737974432611                                          0                                          0    0.2024770736128001905853371309670196589
                                        0                                          0   0.81261433409962649639237559737974432611    0.2024770736128001905853371309670196589
                                        0   0.81261433409962649639237559737974432611                                          0    0.2024770736128001905853371309670196589
                                        0                                          0  -0.81261433409962649639237559737974432611    0.2024770736128001905853371309670196589
 0.81261433409962649639237559737974432611                                          0                                          0    0.2024770736128001905853371309670196589
                                        0  -0.81261433409962649639237559737974432611                                          0    0.2024770736128001905853371309670196589
 0.60167526419826270163441300578531749659  -0.60167526419826270163441300578531749659  -0.60167526419826270163441300578531749659   0.11753834795645628038993180401068212711
-0.60167526419826270163441300578531749659   0.60167526419826270163441300578531749659   0.60167526419826270163441300578531749659   0.11753834795645628038993180401068212711
-0.60167526419826270163441300578531749659   0.60167526419826270163441300578531749659  -0.60167526419826270163441300578531749659   0.11753834795645628038993180401068212711
-0.60167526419826270163441300578531749659  -0.60167526419826270163441300578531749659  -0.60167526419826270163441300578531749659   0.11753834795645628038993180401068212711
-0.60167526419826270163441300578531749659  -0.60167526419826270163441300578531749659   0.60167526419826270163441300578531749659   0.11753834795645628038993180401068212711
 0.60167526419826270163441300578531749659   0.60167526419826270163441300578531749659  -0.60167526419826270163441300578531749659   0.11753834795645628038993180401068212711
 0.60167526419826270163441300578531749659   0.60167526419826270163441300578531749659   0.60167526419826270163441300578531749659   0.11753834795645628038993180401068212711
 0.60167526419826270163441300578531749659  -0.60167526419826270163441300578531749659   0.60167526419826270163441300578531749659   0.11753834795645628038993180401068212711
 0.85545576101775998467509147069034657598  -0.85545576101775998467509147069034657598  -0.85545576101775998467509147069034657598  0.044643912078829241641001154282130043664
-0.85545576101775998467509147069034657598   0.85545576101775998467509147069034657598   0.85545576101775998467509147069034657598  0.044643912078829241641001154282130043664
-0.85545576101775998467509147069034657598   0.85545576101775998467509147069034657598  -0.85545576101775998467509147069034657598  0.044643912078829241641001154282130043664
-0.85545576101775998467509147069034657598  -0.85545576101775998467509147069034657598  -0.85545576101775998467509147069034657598  0.044643912078829241641001154282130043664
-0.85545576101775998467509147069034657598  -0.85545576101775998467509147069034657598   0.85545576101775998467509147069034657598  0.044643912078829241641001154282130043664
 0.85545576101775998467509147069034657598   0.85545576101775998467509147069034657598  -0.85545576101775998467509147069034657598  0.044643912078829241641001154282130043664
 0.85545576101775998467509147069034657598   0.85545576101775998467509147069034657598   0.85545576101775998467509147069034657598  0.044643912078829241641001154282130043664
 0.85545576101775998467509147069034657598  -0.85545576101775998467509147069034657598   0.85545576101775998467509147069034657598  0.044643912078829241641001154282130043664
 0.31339340451605472104577323055795129941  -0.31339340451605472104577323055795129941  -0.31339340451605472104577323055795129941   0.21599204525496912931346666638444131361
-0.31339340451605472104577323055795129941   0.31339340451605472104577323055795129941   0.31339340451605472104577323055795129941   0.21599204525496912931346666638444131361
-0.31339340451605472104577323055795129941   0.31339340451605472104577323055795129941  -0.31339340451605472104577323055795129941   0.21599204525496912931346666638444131361
-0.31339340451605472104577323055795129941  -0.31339340451605472104577323055795129941  -0.31339340451605472104577323055795129941   0.21599204525496912931346666638444131361
-0.31339340451605472104577323055795129941  -0.31339340451605472104577323055795129941   0.31339340451605472104577323055795129941   0.21599204525496912931346666638444131361
 0.31339340451605472104577323055795129941   0.31339340451605472104577323055795129941  -0.31339340451605472104577323055795129941   0.21599204525496912931346666638444131361
 0.31339340451605472104577323055795129941   0.31339340451605472104577323055795129941   0.31339340451605472104577323055795129941   0.21599204525496912931346666638444131361
 0.31339340451605472104577323055795129941  -0.31339340451605472104577323055795129941   0.31339340451605472104577323055795129941   0.21599204525496912931346666638444131361
-0.73466828699700801734638476986754918792  -0.73466828699700801734638476986754918792                                          0   0.14519934586011569829250580079425982305
 0.73466828699700801734638476986754918792                                          0  -0.73466828699700801734638476986754918792   0.14519934586011569829250580079425982305
                                        0   0.73466828699700801734638476986754918792  -0.73466828699700801734638476986754918792   0.14519934586011569829250580079425982305
 0.73466828699700801734638476986754918792   0.73466828699700801734638476986754918792                                          0   0.14519934586011569829250580079425982305
 0.73466828699700801734638476986754918792                                          0   0.73466828699700801734638476986754918792   0.14519934586011569829250580079425982305
                                        0  -0.73466828699700801734638476986754918792   0.73466828699700801734638476986754918792   0.14519934586011569829250580079425982305
                                        0  -0.73466828699700801734638476986754918792  -0.73466828699700801734638476986754918792   0.14519934586011569829250580079425982305
-0.73466828699700801734638476986754918792                                          0   0.73466828699700801734638476986754918792   0.14519934586011569829250580079425982305
-0.73466828699700801734638476986754918792   0.73466828699700801734638476986754918792                                          0   0.14519934586011569829250580079425982305
 0.73466828699700801734638476986754918792  -0.73466828699700801734638476986754918792                                          0   0.14519934586011569829250580079425982305
                                        0   0.73466828699700801734638476986754918792   0.73466828699700801734638476986754918792   0.14519934586011569829250580079425982305
-0.73466828699700801734638476986754918792                                          0  -0.73466828699700801734638476986754918792   0.14519934586011569829250580079425982305
 0.45079993511450943037788434573026952398   0.96509966551271026293028182312534456821  -0.45079993511450943037788434573026952398  0.061441994097835335202750044633046200824
-0.45079993511450943037788434573026952398  -0.96509966551271026293028182312534456821   0.45079993511450943037788434573026952398  0.061441994097835335202750044633046200824
-0.45079993511450943037788434573026952398   0.96509966551271026293028182312534456821  -0.45079993511450943037788434573026952398  0.061441994097835335202750044633046200824
-0.96509966551271026293028182312534456821  -0.45079993511450943037788434573026952398   0.45079993511450943037788434573026952398  0.061441994097835335202750044633046200824
-0.45079993511450943037788434573026952398  -0.45079993511450943037788434573026952398   0.96509966551271026293028182312534456821  0.061441994097835335202750044633046200824
 0.96509966551271026293028182312534456821   0.45079993511450943037788434573026952398  -0.45079993511450943037788434573026952398  0.061441994097835335202750044633046200824
 0.45079993511450943037788434573026952398  -0.96509966551271026293028182312534456821  -0.45079993511450943037788434573026952398  0.061441994097835335202750044633046200824
 0.45079993511450943037788434573026952398  -0.96509966551271026293028182312534456821   0.45079993511450943037788434573026952398  0.061441994097835335202750044633046200824
-0.45079993511450943037788434573026952398  -0.96509966551271026293028182312534456821  -0.45079993511450943037788434573026952398  0.061441994097835335202750044633046200824
 0.45079993511450943037788434573026952398   0.45079993511450943037788434573026952398  -0.96509966551271026293028182312534456821  0.061441994097835335202750044633046200824
-0.96509966551271026293028182312534456821   0.45079993511450943037788434573026952398  -0.45079993511450943037788434573026952398  0.061441994097835335202750044633046200824
-0.45079993511450943037788434573026952398   0.45079993511450943037788434573026952398  -0.96509966551271026293028182312534456821  0.061441994097835335202750044633046200824
-0.45079993511450943037788434573026952398   0.45079993511450943037788434573026952398   0.96509966551271026293028182312534456821  0.061441994097835335202750044633046200824
-0.45079993511450943037788434573026952398  -0.45079993511450943037788434573026952398  -0.96509966551271026293028182312534456821  0.061441994097835335202750044633046200824
 0.45079993511450943037788434573026952398  -0.45079993511450943037788434573026952398   0.96509966551271026293028182312534456821  0.061441994097835335202750044633046200824
 0.96509966551271026293028182312534456821  -0.45079993511450943037788434573026952398  -0.45079993511450943037788434573026952398  0.061441994097835335202750044633046200824
 0.45079993511450943037788434573026952398   0.96509966551271026293028182312534456821   0.45079993511450943037788434573026952398  0.061441994097835335202750044633046200824
 0.96509966551271026293028182312534456821   0.45079993511450943037788434573026952398   0.45079993511450943037788434573026952398  0.061441994097835335202750044633046200824
 0.96509966551271026293028182312534456821  -0.45079993511450943037788434573026952398   0.45079993511450943037788434573026952398  0.061441994097835335202750044633046200824
-0.96509966551271026293028182312534456821   0.45079993511450943037788434573026952398   0.45079993511450943037788434573026952398  0.061441994097835335202750044633046200824
 0.45079993511450943037788434573026952398   0.45079993511450943037788434573026952398   0.96509966551271026293028182312534456821  0.061441994097835335202750044633046200824
-0.45079993511450943037788434573026952398   0.96509966551271026293028182312534456821   0.45079993511450943037788434573026952398  0.061441994097835335202750044633046200824
 0.45079993511450943037788434573026952398  -0.45079993511450943037788434573026952398  -0.96509966551271026293028182312534456821  0.061441994097835335202750044633046200824
-0.96509966551271026293028182312534456821  -0.45079993511450943037788434573026952398  -0.45079993511450943037788434573026952398  0.061441994097835335202750044633046200824
 0.94124485721060326391115015763113464139   0.35390281459663013491031287081289167626  -0.94124485721060326391115015763113464139  0.022614296138821884223196230668984478131
-0.94124485721060326391115015763113464139  -0.35390281459663013491031287081289167626   0.94124485721060326391115015763113464139  0.022614296138821884223196230668984478131
-0.94124485721060326391115015763113464139   0.35390281459663013491031287081289167626  -0.94124485721060326391115015763113464139  0.022614296138821884223196230668984478131
-0.35390281459663013491031287081289167626  -0.94124485721060326391115015763113464139   0.94124485721060326391115015763113464139  0.022614296138821884223196230668984478131
-0.94124485721060326391115015763113464139  -0.94124485721060326391115015763113464139   0.35390281459663013491031287081289167626  0.022614296138821884223196230668984478131
 0.35390281459663013491031287081289167626   0.94124485721060326391115015763113464139  -0.94124485721060326391115015763113464139  0.022614296138821884223196230668984478131
 0.94124485721060326391115015763113464139  -0.35390281459663013491031287081289167626  -0.94124485721060326391115015763113464139  0.022614296138821884223196230668984478131
 0.94124485721060326391115015763113464139  -0.35390281459663013491031287081289167626   0.94124485721060326391115015763113464139  0.022614296138821884223196230668984478131
-0.94124485721060326391115015763113464139  -0.35390281459663013491031287081289167626  -0.94124485721060326391115015763113464139  0.022614296138821884223196230668984478131
 0.94124485721060326391115015763113464139   0.94124485721060326391115015763113464139  -0.35390281459663013491031287081289167626  0.022614296138821884223196230668984478131
-0.35390281459663013491031287081289167626   0.94124485721060326391115015763113464139  -0.94124485721060326391115015763113464139  0.022614296138821884223196230668984478131
-0.94124485721060326391115015763113464139   0.94124485721060326391115015763113464139  -0.35390281459663013491031287081289167626  0.022614296138821884223196230668984478131
-0.94124485721060326391115015763113464139   0.94124485721060326391115015763113464139   0.35390281459663013491031287081289167626  0.022614296138821884223196230668984478131
-0.94124485721060326391115015763113464139  -0.94124485721060326391115015763113464139  -0.35390281459663013491031287081289167626  0.022614296138821884223196230668984478131
 0.94124485721060326391115015763113464139  -0.94124485721060326391115015763113464139   0.35390281459663013491031287081289167626  0.022614296138821884223196230668984478131
 0.35390281459663013491031287081289167626  -0.94124485721060326391115015763113464139  -0.94124485721060326391115015763113464139  0.022614296138821884223196230668984478131
 0.94124485721060326391115015763113464139   0.35390281459663013491031287081289167626   0.94124485721060326391115015763113464139  0.022614296138821884223196230668984478131
 0.35390281459663013491031287081289167626   0.94124485721060326391115015763113464139   0.94124485721060326391115015763113464139  0.022614296138821884223196230668984478131
 0.35390281459663013491031287081289167626  -0.94124485721060326391115015763113464139   0.94124485721060326391115015763113464139  0.022614296138821884223196230668984478131
-0.35390281459663013491031287081289167626   0.94124485721060326391115015763113464139   0.94124485721060326391115015763113464139  0.022614296138821884223196230668984478131
 0.94124485721060326391115015763113464139   0.94124485721060326391115015763113464139   0.35390281459663013491031287081289167626  0.022614296138821884223196230668984478131
-0.94124485721060326391115015763113464139   0.35390281459663013491031287081289167626   0.94124485721060326391115015763113464139  0.022614296138821884223196230668984478131
 0.94124485721060326391115015763113464139  -0.94124485721060326391115015763113464139  -0.35390281459663013491031287081289167626  0.022614296138821884223196230668984478131
-0.35390281459663013491031287081289167626  -0.94124485721060326391115015763113464139  -0.94124485721060326391115015763113464139  0.022614296138821884223196230668984478131
