                                         0                                           0                                           0   0.079663131039108224657361887313562936413
    -0.90197982559251611596634498236682022                                           0                                           0    0.03277023788787979594231039484805375995
                                         0                                           0       0.90197982559251611596634498236682022    0.03277023788787979594231039484805375995
                                         0       0.90197982559251611596634498236682022                                           0    0.03277023788787979594231039484805375995
                                         0                                           0      -0.90197982559251611596634498236682022    0.03277023788787979594231039484805375995
     0.90197982559251611596634498236682022                                           0                                           0    0.03277023788787979594231039484805375995
                                         0      -0.90197982559251611596634498236682022                                           0    0.03277023788787979594231039484805375995
 -0.98457354096414052447615003237219710586                                           0                                           0  0.0070749053619081920938940298440284859731
                                         0                                           0    0.98457354096414052447615003237219710586  0.0070749053619081920938940298440284859731
                                         0    0.98457354096414052447615003237219710586                                           0  0.0070749053619081920938940298440284859731
                                         0                                           0   -0.98457354096414052447615003237219710586  0.0070749053619081920938940298440284859731
  0.98457354096414052447615003237219710586                                           0                                           0  0.0070749053619081920938940298440284859731
                                         0   -0.98457354096414052447615003237219710586                                           0  0.0070749053619081920938940298440284859731
  0.24932345864498016328691814548615876049   -0.24932345864498016328691814548615876049   -0.24932345864498016328691814548615876049   0.067437301826219487916537434843094135933
 -0.24932345864498016328691814548615876049    0.24932345864498016328691814548615876049    0.24932345864498016328691814548615876049   0.067437301826219487916537434843094135933
 -0.24932345864498016328691814548615876049    0.24932345864498016328691814548615876049   -0.24932345864498016328691814548615876049   0.067437301826219487916537434843094135933
 -0.24932345864498016328691814548615876049   -0.24932345864498016328691814548615876049   -0.24932345864498016328691814548615876049   0.067437301826219487916537434843094135933
 -0.24932345864498016328691814548615876049   -0.24932345864498016328691814548615876049    0.24932345864498016328691814548615876049   0.067437301826219487916537434843094135933
  0.24932345864498016328691814548615876049    0.24932345864498016328691814548615876049   -0.24932345864498016328691814548615876049   0.067437301826219487916537434843094135933
  0.24932345864498016328691814548615876049    0.24932345864498016328691814548615876049    0.24932345864498016328691814548615876049   0.067437301826219487916537434843094135933
  0.24932345864498016328691814548615876049   -0.24932345864498016328691814548615876049    0.24932345864498016328691814548615876049   0.067437301826219487916537434843094135933
  0.51746374464122199726591812985595213401   -0.51746374464122199726591812985595213401   -0.51746374464122199726591812985595213401   0.054391536889165923299293267500701366791
 -0.51746374464122199726591812985595213401    0.51746374464122199726591812985595213401    0.51746374464122199726591812985595213401   0.054391536889165923299293267500701366791
 -0.51746374464122199726591812985595213401    0.51746374464122199726591812985595213401   -0.51746374464122199726591812985595213401   0.054391536889165923299293267500701366791
 -0.51746374464122199726591812985595213401   -0.51746374464122199726591812985595213401   -0.51746374464122199726591812985595213401   0.054391536889165923299293267500701366791
 -0.51746374464122199726591812985595213401   -0.51746374464122199726591812985595213401    0.51746374464122199726591812985595213401   0.054391536889165923299293267500701366791
  0.51746374464122199726591812985595213401    0.51746374464122199726591812985595213401   -0.51746374464122199726591812985595213401   0.054391536889165923299293267500701366791
  0.51746374464122199726591812985595213401    0.51746374464122199726591812985595213401    0.51746374464122199726591812985595213401   0.054391536889165923299293267500701366791
  0.51746374464122199726591812985595213401   -0.51746374464122199726591812985595213401    0.51746374464122199726591812985595213401   0.054391536889165923299293267500701366791
  0.85067277428357190459666177483948114219   -0.85067277428357190459666177483948114219   -0.85067277428357190459666177483948114219  0.0097310845622688145329966739288370889156
 -0.85067277428357190459666177483948114219    0.85067277428357190459666177483948114219    0.85067277428357190459666177483948114219  0.0097310845622688145329966739288370889156
 -0.85067277428357190459666177483948114219    0.85067277428357190459666177483948114219   -0.85067277428357190459666177483948114219  0.0097310845622688145329966739288370889156
 -0.85067277428357190459666177483948114219   -0.85067277428357190459666177483948114219   -0.85067277428357190459666177483948114219  0.0097310845622688145329966739288370889156
 -0.85067277428357190459666177483948114219   -0.85067277428357190459666177483948114219    0.85067277428357190459666177483948114219  0.0097310845622688145329966739288370889156
  0.85067277428357190459666177483948114219    0.85067277428357190459666177483948114219   -0.85067277428357190459666177483948114219  0.0097310845622688145329966739288370889156
  0.85067277428357190459666177483948114219    0.85067277428357190459666177483948114219    0.85067277428357190459666177483948114219  0.0097310845622688145329966739288370889156
  0.85067277428357190459666177483948114219   -0.85067277428357190459666177483948114219    0.85067277428357190459666177483948114219  0.0097310845622688145329966739288370889156
  0.95249566002252548799333248323213242969   -0.95249566002252548799333248323213242969   -0.95249566002252548799333248323213242969  0.0022861740130775551954624666335116950391
 -0.95249566002252548799333248323213242969    0.95249566002252548799333248323213242969    0.95249566002252548799333248323213242969  0.0022861740130775551954624666335116950391
 -0.95249566002252548799333248323213242969    0.95249566002252548799333248323213242969   -0.95249566002252548799333248323213242969  0.0022861740130775551954624666335116950391
 -0.95249566002252548799333248323213242969   -0.95249566002252548799333248323213242969   -0.95249566002252548799333248323213242969  0.0022861740130775551954624666335116950391
 -0.95249566002252548799333248323213242969   -0.95249566002252548799333248323213242969    0.95249566002252548799333248323213242969  0.0022861740130775551954624666335116950391
  0.95249566002252548799333248323213242969    0.95249566002252548799333248323213242969   -0.95249566002252548799333248323213242969  0.0022861740130775551954624666335116950391
  0.95249566002252548799333248323213242969    0.95249566002252548799333248323213242969    0.95249566002252548799333248323213242969  0.0022861740130775551954624666335116950391
  0.95249566002252548799333248323213242969   -0.95249566002252548799333248323213242969    0.95249566002252548799333248323213242969  0.0022861740130775551954624666335116950391
 -0.48062690060712869198157266480235475606   -0.48062690060712869198157266480235475606                                           0   0.066085069030738898447536157271130673426
  0.48062690060712869198157266480235475606                                           0   -0.48062690060712869198157266480235475606   0.066085069030738898447536157271130673426
                                         0    0.48062690060712869198157266480235475606   -0.48062690060712869198157266480235475606   0.066085069030738898447536157271130673426
  0.48062690060712869198157266480235475606    0.48062690060712869198157266480235475606                                           0   0.066085069030738898447536157271130673426
  0.48062690060712869198157266480235475606                                           0    0.48062690060712869198157266480235475606   0.066085069030738898447536157271130673426
                                         0   -0.48062690060712869198157266480235475606    0.48062690060712869198157266480235475606   0.066085069030738898447536157271130673426
                                         0   -0.48062690060712869198157266480235475606   -0.48062690060712869198157266480235475606   0.066085069030738898447536157271130673426
 -0.48062690060712869198157266480235475606                                           0    0.48062690060712869198157266480235475606   0.066085069030738898447536157271130673426
 -0.48062690060712869198157266480235475606    0.48062690060712869198157266480235475606                                           0   0.066085069030738898447536157271130673426
  0.48062690060712869198157266480235475606   -0.48062690060712869198157266480235475606                                           0   0.066085069030738898447536157271130673426
                                         0    0.48062690060712869198157266480235475606    0.48062690060712869198157266480235475606   0.066085069030738898447536157271130673426
 -0.48062690060712869198157266480235475606                                           0   -0.48062690060712869198157266480235475606   0.066085069030738898447536157271130673426
 -0.88228943205805512287289029408068395038   -0.88228943205805512287289029408068395038                                           0   0.016880388478200664542867939437802406756
  0.88228943205805512287289029408068395038                                           0   -0.88228943205805512287289029408068395038   0.016880388478200664542867939437802406756
                                         0    0.88228943205805512287289029408068395038   -0.88228943205805512287289029408068395038   0.016880388478200664542867939437802406756
  0.88228943205805512287289029408068395038    0.88228943205805512287289029408068395038                                           0   0.016880388478200664542867939437802406756
  0.88228943205805512287289029408068395038                                           0    0.88228943205805512287289029408068395038   0.016880388478200664542867939437802406756
                                         0   -0.88228943205805512287289029408068395038    0.88228943205805512287289029408068395038   0.016880388478200664542867939437802406756
                                         0   -0.88228943205805512287289029408068395038   -0.88228943205805512287289029408068395038   0.016880388478200664542867939437802406756
 -0.88228943205805512287289029408068395038                                           0    0.88228943205805512287289029408068395038   0.016880388478200664542867939437802406756
 -0.88228943205805512287289029408068395038    0.88228943205805512287289029408068395038                                           0   0.016880388478200664542867939437802406756
  0.88228943205805512287289029408068395038   -0.88228943205805512287289029408068395038                                           0   0.016880388478200664542867939437802406756
                                         0    0.88228943205805512287289029408068395038    0.88228943205805512287289029408068395038   0.016880388478200664542867939437802406756
 -0.88228943205805512287289029408068395038                                           0   -0.88228943205805512287289029408068395038   0.016880388478200664542867939437802406756
 -0.99484221059441431558391651559587452357   -0.99484221059441431558391651559587452357                                           0  0.0019084618655330915687938636057077602679
  0.99484221059441431558391651559587452357                                           0   -0.99484221059441431558391651559587452357  0.0019084618655330915687938636057077602679
                                         0    0.99484221059441431558391651559587452357   -0.99484221059441431558391651559587452357  0.0019084618655330915687938636057077602679
  0.99484221059441431558391651559587452357    0.99484221059441431558391651559587452357                                           0  0.0019084618655330915687938636057077602679
  0.99484221059441431558391651559587452357                                           0    0.99484221059441431558391651559587452357  0.0019084618655330915687938636057077602679
                                         0   -0.99484221059441431558391651559587452357    0.99484221059441431558391651559587452357  0.0019084618655330915687938636057077602679
                                         0   -0.99484221059441431558391651559587452357   -0.99484221059441431558391651559587452357  0.0019084618655330915687938636057077602679
 -0.99484221059441431558391651559587452357                                           0    0.99484221059441431558391651559587452357  0.0019084618655330915687938636057077602679
 -0.99484221059441431558391651559587452357    0.99484221059441431558391651559587452357                                           0  0.0019084618655330915687938636057077602679
  0.99484221059441431558391651559587452357   -0.99484221059441431558391651559587452357                                           0  0.0019084618655330915687938636057077602679
                                         0    0.99484221059441431558391651559587452357    0.99484221059441431558391651559587452357  0.0019084618655330915687938636057077602679
 -0.99484221059441431558391651559587452357                                           0   -0.99484221059441431558391651559587452357  0.0019084618655330915687938636057077602679
                                         0    0.53713065569682366030671937349430660973   -0.90623011524714036500925490439898529307   0.032162195742904399527554648745498936795
 -0.53713065569682366030671937349430660973                                           0   -0.90623011524714036500925490439898529307   0.032162195742904399527554648745498936795
                                         0    0.90623011524714036500925490439898529307    0.53713065569682366030671937349430660973   0.032162195742904399527554648745498936795
  0.90623011524714036500925490439898529307   -0.53713065569682366030671937349430660973                                           0   0.032162195742904399527554648745498936795
                                         0    0.53713065569682366030671937349430660973    0.90623011524714036500925490439898529307   0.032162195742904399527554648745498936795
                                         0   -0.53713065569682366030671937349430660973    0.90623011524714036500925490439898529307   0.032162195742904399527554648745498936795
  0.53713065569682366030671937349430660973                                           0   -0.90623011524714036500925490439898529307   0.032162195742904399527554648745498936795
                                         0   -0.53713065569682366030671937349430660973   -0.90623011524714036500925490439898529307   0.032162195742904399527554648745498936795
 -0.90623011524714036500925490439898529307                                           0    0.53713065569682366030671937349430660973   0.032162195742904399527554648745498936795
 -0.90623011524714036500925490439898529307   -0.53713065569682366030671937349430660973                                           0   0.032162195742904399527554648745498936795
  0.53713065569682366030671937349430660973    0.90623011524714036500925490439898529307                                           0   0.032162195742904399527554648745498936795
  0.90623011524714036500925490439898529307                                           0    0.53713065569682366030671937349430660973   0.032162195742904399527554648745498936795
                                         0    0.90623011524714036500925490439898529307   -0.53713065569682366030671937349430660973   0.032162195742904399527554648745498936795
  0.90623011524714036500925490439898529307                                           0   -0.53713065569682366030671937349430660973   0.032162195742904399527554648745498936795
                                         0   -0.90623011524714036500925490439898529307   -0.53713065569682366030671937349430660973   0.032162195742904399527554648745498936795
  0.53713065569682366030671937349430660973   -0.90623011524714036500925490439898529307                                           0   0.032162195742904399527554648745498936795
 -0.53713065569682366030671937349430660973    0.90623011524714036500925490439898529307                                           0   0.032162195742904399527554648745498936795
  0.53713065569682366030671937349430660973                                           0    0.90623011524714036500925490439898529307   0.032162195742904399527554648745498936795
 -0.90623011524714036500925490439898529307    0.53713065569682366030671937349430660973                                           0   0.032162195742904399527554648745498936795
 -0.90623011524714036500925490439898529307                                           0   -0.53713065569682366030671937349430660973   0.032162195742904399527554648745498936795
  0.90623011524714036500925490439898529307    0.53713065569682366030671937349430660973                                           0   0.032162195742904399527554648745498936795
 -0.53713065569682366030671937349430660973                                           0    0.90623011524714036500925490439898529307   0.032162195742904399527554648745498936795
                                         0   -0.90623011524714036500925490439898529307    0.53713065569682366030671937349430660973   0.032162195742904399527554648745498936795
 -0.53713065569682366030671937349430660973   -0.90623011524714036500925490439898529307                                           0   0.032162195742904399527554648745498936795
  0.10144229667231741024651331291690618103    0.60738442165721645432232917850295965118   -0.10144229667231741024651331291690618103   0.023764465680117951769737309751472346092
 -0.10144229667231741024651331291690618103   -0.60738442165721645432232917850295965118    0.10144229667231741024651331291690618103   0.023764465680117951769737309751472346092
 -0.10144229667231741024651331291690618103    0.60738442165721645432232917850295965118   -0.10144229667231741024651331291690618103   0.023764465680117951769737309751472346092
 -0.60738442165721645432232917850295965118   -0.10144229667231741024651331291690618103    0.10144229667231741024651331291690618103   0.023764465680117951769737309751472346092
 -0.10144229667231741024651331291690618103   -0.10144229667231741024651331291690618103    0.60738442165721645432232917850295965118   0.023764465680117951769737309751472346092
  0.60738442165721645432232917850295965118    0.10144229667231741024651331291690618103   -0.10144229667231741024651331291690618103   0.023764465680117951769737309751472346092
  0.10144229667231741024651331291690618103   -0.60738442165721645432232917850295965118   -0.10144229667231741024651331291690618103   0.023764465680117951769737309751472346092
  0.10144229667231741024651331291690618103   -0.60738442165721645432232917850295965118    0.10144229667231741024651331291690618103   0.023764465680117951769737309751472346092
 -0.10144229667231741024651331291690618103   -0.60738442165721645432232917850295965118   -0.10144229667231741024651331291690618103   0.023764465680117951769737309751472346092
  0.10144229667231741024651331291690618103    0.10144229667231741024651331291690618103   -0.60738442165721645432232917850295965118   0.023764465680117951769737309751472346092
 -0.60738442165721645432232917850295965118    0.10144229667231741024651331291690618103   -0.10144229667231741024651331291690618103   0.023764465680117951769737309751472346092
 -0.10144229667231741024651331291690618103    0.10144229667231741024651331291690618103   -0.60738442165721645432232917850295965118   0.023764465680117951769737309751472346092
 -0.10144229667231741024651331291690618103    0.10144229667231741024651331291690618103    0.60738442165721645432232917850295965118   0.023764465680117951769737309751472346092
 -0.10144229667231741024651331291690618103   -0.10144229667231741024651331291690618103   -0.60738442165721645432232917850295965118   0.023764465680117951769737309751472346092
  0.10144229667231741024651331291690618103   -0.10144229667231741024651331291690618103    0.60738442165721645432232917850295965118   0.023764465680117951769737309751472346092
  0.60738442165721645432232917850295965118   -0.10144229667231741024651331291690618103   -0.10144229667231741024651331291690618103   0.023764465680117951769737309751472346092
  0.10144229667231741024651331291690618103    0.60738442165721645432232917850295965118    0.10144229667231741024651331291690618103   0.023764465680117951769737309751472346092
  0.60738442165721645432232917850295965118    0.10144229667231741024651331291690618103    0.10144229667231741024651331291690618103   0.023764465680117951769737309751472346092
  0.60738442165721645432232917850295965118   -0.10144229667231741024651331291690618103    0.10144229667231741024651331291690618103   0.023764465680117951769737309751472346092
 -0.60738442165721645432232917850295965118    0.10144229667231741024651331291690618103    0.10144229667231741024651331291690618103   0.023764465680117951769737309751472346092
  0.10144229667231741024651331291690618103    0.10144229667231741024651331291690618103    0.60738442165721645432232917850295965118   0.023764465680117951769737309751472346092
 -0.10144229667231741024651331291690618103    0.60738442165721645432232917850295965118    0.10144229667231741024651331291690618103   0.023764465680117951769737309751472346092
  0.10144229667231741024651331291690618103   -0.10144229667231741024651331291690618103   -0.60738442165721645432232917850295965118   0.023764465680117951769737309751472346092
 -0.60738442165721645432232917850295965118   -0.10144229667231741024651331291690618103   -0.10144229667231741024651331291690618103   0.023764465680117951769737309751472346092
  0.30141032550471405574300962169114855257    0.77745069383894455915490866263328994368   -0.30141032550471405574300962169114855257   0.049676708893326115475163754700071897598
 -0.30141032550471405574300962169114855257   -0.77745069383894455915490866263328994368    0.30141032550471405574300962169114855257   0.049676708893326115475163754700071897598
 -0.30141032550471405574300962169114855257    0.77745069383894455915490866263328994368   -0.30141032550471405574300962169114855257   0.049676708893326115475163754700071897598
 -0.77745069383894455915490866263328994368   -0.30141032550471405574300962169114855257    0.30141032550471405574300962169114855257   0.049676708893326115475163754700071897598
 -0.30141032550471405574300962169114855257   -0.30141032550471405574300962169114855257    0.77745069383894455915490866263328994368   0.049676708893326115475163754700071897598
  0.77745069383894455915490866263328994368    0.30141032550471405574300962169114855257   -0.30141032550471405574300962169114855257   0.049676708893326115475163754700071897598
  0.30141032550471405574300962169114855257   -0.77745069383894455915490866263328994368   -0.30141032550471405574300962169114855257   0.049676708893326115475163754700071897598
  0.30141032550471405574300962169114855257   -0.77745069383894455915490866263328994368    0.30141032550471405574300962169114855257   0.049676708893326115475163754700071897598
 -0.30141032550471405574300962169114855257   -0.77745069383894455915490866263328994368   -0.30141032550471405574300962169114855257   0.049676708893326115475163754700071897598
  0.30141032550471405574300962169114855257    0.30141032550471405574300962169114855257   -0.77745069383894455915490866263328994368   0.049676708893326115475163754700071897598
 -0.77745069383894455915490866263328994368    0.30141032550471405574300962169114855257   -0.30141032550471405574300962169114855257   0.049676708893326115475163754700071897598
 -0.30141032550471405574300962169114855257    0.30141032550471405574300962169114855257   -0.77745069383894455915490866263328994368   0.049676708893326115475163754700071897598
 -0.30141032550471405574300962169114855257    0.30141032550471405574300962169114855257    0.77745069383894455915490866263328994368   0.049676708893326115475163754700071897598
 -0.30141032550471405574300962169114855257   -0.30141032550471405574300962169114855257   -0.77745069383894455915490866263328994368   0.049676708893326115475163754700071897598
  0.30141032550471405574300962169114855257   -0.30141032550471405574300962169114855257    0.77745069383894455915490866263328994368   0.049676708893326115475163754700071897598
  0.77745069383894455915490866263328994368   -0.30141032550471405574300962169114855257   -0.30141032550471405574300962169114855257   0.049676708893326115475163754700071897598
  0.30141032550471405574300962169114855257    0.77745069383894455915490866263328994368    0.30141032550471405574300962169114855257   0.049676708893326115475163754700071897598
  0.77745069383894455915490866263328994368    0.30141032550471405574300962169114855257    0.30141032550471405574300962169114855257   0.049676708893326115475163754700071897598
  0.77745069383894455915490866263328994368   -0.30141032550471405574300962169114855257    0.30141032550471405574300962169114855257   0.049676708893326115475163754700071897598
 -0.77745069383894455915490866263328994368    0.30141032550471405574300962169114855257    0.30141032550471405574300962169114855257   0.049676708893326115475163754700071897598
  0.30141032550471405574300962169114855257    0.30141032550471405574300962169114855257    0.77745069383894455915490866263328994368   0.049676708893326115475163754700071897598
 -0.30141032550471405574300962169114855257    0.77745069383894455915490866263328994368    0.30141032550471405574300962169114855257   0.049676708893326115475163754700071897598
  0.30141032550471405574300962169114855257   -0.30141032550471405574300962169114855257   -0.77745069383894455915490866263328994368   0.049676708893326115475163754700071897598
 -0.77745069383894455915490866263328994368   -0.30141032550471405574300962169114855257   -0.30141032550471405574300962169114855257   0.049676708893326115475163754700071897598
  0.31285934877386926994337879044945968741    0.98099757128023717968971475845180047918   -0.31285934877386926994337879044945968741   0.012570754064612190338628682845066536715
 -0.31285934877386926994337879044945968741   -0.98099757128023717968971475845180047918    0.31285934877386926994337879044945968741   0.012570754064612190338628682845066536715
 -0.31285934877386926994337879044945968741    0.98099757128023717968971475845180047918   -0.31285934877386926994337879044945968741   0.012570754064612190338628682845066536715
 -0.98099757128023717968971475845180047918   -0.31285934877386926994337879044945968741    0.31285934877386926994337879044945968741   0.012570754064612190338628682845066536715
 -0.31285934877386926994337879044945968741   -0.31285934877386926994337879044945968741    0.98099757128023717968971475845180047918   0.012570754064612190338628682845066536715
  0.98099757128023717968971475845180047918    0.31285934877386926994337879044945968741   -0.31285934877386926994337879044945968741   0.012570754064612190338628682845066536715
  0.31285934877386926994337879044945968741   -0.98099757128023717968971475845180047918   -0.31285934877386926994337879044945968741   0.012570754064612190338628682845066536715
  0.31285934877386926994337879044945968741   -0.98099757128023717968971475845180047918    0.31285934877386926994337879044945968741   0.012570754064612190338628682845066536715
 -0.31285934877386926994337879044945968741   -0.98099757128023717968971475845180047918   -0.31285934877386926994337879044945968741   0.012570754064612190338628682845066536715
  0.31285934877386926994337879044945968741    0.31285934877386926994337879044945968741   -0.98099757128023717968971475845180047918   0.012570754064612190338628682845066536715
 -0.98099757128023717968971475845180047918    0.31285934877386926994337879044945968741   -0.31285934877386926994337879044945968741   0.012570754064612190338628682845066536715
 -0.31285934877386926994337879044945968741    0.31285934877386926994337879044945968741   -0.98099757128023717968971475845180047918   0.012570754064612190338628682845066536715
 -0.31285934877386926994337879044945968741    0.31285934877386926994337879044945968741    0.98099757128023717968971475845180047918   0.012570754064612190338628682845066536715
 -0.31285934877386926994337879044945968741   -0.31285934877386926994337879044945968741   -0.98099757128023717968971475845180047918   0.012570754064612190338628682845066536715
  0.31285934877386926994337879044945968741   -0.31285934877386926994337879044945968741    0.98099757128023717968971475845180047918   0.012570754064612190338628682845066536715
  0.98099757128023717968971475845180047918   -0.31285934877386926994337879044945968741   -0.31285934877386926994337879044945968741   0.012570754064612190338628682845066536715
  0.31285934877386926994337879044945968741    0.98099757128023717968971475845180047918    0.31285934877386926994337879044945968741   0.012570754064612190338628682845066536715
  0.98099757128023717968971475845180047918    0.31285934877386926994337879044945968741    0.31285934877386926994337879044945968741   0.012570754064612190338628682845066536715
  0.98099757128023717968971475845180047918   -0.31285934877386926994337879044945968741    0.31285934877386926994337879044945968741   0.012570754064612190338628682845066536715
 -0.98099757128023717968971475845180047918    0.31285934877386926994337879044945968741    0.31285934877386926994337879044945968741   0.012570754064612190338628682845066536715
  0.31285934877386926994337879044945968741    0.31285934877386926994337879044945968741    0.98099757128023717968971475845180047918   0.012570754064612190338628682845066536715
 -0.31285934877386926994337879044945968741    0.98099757128023717968971475845180047918    0.31285934877386926994337879044945968741   0.012570754064612190338628682845066536715
  0.31285934877386926994337879044945968741   -0.31285934877386926994337879044945968741   -0.98099757128023717968971475845180047918   0.012570754064612190338628682845066536715
 -0.98099757128023717968971475845180047918   -0.31285934877386926994337879044945968741   -0.31285934877386926994337879044945968741   0.012570754064612190338628682845066536715
  0.57358988690120415880889460057254919565    0.91562651357417969749709334809108765834   -0.57358988690120415880889460057254919565   0.023049996222703127378021504963660627016
 -0.57358988690120415880889460057254919565   -0.91562651357417969749709334809108765834    0.57358988690120415880889460057254919565   0.023049996222703127378021504963660627016
 -0.57358988690120415880889460057254919565    0.91562651357417969749709334809108765834   -0.57358988690120415880889460057254919565   0.023049996222703127378021504963660627016
 -0.91562651357417969749709334809108765834   -0.57358988690120415880889460057254919565    0.57358988690120415880889460057254919565   0.023049996222703127378021504963660627016
 -0.57358988690120415880889460057254919565   -0.57358988690120415880889460057254919565    0.91562651357417969749709334809108765834   0.023049996222703127378021504963660627016
  0.91562651357417969749709334809108765834    0.57358988690120415880889460057254919565   -0.57358988690120415880889460057254919565   0.023049996222703127378021504963660627016
  0.57358988690120415880889460057254919565   -0.91562651357417969749709334809108765834   -0.57358988690120415880889460057254919565   0.023049996222703127378021504963660627016
  0.57358988690120415880889460057254919565   -0.91562651357417969749709334809108765834    0.57358988690120415880889460057254919565   0.023049996222703127378021504963660627016
 -0.57358988690120415880889460057254919565   -0.91562651357417969749709334809108765834   -0.57358988690120415880889460057254919565   0.023049996222703127378021504963660627016
  0.57358988690120415880889460057254919565    0.57358988690120415880889460057254919565   -0.91562651357417969749709334809108765834   0.023049996222703127378021504963660627016
 -0.91562651357417969749709334809108765834    0.57358988690120415880889460057254919565   -0.57358988690120415880889460057254919565   0.023049996222703127378021504963660627016
 -0.57358988690120415880889460057254919565    0.57358988690120415880889460057254919565   -0.91562651357417969749709334809108765834   0.023049996222703127378021504963660627016
 -0.57358988690120415880889460057254919565    0.57358988690120415880889460057254919565    0.91562651357417969749709334809108765834   0.023049996222703127378021504963660627016
 -0.57358988690120415880889460057254919565   -0.57358988690120415880889460057254919565   -0.91562651357417969749709334809108765834   0.023049996222703127378021504963660627016
  0.57358988690120415880889460057254919565   -0.57358988690120415880889460057254919565    0.91562651357417969749709334809108765834   0.023049996222703127378021504963660627016
  0.91562651357417969749709334809108765834   -0.57358988690120415880889460057254919565   -0.57358988690120415880889460057254919565   0.023049996222703127378021504963660627016
  0.57358988690120415880889460057254919565    0.91562651357417969749709334809108765834    0.57358988690120415880889460057254919565   0.023049996222703127378021504963660627016
  0.91562651357417969749709334809108765834    0.57358988690120415880889460057254919565    0.57358988690120415880889460057254919565   0.023049996222703127378021504963660627016
  0.91562651357417969749709334809108765834   -0.57358988690120415880889460057254919565    0.57358988690120415880889460057254919565   0.023049996222703127378021504963660627016
 -0.91562651357417969749709334809108765834    0.57358988690120415880889460057254919565    0.57358988690120415880889460057254919565   0.023049996222703127378021504963660627016
  0.57358988690120415880889460057254919565    0.57358988690120415880889460057254919565    0.91562651357417969749709334809108765834   0.023049996222703127378021504963660627016
 -0.57358988690120415880889460057254919565    0.91562651357417969749709334809108765834    0.57358988690120415880889460057254919565   0.023049996222703127378021504963660627016
  0.57358988690120415880889460057254919565   -0.57358988690120415880889460057254919565   -0.91562651357417969749709334809108765834   0.023049996222703127378021504963660627016
 -0.91562651357417969749709334809108765834   -0.57358988690120415880889460057254919565   -0.57358988690120415880889460057254919565   0.023049996222703127378021504963660627016
  0.70958720331120431757881423561805665119    0.24740153141946607106410102160288652157   -0.70958720331120431757881423561805665119   0.039245554555260834575314254127288150685
 -0.70958720331120431757881423561805665119   -0.24740153141946607106410102160288652157    0.70958720331120431757881423561805665119   0.039245554555260834575314254127288150685
 -0.70958720331120431757881423561805665119    0.24740153141946607106410102160288652157   -0.70958720331120431757881423561805665119   0.039245554555260834575314254127288150685
 -0.24740153141946607106410102160288652157   -0.70958720331120431757881423561805665119    0.70958720331120431757881423561805665119   0.039245554555260834575314254127288150685
 -0.70958720331120431757881423561805665119   -0.70958720331120431757881423561805665119    0.24740153141946607106410102160288652157   0.039245554555260834575314254127288150685
  0.24740153141946607106410102160288652157    0.70958720331120431757881423561805665119   -0.70958720331120431757881423561805665119   0.039245554555260834575314254127288150685
  0.70958720331120431757881423561805665119   -0.24740153141946607106410102160288652157   -0.70958720331120431757881423561805665119   0.039245554555260834575314254127288150685
  0.70958720331120431757881423561805665119   -0.24740153141946607106410102160288652157    0.70958720331120431757881423561805665119   0.039245554555260834575314254127288150685
 -0.70958720331120431757881423561805665119   -0.24740153141946607106410102160288652157   -0.70958720331120431757881423561805665119   0.039245554555260834575314254127288150685
  0.70958720331120431757881423561805665119    0.70958720331120431757881423561805665119   -0.24740153141946607106410102160288652157   0.039245554555260834575314254127288150685
 -0.24740153141946607106410102160288652157    0.70958720331120431757881423561805665119   -0.70958720331120431757881423561805665119   0.039245554555260834575314254127288150685
 -0.70958720331120431757881423561805665119    0.70958720331120431757881423561805665119   -0.24740153141946607106410102160288652157   0.039245554555260834575314254127288150685
 -0.70958720331120431757881423561805665119    0.70958720331120431757881423561805665119    0.24740153141946607106410102160288652157   0.039245554555260834575314254127288150685
 -0.70958720331120431757881423561805665119   -0.70958720331120431757881423561805665119   -0.24740153141946607106410102160288652157   0.039245554555260834575314254127288150685
  0.70958720331120431757881423561805665119   -0.70958720331120431757881423561805665119    0.24740153141946607106410102160288652157   0.039245554555260834575314254127288150685
  0.24740153141946607106410102160288652157   -0.70958720331120431757881423561805665119   -0.70958720331120431757881423561805665119   0.039245554555260834575314254127288150685
  0.70958720331120431757881423561805665119    0.24740153141946607106410102160288652157    0.70958720331120431757881423561805665119   0.039245554555260834575314254127288150685
  0.24740153141946607106410102160288652157    0.70958720331120431757881423561805665119    0.70958720331120431757881423561805665119   0.039245554555260834575314254127288150685
  0.24740153141946607106410102160288652157   -0.70958720331120431757881423561805665119    0.70958720331120431757881423561805665119   0.039245554555260834575314254127288150685
 -0.24740153141946607106410102160288652157    0.70958720331120431757881423561805665119    0.70958720331120431757881423561805665119   0.039245554555260834575314254127288150685
  0.70958720331120431757881423561805665119    0.70958720331120431757881423561805665119    0.24740153141946607106410102160288652157   0.039245554555260834575314254127288150685
 -0.70958720331120431757881423561805665119    0.24740153141946607106410102160288652157    0.70958720331120431757881423561805665119   0.039245554555260834575314254127288150685
  0.70958720331120431757881423561805665119   -0.70958720331120431757881423561805665119   -0.24740153141946607106410102160288652157   0.039245554555260834575314254127288150685
 -0.24740153141946607106410102160288652157   -0.70958720331120431757881423561805665119   -0.70958720331120431757881423561805665119   0.039245554555260834575314254127288150685
  0.78573482213549087519294054781813140149    0.98690365707894896792536675642269010727   -0.78573482213549087519294054781813140149  0.0048930745035325394127363266331496245591
 -0.78573482213549087519294054781813140149   -0.98690365707894896792536675642269010727    0.78573482213549087519294054781813140149  0.0048930745035325394127363266331496245591
 -0.78573482213549087519294054781813140149    0.98690365707894896792536675642269010727   -0.78573482213549087519294054781813140149  0.0048930745035325394127363266331496245591
 -0.98690365707894896792536675642269010727   -0.78573482213549087519294054781813140149    0.78573482213549087519294054781813140149  0.0048930745035325394127363266331496245591
 -0.78573482213549087519294054781813140149   -0.78573482213549087519294054781813140149    0.98690365707894896792536675642269010727  0.0048930745035325394127363266331496245591
  0.98690365707894896792536675642269010727    0.78573482213549087519294054781813140149   -0.78573482213549087519294054781813140149  0.0048930745035325394127363266331496245591
  0.78573482213549087519294054781813140149   -0.98690365707894896792536675642269010727   -0.78573482213549087519294054781813140149  0.0048930745035325394127363266331496245591
  0.78573482213549087519294054781813140149   -0.98690365707894896792536675642269010727    0.78573482213549087519294054781813140149  0.0048930745035325394127363266331496245591
 -0.78573482213549087519294054781813140149   -0.98690365707894896792536675642269010727   -0.78573482213549087519294054781813140149  0.0048930745035325394127363266331496245591
  0.78573482213549087519294054781813140149    0.78573482213549087519294054781813140149   -0.98690365707894896792536675642269010727  0.0048930745035325394127363266331496245591
 -0.98690365707894896792536675642269010727    0.78573482213549087519294054781813140149   -0.78573482213549087519294054781813140149  0.0048930745035325394127363266331496245591
 -0.78573482213549087519294054781813140149    0.78573482213549087519294054781813140149   -0.98690365707894896792536675642269010727  0.0048930745035325394127363266331496245591
 -0.78573482213549087519294054781813140149    0.78573482213549087519294054781813140149    0.98690365707894896792536675642269010727  0.0048930745035325394127363266331496245591
 -0.78573482213549087519294054781813140149   -0.78573482213549087519294054781813140149   -0.98690365707894896792536675642269010727  0.0048930745035325394127363266331496245591
  0.78573482213549087519294054781813140149   -0.78573482213549087519294054781813140149    0.98690365707894896792536675642269010727  0.0048930745035325394127363266331496245591
  0.98690365707894896792536675642269010727   -0.78573482213549087519294054781813140149   -0.78573482213549087519294054781813140149  0.0048930745035325394127363266331496245591
  0.78573482213549087519294054781813140149    0.98690365707894896792536675642269010727    0.78573482213549087519294054781813140149  0.0048930745035325394127363266331496245591
  0.98690365707894896792536675642269010727    0.78573482213549087519294054781813140149    0.78573482213549087519294054781813140149  0.0048930745035325394127363266331496245591
  0.98690365707894896792536675642269010727   -0.78573482213549087519294054781813140149    0.78573482213549087519294054781813140149  0.0048930745035325394127363266331496245591
 -0.98690365707894896792536675642269010727    0.78573482213549087519294054781813140149    0.78573482213549087519294054781813140149  0.0048930745035325394127363266331496245591
  0.78573482213549087519294054781813140149    0.78573482213549087519294054781813140149    0.98690365707894896792536675642269010727  0.0048930745035325394127363266331496245591
 -0.78573482213549087519294054781813140149    0.98690365707894896792536675642269010727    0.78573482213549087519294054781813140149  0.0048930745035325394127363266331496245591
  0.78573482213549087519294054781813140149   -0.78573482213549087519294054781813140149   -0.98690365707894896792536675642269010727  0.0048930745035325394127363266331496245591
 -0.98690365707894896792536675642269010727   -0.78573482213549087519294054781813140149   -0.78573482213549087519294054781813140149  0.0048930745035325394127363266331496245591
  0.79687173661143977704899942789208354433    0.56651389492392849797760323151212741554   -0.79687173661143977704899942789208354433   0.017237175986330920461721551055689791398
 -0.79687173661143977704899942789208354433   -0.56651389492392849797760323151212741554    0.79687173661143977704899942789208354433   0.017237175986330920461721551055689791398
 -0.79687173661143977704899942789208354433    0.56651389492392849797760323151212741554   -0.79687173661143977704899942789208354433   0.017237175986330920461721551055689791398
 -0.56651389492392849797760323151212741554   -0.79687173661143977704899942789208354433    0.79687173661143977704899942789208354433   0.017237175986330920461721551055689791398
 -0.79687173661143977704899942789208354433   -0.79687173661143977704899942789208354433    0.56651389492392849797760323151212741554   0.017237175986330920461721551055689791398
  0.56651389492392849797760323151212741554    0.79687173661143977704899942789208354433   -0.79687173661143977704899942789208354433   0.017237175986330920461721551055689791398
  0.79687173661143977704899942789208354433   -0.56651389492392849797760323151212741554   -0.79687173661143977704899942789208354433   0.017237175986330920461721551055689791398
  0.79687173661143977704899942789208354433   -0.56651389492392849797760323151212741554    0.79687173661143977704899942789208354433   0.017237175986330920461721551055689791398
 -0.79687173661143977704899942789208354433   -0.56651389492392849797760323151212741554   -0.79687173661143977704899942789208354433   0.017237175986330920461721551055689791398
  0.79687173661143977704899942789208354433    0.79687173661143977704899942789208354433   -0.56651389492392849797760323151212741554   0.017237175986330920461721551055689791398
 -0.56651389492392849797760323151212741554    0.79687173661143977704899942789208354433   -0.79687173661143977704899942789208354433   0.017237175986330920461721551055689791398
 -0.79687173661143977704899942789208354433    0.79687173661143977704899942789208354433   -0.56651389492392849797760323151212741554   0.017237175986330920461721551055689791398
 -0.79687173661143977704899942789208354433    0.79687173661143977704899942789208354433    0.56651389492392849797760323151212741554   0.017237175986330920461721551055689791398
 -0.79687173661143977704899942789208354433   -0.79687173661143977704899942789208354433   -0.56651389492392849797760323151212741554   0.017237175986330920461721551055689791398
  0.79687173661143977704899942789208354433   -0.79687173661143977704899942789208354433    0.56651389492392849797760323151212741554   0.017237175986330920461721551055689791398
  0.56651389492392849797760323151212741554   -0.79687173661143977704899942789208354433   -0.79687173661143977704899942789208354433   0.017237175986330920461721551055689791398
  0.79687173661143977704899942789208354433    0.56651389492392849797760323151212741554    0.79687173661143977704899942789208354433   0.017237175986330920461721551055689791398
  0.56651389492392849797760323151212741554    0.79687173661143977704899942789208354433    0.79687173661143977704899942789208354433   0.017237175986330920461721551055689791398
  0.56651389492392849797760323151212741554   -0.79687173661143977704899942789208354433    0.79687173661143977704899942789208354433   0.017237175986330920461721551055689791398
 -0.56651389492392849797760323151212741554    0.79687173661143977704899942789208354433    0.79687173661143977704899942789208354433   0.017237175986330920461721551055689791398
  0.79687173661143977704899942789208354433    0.79687173661143977704899942789208354433    0.56651389492392849797760323151212741554   0.017237175986330920461721551055689791398
 -0.79687173661143977704899942789208354433    0.56651389492392849797760323151212741554    0.79687173661143977704899942789208354433   0.017237175986330920461721551055689791398
  0.79687173661143977704899942789208354433   -0.79687173661143977704899942789208354433   -0.56651389492392849797760323151212741554   0.017237175986330920461721551055689791398
 -0.56651389492392849797760323151212741554   -0.79687173661143977704899942789208354433   -0.79687173661143977704899942789208354433   0.017237175986330920461721551055689791398
  0.91412912639814008448361467037608329542    0.37955553665922935314957279539642625463   -0.91412912639814008448361467037608329542  0.0093287021601848353875804397181049708886
 -0.91412912639814008448361467037608329542   -0.37955553665922935314957279539642625463    0.91412912639814008448361467037608329542  0.0093287021601848353875804397181049708886
 -0.91412912639814008448361467037608329542    0.37955553665922935314957279539642625463   -0.91412912639814008448361467037608329542  0.0093287021601848353875804397181049708886
 -0.37955553665922935314957279539642625463   -0.91412912639814008448361467037608329542    0.91412912639814008448361467037608329542  0.0093287021601848353875804397181049708886
 -0.91412912639814008448361467037608329542   -0.91412912639814008448361467037608329542    0.37955553665922935314957279539642625463  0.0093287021601848353875804397181049708886
  0.37955553665922935314957279539642625463    0.91412912639814008448361467037608329542   -0.91412912639814008448361467037608329542  0.0093287021601848353875804397181049708886
  0.91412912639814008448361467037608329542   -0.37955553665922935314957279539642625463   -0.91412912639814008448361467037608329542  0.0093287021601848353875804397181049708886
  0.91412912639814008448361467037608329542   -0.37955553665922935314957279539642625463    0.91412912639814008448361467037608329542  0.0093287021601848353875804397181049708886
 -0.91412912639814008448361467037608329542   -0.37955553665922935314957279539642625463   -0.91412912639814008448361467037608329542  0.0093287021601848353875804397181049708886
  0.91412912639814008448361467037608329542    0.91412912639814008448361467037608329542   -0.37955553665922935314957279539642625463  0.0093287021601848353875804397181049708886
 -0.37955553665922935314957279539642625463    0.91412912639814008448361467037608329542   -0.91412912639814008448361467037608329542  0.0093287021601848353875804397181049708886
 -0.91412912639814008448361467037608329542    0.91412912639814008448361467037608329542   -0.37955553665922935314957279539642625463  0.0093287021601848353875804397181049708886
 -0.91412912639814008448361467037608329542    0.91412912639814008448361467037608329542    0.37955553665922935314957279539642625463  0.0093287021601848353875804397181049708886
 -0.91412912639814008448361467037608329542   -0.91412912639814008448361467037608329542   -0.37955553665922935314957279539642625463  0.0093287021601848353875804397181049708886
  0.91412912639814008448361467037608329542   -0.91412912639814008448361467037608329542    0.37955553665922935314957279539642625463  0.0093287021601848353875804397181049708886
  0.37955553665922935314957279539642625463   -0.91412912639814008448361467037608329542   -0.91412912639814008448361467037608329542  0.0093287021601848353875804397181049708886
  0.91412912639814008448361467037608329542    0.37955553665922935314957279539642625463    0.91412912639814008448361467037608329542  0.0093287021601848353875804397181049708886
  0.37955553665922935314957279539642625463    0.91412912639814008448361467037608329542    0.91412912639814008448361467037608329542  0.0093287021601848353875804397181049708886
  0.37955553665922935314957279539642625463   -0.91412912639814008448361467037608329542    0.91412912639814008448361467037608329542  0.0093287021601848353875804397181049708886
 -0.37955553665922935314957279539642625463    0.91412912639814008448361467037608329542    0.91412912639814008448361467037608329542  0.0093287021601848353875804397181049708886
  0.91412912639814008448361467037608329542    0.91412912639814008448361467037608329542    0.37955553665922935314957279539642625463  0.0093287021601848353875804397181049708886
 -0.91412912639814008448361467037608329542    0.37955553665922935314957279539642625463    0.91412912639814008448361467037608329542  0.0093287021601848353875804397181049708886
  0.91412912639814008448361467037608329542   -0.91412912639814008448361467037608329542   -0.37955553665922935314957279539642625463  0.0093287021601848353875804397181049708886
 -0.37955553665922935314957279539642625463   -0.91412912639814008448361467037608329542   -0.91412912639814008448361467037608329542  0.0093287021601848353875804397181049708886
  0.96067690885369999901183393411493864311    0.62995097257762179854883497377087982274   -0.96067690885369999901183393411493864311   0.004192797841233759611471375984422210793
 -0.96067690885369999901183393411493864311   -0.62995097257762179854883497377087982274    0.96067690885369999901183393411493864311   0.004192797841233759611471375984422210793
 -0.96067690885369999901183393411493864311    0.62995097257762179854883497377087982274   -0.96067690885369999901183393411493864311   0.004192797841233759611471375984422210793
 -0.62995097257762179854883497377087982274   -0.96067690885369999901183393411493864311    0.96067690885369999901183393411493864311   0.004192797841233759611471375984422210793
 -0.96067690885369999901183393411493864311   -0.96067690885369999901183393411493864311    0.62995097257762179854883497377087982274   0.004192797841233759611471375984422210793
  0.62995097257762179854883497377087982274    0.96067690885369999901183393411493864311   -0.96067690885369999901183393411493864311   0.004192797841233759611471375984422210793
  0.96067690885369999901183393411493864311   -0.62995097257762179854883497377087982274   -0.96067690885369999901183393411493864311   0.004192797841233759611471375984422210793
  0.96067690885369999901183393411493864311   -0.62995097257762179854883497377087982274    0.96067690885369999901183393411493864311   0.004192797841233759611471375984422210793
 -0.96067690885369999901183393411493864311   -0.62995097257762179854883497377087982274   -0.96067690885369999901183393411493864311   0.004192797841233759611471375984422210793
  0.96067690885369999901183393411493864311    0.96067690885369999901183393411493864311   -0.62995097257762179854883497377087982274   0.004192797841233759611471375984422210793
 -0.62995097257762179854883497377087982274    0.96067690885369999901183393411493864311   -0.96067690885369999901183393411493864311   0.004192797841233759611471375984422210793
 -0.96067690885369999901183393411493864311    0.96067690885369999901183393411493864311   -0.62995097257762179854883497377087982274   0.004192797841233759611471375984422210793
 -0.96067690885369999901183393411493864311    0.96067690885369999901183393411493864311    0.62995097257762179854883497377087982274   0.004192797841233759611471375984422210793
 -0.96067690885369999901183393411493864311   -0.96067690885369999901183393411493864311   -0.62995097257762179854883497377087982274   0.004192797841233759611471375984422210793
  0.96067690885369999901183393411493864311   -0.96067690885369999901183393411493864311    0.62995097257762179854883497377087982274   0.004192797841233759611471375984422210793
  0.62995097257762179854883497377087982274   -0.96067690885369999901183393411493864311   -0.96067690885369999901183393411493864311   0.004192797841233759611471375984422210793
  0.96067690885369999901183393411493864311    0.62995097257762179854883497377087982274    0.96067690885369999901183393411493864311   0.004192797841233759611471375984422210793
  0.62995097257762179854883497377087982274    0.96067690885369999901183393411493864311    0.96067690885369999901183393411493864311   0.004192797841233759611471375984422210793
  0.62995097257762179854883497377087982274   -0.96067690885369999901183393411493864311    0.96067690885369999901183393411493864311   0.004192797841233759611471375984422210793
 -0.62995097257762179854883497377087982274    0.96067690885369999901183393411493864311    0.96067690885369999901183393411493864311   0.004192797841233759611471375984422210793
  0.96067690885369999901183393411493864311    0.96067690885369999901183393411493864311    0.62995097257762179854883497377087982274   0.004192797841233759611471375984422210793
 -0.96067690885369999901183393411493864311    0.62995097257762179854883497377087982274    0.96067690885369999901183393411493864311   0.004192797841233759611471375984422210793
  0.96067690885369999901183393411493864311   -0.96067690885369999901183393411493864311   -0.62995097257762179854883497377087982274   0.004192797841233759611471375984422210793
 -0.62995097257762179854883497377087982274   -0.96067690885369999901183393411493864311   -0.96067690885369999901183393411493864311   0.004192797841233759611471375984422210793
 -0.75237956861206304773006211290329656611   -0.98470388343978265596764891596360825298    0.27987569993323040110845870824040159685   0.008439499646618282715633352769227020588
 -0.75237956861206304773006211290329656611    0.27987569993323040110845870824040159685   -0.98470388343978265596764891596360825298   0.008439499646618282715633352769227020588
 -0.27987569993323040110845870824040159685   -0.98470388343978265596764891596360825298   -0.75237956861206304773006211290329656611   0.008439499646618282715633352769227020588
  0.27987569993323040110845870824040159685    0.98470388343978265596764891596360825298    0.75237956861206304773006211290329656611   0.008439499646618282715633352769227020588
 -0.98470388343978265596764891596360825298    0.75237956861206304773006211290329656611   -0.27987569993323040110845870824040159685   0.008439499646618282715633352769227020588
  0.98470388343978265596764891596360825298   -0.75237956861206304773006211290329656611    0.27987569993323040110845870824040159685   0.008439499646618282715633352769227020588
  0.98470388343978265596764891596360825298    0.75237956861206304773006211290329656611    0.27987569993323040110845870824040159685   0.008439499646618282715633352769227020588
 -0.75237956861206304773006211290329656611    0.98470388343978265596764891596360825298    0.27987569993323040110845870824040159685   0.008439499646618282715633352769227020588
  0.98470388343978265596764891596360825298    0.27987569993323040110845870824040159685   -0.75237956861206304773006211290329656611   0.008439499646618282715633352769227020588
  0.75237956861206304773006211290329656611    0.98470388343978265596764891596360825298   -0.27987569993323040110845870824040159685   0.008439499646618282715633352769227020588
 -0.75237956861206304773006211290329656611   -0.27987569993323040110845870824040159685   -0.98470388343978265596764891596360825298   0.008439499646618282715633352769227020588
 -0.98470388343978265596764891596360825298   -0.27987569993323040110845870824040159685   -0.75237956861206304773006211290329656611   0.008439499646618282715633352769227020588
  0.27987569993323040110845870824040159685   -0.98470388343978265596764891596360825298    0.75237956861206304773006211290329656611   0.008439499646618282715633352769227020588
  0.98470388343978265596764891596360825298    0.27987569993323040110845870824040159685    0.75237956861206304773006211290329656611   0.008439499646618282715633352769227020588
 -0.27987569993323040110845870824040159685   -0.75237956861206304773006211290329656611    0.98470388343978265596764891596360825298   0.008439499646618282715633352769227020588
 -0.27987569993323040110845870824040159685    0.98470388343978265596764891596360825298    0.75237956861206304773006211290329656611   0.008439499646618282715633352769227020588
  0.75237956861206304773006211290329656611   -0.27987569993323040110845870824040159685    0.98470388343978265596764891596360825298   0.008439499646618282715633352769227020588
  0.75237956861206304773006211290329656611    0.27987569993323040110845870824040159685    0.98470388343978265596764891596360825298   0.008439499646618282715633352769227020588
 -0.98470388343978265596764891596360825298   -0.75237956861206304773006211290329656611   -0.27987569993323040110845870824040159685   0.008439499646618282715633352769227020588
 -0.27987569993323040110845870824040159685    0.75237956861206304773006211290329656611   -0.98470388343978265596764891596360825298   0.008439499646618282715633352769227020588
 -0.27987569993323040110845870824040159685    0.98470388343978265596764891596360825298   -0.75237956861206304773006211290329656611   0.008439499646618282715633352769227020588
  0.98470388343978265596764891596360825298    0.75237956861206304773006211290329656611   -0.27987569993323040110845870824040159685   0.008439499646618282715633352769227020588
  0.27987569993323040110845870824040159685   -0.98470388343978265596764891596360825298   -0.75237956861206304773006211290329656611   0.008439499646618282715633352769227020588
  0.98470388343978265596764891596360825298   -0.27987569993323040110845870824040159685    0.75237956861206304773006211290329656611   0.008439499646618282715633352769227020588
 -0.27987569993323040110845870824040159685   -0.98470388343978265596764891596360825298    0.75237956861206304773006211290329656611   0.008439499646618282715633352769227020588
 -0.75237956861206304773006211290329656611   -0.98470388343978265596764891596360825298   -0.27987569993323040110845870824040159685   0.008439499646618282715633352769227020588
 -0.75237956861206304773006211290329656611    0.98470388343978265596764891596360825298   -0.27987569993323040110845870824040159685   0.008439499646618282715633352769227020588
  0.98470388343978265596764891596360825298   -0.75237956861206304773006211290329656611   -0.27987569993323040110845870824040159685   0.008439499646618282715633352769227020588
 -0.98470388343978265596764891596360825298   -0.75237956861206304773006211290329656611    0.27987569993323040110845870824040159685   0.008439499646618282715633352769227020588
 -0.75237956861206304773006211290329656611    0.27987569993323040110845870824040159685    0.98470388343978265596764891596360825298   0.008439499646618282715633352769227020588
  0.98470388343978265596764891596360825298   -0.27987569993323040110845870824040159685   -0.75237956861206304773006211290329656611   0.008439499646618282715633352769227020588
  0.27987569993323040110845870824040159685    0.75237956861206304773006211290329656611   -0.98470388343978265596764891596360825298   0.008439499646618282715633352769227020588
 -0.27987569993323040110845870824040159685    0.75237956861206304773006211290329656611    0.98470388343978265596764891596360825298   0.008439499646618282715633352769227020588
  0.27987569993323040110845870824040159685   -0.75237956861206304773006211290329656611   -0.98470388343978265596764891596360825298   0.008439499646618282715633352769227020588
  0.75237956861206304773006211290329656611    0.27987569993323040110845870824040159685   -0.98470388343978265596764891596360825298   0.008439499646618282715633352769227020588
  0.75237956861206304773006211290329656611   -0.27987569993323040110845870824040159685   -0.98470388343978265596764891596360825298   0.008439499646618282715633352769227020588
  0.27987569993323040110845870824040159685   -0.75237956861206304773006211290329656611    0.98470388343978265596764891596360825298   0.008439499646618282715633352769227020588
 -0.98470388343978265596764891596360825298    0.27987569993323040110845870824040159685   -0.75237956861206304773006211290329656611   0.008439499646618282715633352769227020588
 -0.98470388343978265596764891596360825298    0.75237956861206304773006211290329656611    0.27987569993323040110845870824040159685   0.008439499646618282715633352769227020588
 -0.27987569993323040110845870824040159685   -0.75237956861206304773006211290329656611   -0.98470388343978265596764891596360825298   0.008439499646618282715633352769227020588
  0.75237956861206304773006211290329656611   -0.98470388343978265596764891596360825298    0.27987569993323040110845870824040159685   0.008439499646618282715633352769227020588
  0.75237956861206304773006211290329656611    0.98470388343978265596764891596360825298    0.27987569993323040110845870824040159685   0.008439499646618282715633352769227020588
  0.27987569993323040110845870824040159685    0.75237956861206304773006211290329656611    0.98470388343978265596764891596360825298   0.008439499646618282715633352769227020588
 -0.98470388343978265596764891596360825298   -0.27987569993323040110845870824040159685    0.75237956861206304773006211290329656611   0.008439499646618282715633352769227020588
 -0.75237956861206304773006211290329656611   -0.27987569993323040110845870824040159685    0.98470388343978265596764891596360825298   0.008439499646618282715633352769227020588
 -0.98470388343978265596764891596360825298    0.27987569993323040110845870824040159685    0.75237956861206304773006211290329656611   0.008439499646618282715633352769227020588
  0.75237956861206304773006211290329656611   -0.98470388343978265596764891596360825298   -0.27987569993323040110845870824040159685   0.008439499646618282715633352769227020588
  0.27987569993323040110845870824040159685    0.98470388343978265596764891596360825298   -0.75237956861206304773006211290329656611   0.008439499646618282715633352769227020588

