  -0.3519050036478830892957278062751381336                                           0                                           0   0.079926098169626031135825012774609466162
                                         0                                           0     0.3519050036478830892957278062751381336   0.079926098169626031135825012774609466162
                                         0     0.3519050036478830892957278062751381336                                           0   0.079926098169626031135825012774609466162
                                         0                                           0    -0.3519050036478830892957278062751381336   0.079926098169626031135825012774609466162
   0.3519050036478830892957278062751381336                                           0                                           0   0.079926098169626031135825012774609466162
                                         0    -0.3519050036478830892957278062751381336                                           0   0.079926098169626031135825012774609466162
 -0.71008235285959682698114888400565808681                                           0                                           0     0.0334453078851397691882796869720576374
                                         0                                           0    0.71008235285959682698114888400565808681     0.0334453078851397691882796869720576374
                                         0    0.71008235285959682698114888400565808681                                           0     0.0334453078851397691882796869720576374
                                         0                                           0   -0.71008235285959682698114888400565808681     0.0334453078851397691882796869720576374
  0.71008235285959682698114888400565808681                                           0                                           0     0.0334453078851397691882796869720576374
                                         0   -0.71008235285959682698114888400565808681                                           0     0.0334453078851397691882796869720576374
  -0.9306955408164849115841010741897737718                                           0                                           0    0.04490334904456176368272492874957995026
                                         0                                           0     0.9306955408164849115841010741897737718    0.04490334904456176368272492874957995026
                                         0     0.9306955408164849115841010741897737718                                           0    0.04490334904456176368272492874957995026
                                         0                                           0    -0.9306955408164849115841010741897737718    0.04490334904456176368272492874957995026
   0.9306955408164849115841010741897737718                                           0                                           0    0.04490334904456176368272492874957995026
                                         0    -0.9306955408164849115841010741897737718                                           0    0.04490334904456176368272492874957995026
  0.30952644294065431111634213610356767345   -0.30952644294065431111634213610356767345   -0.30952644294065431111634213610356767345   0.052687995638446571034581685862371559974
 -0.30952644294065431111634213610356767345    0.30952644294065431111634213610356767345    0.30952644294065431111634213610356767345   0.052687995638446571034581685862371559974
 -0.30952644294065431111634213610356767345    0.30952644294065431111634213610356767345   -0.30952644294065431111634213610356767345   0.052687995638446571034581685862371559974
 -0.30952644294065431111634213610356767345   -0.30952644294065431111634213610356767345   -0.30952644294065431111634213610356767345   0.052687995638446571034581685862371559974
 -0.30952644294065431111634213610356767345   -0.30952644294065431111634213610356767345    0.30952644294065431111634213610356767345   0.052687995638446571034581685862371559974
  0.30952644294065431111634213610356767345    0.30952644294065431111634213610356767345   -0.30952644294065431111634213610356767345   0.052687995638446571034581685862371559974
  0.30952644294065431111634213610356767345    0.30952644294065431111634213610356767345    0.30952644294065431111634213610356767345   0.052687995638446571034581685862371559974
  0.30952644294065431111634213610356767345   -0.30952644294065431111634213610356767345    0.30952644294065431111634213610356767345   0.052687995638446571034581685862371559974
  0.57666907004245141278569432804982791449   -0.57666907004245141278569432804982791449   -0.57666907004245141278569432804982791449   0.060933352175182639928209892702138362605
 -0.57666907004245141278569432804982791449    0.57666907004245141278569432804982791449    0.57666907004245141278569432804982791449   0.060933352175182639928209892702138362605
 -0.57666907004245141278569432804982791449    0.57666907004245141278569432804982791449   -0.57666907004245141278569432804982791449   0.060933352175182639928209892702138362605
 -0.57666907004245141278569432804982791449   -0.57666907004245141278569432804982791449   -0.57666907004245141278569432804982791449   0.060933352175182639928209892702138362605
 -0.57666907004245141278569432804982791449   -0.57666907004245141278569432804982791449    0.57666907004245141278569432804982791449   0.060933352175182639928209892702138362605
  0.57666907004245141278569432804982791449    0.57666907004245141278569432804982791449   -0.57666907004245141278569432804982791449   0.060933352175182639928209892702138362605
  0.57666907004245141278569432804982791449    0.57666907004245141278569432804982791449    0.57666907004245141278569432804982791449   0.060933352175182639928209892702138362605
  0.57666907004245141278569432804982791449   -0.57666907004245141278569432804982791449    0.57666907004245141278569432804982791449   0.060933352175182639928209892702138362605
  0.84876637534098820370454102485769694455   -0.84876637534098820370454102485769694455   -0.84876637534098820370454102485769694455   0.015228356594620587709717477731177355315
 -0.84876637534098820370454102485769694455    0.84876637534098820370454102485769694455    0.84876637534098820370454102485769694455   0.015228356594620587709717477731177355315
 -0.84876637534098820370454102485769694455    0.84876637534098820370454102485769694455   -0.84876637534098820370454102485769694455   0.015228356594620587709717477731177355315
 -0.84876637534098820370454102485769694455   -0.84876637534098820370454102485769694455   -0.84876637534098820370454102485769694455   0.015228356594620587709717477731177355315
 -0.84876637534098820370454102485769694455   -0.84876637534098820370454102485769694455    0.84876637534098820370454102485769694455   0.015228356594620587709717477731177355315
  0.84876637534098820370454102485769694455    0.84876637534098820370454102485769694455   -0.84876637534098820370454102485769694455   0.015228356594620587709717477731177355315
  0.84876637534098820370454102485769694455    0.84876637534098820370454102485769694455    0.84876637534098820370454102485769694455   0.015228356594620587709717477731177355315
  0.84876637534098820370454102485769694455   -0.84876637534098820370454102485769694455    0.84876637534098820370454102485769694455   0.015228356594620587709717477731177355315
 -0.50980213268035970549892539529433160794   -0.50980213268035970549892539529433160794                                           0   0.064355770283421915472971724897363537938
  0.50980213268035970549892539529433160794                                           0   -0.50980213268035970549892539529433160794   0.064355770283421915472971724897363537938
                                         0    0.50980213268035970549892539529433160794   -0.50980213268035970549892539529433160794   0.064355770283421915472971724897363537938
  0.50980213268035970549892539529433160794    0.50980213268035970549892539529433160794                                           0   0.064355770283421915472971724897363537938
  0.50980213268035970549892539529433160794                                           0    0.50980213268035970549892539529433160794   0.064355770283421915472971724897363537938
                                         0   -0.50980213268035970549892539529433160794    0.50980213268035970549892539529433160794   0.064355770283421915472971724897363537938
                                         0   -0.50980213268035970549892539529433160794   -0.50980213268035970549892539529433160794   0.064355770283421915472971724897363537938
 -0.50980213268035970549892539529433160794                                           0    0.50980213268035970549892539529433160794   0.064355770283421915472971724897363537938
 -0.50980213268035970549892539529433160794    0.50980213268035970549892539529433160794                                           0   0.064355770283421915472971724897363537938
  0.50980213268035970549892539529433160794   -0.50980213268035970549892539529433160794                                           0   0.064355770283421915472971724897363537938
                                         0    0.50980213268035970549892539529433160794    0.50980213268035970549892539529433160794   0.064355770283421915472971724897363537938
 -0.50980213268035970549892539529433160794                                           0   -0.50980213268035970549892539529433160794   0.064355770283421915472971724897363537938
 -0.90748215637150533945530818082941076716   -0.90748215637150533945530818082941076716                                           0  0.0068159344897934531318058597211806180346
  0.90748215637150533945530818082941076716                                           0   -0.90748215637150533945530818082941076716  0.0068159344897934531318058597211806180346
                                         0    0.90748215637150533945530818082941076716   -0.90748215637150533945530818082941076716  0.0068159344897934531318058597211806180346
  0.90748215637150533945530818082941076716    0.90748215637150533945530818082941076716                                           0  0.0068159344897934531318058597211806180346
  0.90748215637150533945530818082941076716                                           0    0.90748215637150533945530818082941076716  0.0068159344897934531318058597211806180346
                                         0   -0.90748215637150533945530818082941076716    0.90748215637150533945530818082941076716  0.0068159344897934531318058597211806180346
                                         0   -0.90748215637150533945530818082941076716   -0.90748215637150533945530818082941076716  0.0068159344897934531318058597211806180346
 -0.90748215637150533945530818082941076716                                           0    0.90748215637150533945530818082941076716  0.0068159344897934531318058597211806180346
 -0.90748215637150533945530818082941076716    0.90748215637150533945530818082941076716                                           0  0.0068159344897934531318058597211806180346
  0.90748215637150533945530818082941076716   -0.90748215637150533945530818082941076716                                           0  0.0068159344897934531318058597211806180346
                                         0    0.90748215637150533945530818082941076716    0.90748215637150533945530818082941076716  0.0068159344897934531318058597211806180346
 -0.90748215637150533945530818082941076716                                           0   -0.90748215637150533945530818082941076716  0.0068159344897934531318058597211806180346
                                         0    0.80159263191407051275322602077197493682   -0.99698436144103171597332603358774509534  0.0094340297342819813396616579282234446359
 -0.80159263191407051275322602077197493682                                           0   -0.99698436144103171597332603358774509534  0.0094340297342819813396616579282234446359
                                         0    0.99698436144103171597332603358774509534    0.80159263191407051275322602077197493682  0.0094340297342819813396616579282234446359
  0.99698436144103171597332603358774509534   -0.80159263191407051275322602077197493682                                           0  0.0094340297342819813396616579282234446359
                                         0    0.80159263191407051275322602077197493682    0.99698436144103171597332603358774509534  0.0094340297342819813396616579282234446359
                                         0   -0.80159263191407051275322602077197493682    0.99698436144103171597332603358774509534  0.0094340297342819813396616579282234446359
  0.80159263191407051275322602077197493682                                           0   -0.99698436144103171597332603358774509534  0.0094340297342819813396616579282234446359
                                         0   -0.80159263191407051275322602077197493682   -0.99698436144103171597332603358774509534  0.0094340297342819813396616579282234446359
 -0.99698436144103171597332603358774509534                                           0    0.80159263191407051275322602077197493682  0.0094340297342819813396616579282234446359
 -0.99698436144103171597332603358774509534   -0.80159263191407051275322602077197493682                                           0  0.0094340297342819813396616579282234446359
  0.80159263191407051275322602077197493682    0.99698436144103171597332603358774509534                                           0  0.0094340297342819813396616579282234446359
  0.99698436144103171597332603358774509534                                           0    0.80159263191407051275322602077197493682  0.0094340297342819813396616579282234446359
                                         0    0.99698436144103171597332603358774509534   -0.80159263191407051275322602077197493682  0.0094340297342819813396616579282234446359
  0.99698436144103171597332603358774509534                                           0   -0.80159263191407051275322602077197493682  0.0094340297342819813396616579282234446359
                                         0   -0.99698436144103171597332603358774509534   -0.80159263191407051275322602077197493682  0.0094340297342819813396616579282234446359
  0.80159263191407051275322602077197493682   -0.99698436144103171597332603358774509534                                           0  0.0094340297342819813396616579282234446359
 -0.80159263191407051275322602077197493682    0.99698436144103171597332603358774509534                                           0  0.0094340297342819813396616579282234446359
  0.80159263191407051275322602077197493682                                           0    0.99698436144103171597332603358774509534  0.0094340297342819813396616579282234446359
 -0.99698436144103171597332603358774509534    0.80159263191407051275322602077197493682                                           0  0.0094340297342819813396616579282234446359
 -0.99698436144103171597332603358774509534                                           0   -0.80159263191407051275322602077197493682  0.0094340297342819813396616579282234446359
  0.99698436144103171597332603358774509534    0.80159263191407051275322602077197493682                                           0  0.0094340297342819813396616579282234446359
 -0.80159263191407051275322602077197493682                                           0    0.99698436144103171597332603358774509534  0.0094340297342819813396616579282234446359
                                         0   -0.99698436144103171597332603358774509534    0.80159263191407051275322602077197493682  0.0094340297342819813396616579282234446359
 -0.80159263191407051275322602077197493682   -0.99698436144103171597332603358774509534                                           0  0.0094340297342819813396616579282234446359
   0.2766733336289977558525185864473705953    0.71166605735320955627060835987778993738    -0.2766733336289977558525185864473705953   0.055410661340626028619815144790729130889
  -0.2766733336289977558525185864473705953   -0.71166605735320955627060835987778993738     0.2766733336289977558525185864473705953   0.055410661340626028619815144790729130889
  -0.2766733336289977558525185864473705953    0.71166605735320955627060835987778993738    -0.2766733336289977558525185864473705953   0.055410661340626028619815144790729130889
 -0.71166605735320955627060835987778993738    -0.2766733336289977558525185864473705953     0.2766733336289977558525185864473705953   0.055410661340626028619815144790729130889
  -0.2766733336289977558525185864473705953    -0.2766733336289977558525185864473705953    0.71166605735320955627060835987778993738   0.055410661340626028619815144790729130889
  0.71166605735320955627060835987778993738     0.2766733336289977558525185864473705953    -0.2766733336289977558525185864473705953   0.055410661340626028619815144790729130889
   0.2766733336289977558525185864473705953   -0.71166605735320955627060835987778993738    -0.2766733336289977558525185864473705953   0.055410661340626028619815144790729130889
   0.2766733336289977558525185864473705953   -0.71166605735320955627060835987778993738     0.2766733336289977558525185864473705953   0.055410661340626028619815144790729130889
  -0.2766733336289977558525185864473705953   -0.71166605735320955627060835987778993738    -0.2766733336289977558525185864473705953   0.055410661340626028619815144790729130889
   0.2766733336289977558525185864473705953     0.2766733336289977558525185864473705953   -0.71166605735320955627060835987778993738   0.055410661340626028619815144790729130889
 -0.71166605735320955627060835987778993738     0.2766733336289977558525185864473705953    -0.2766733336289977558525185864473705953   0.055410661340626028619815144790729130889
  -0.2766733336289977558525185864473705953     0.2766733336289977558525185864473705953   -0.71166605735320955627060835987778993738   0.055410661340626028619815144790729130889
  -0.2766733336289977558525185864473705953     0.2766733336289977558525185864473705953    0.71166605735320955627060835987778993738   0.055410661340626028619815144790729130889
  -0.2766733336289977558525185864473705953    -0.2766733336289977558525185864473705953   -0.71166605735320955627060835987778993738   0.055410661340626028619815144790729130889
   0.2766733336289977558525185864473705953    -0.2766733336289977558525185864473705953    0.71166605735320955627060835987778993738   0.055410661340626028619815144790729130889
  0.71166605735320955627060835987778993738    -0.2766733336289977558525185864473705953    -0.2766733336289977558525185864473705953   0.055410661340626028619815144790729130889
   0.2766733336289977558525185864473705953    0.71166605735320955627060835987778993738     0.2766733336289977558525185864473705953   0.055410661340626028619815144790729130889
  0.71166605735320955627060835987778993738     0.2766733336289977558525185864473705953     0.2766733336289977558525185864473705953   0.055410661340626028619815144790729130889
  0.71166605735320955627060835987778993738    -0.2766733336289977558525185864473705953     0.2766733336289977558525185864473705953   0.055410661340626028619815144790729130889
 -0.71166605735320955627060835987778993738     0.2766733336289977558525185864473705953     0.2766733336289977558525185864473705953   0.055410661340626028619815144790729130889
   0.2766733336289977558525185864473705953     0.2766733336289977558525185864473705953    0.71166605735320955627060835987778993738   0.055410661340626028619815144790729130889
  -0.2766733336289977558525185864473705953    0.71166605735320955627060835987778993738     0.2766733336289977558525185864473705953   0.055410661340626028619815144790729130889
   0.2766733336289977558525185864473705953    -0.2766733336289977558525185864473705953   -0.71166605735320955627060835987778993738   0.055410661340626028619815144790729130889
 -0.71166605735320955627060835987778993738    -0.2766733336289977558525185864473705953    -0.2766733336289977558525185864473705953   0.055410661340626028619815144790729130889
  0.35299523230663473271132096346691272238    0.97285220611708859620009416974707444339   -0.35299523230663473271132096346691272238   0.021506885495630097472253006074998099744
 -0.35299523230663473271132096346691272238   -0.97285220611708859620009416974707444339    0.35299523230663473271132096346691272238   0.021506885495630097472253006074998099744
 -0.35299523230663473271132096346691272238    0.97285220611708859620009416974707444339   -0.35299523230663473271132096346691272238   0.021506885495630097472253006074998099744
 -0.97285220611708859620009416974707444339   -0.35299523230663473271132096346691272238    0.35299523230663473271132096346691272238   0.021506885495630097472253006074998099744
 -0.35299523230663473271132096346691272238   -0.35299523230663473271132096346691272238    0.97285220611708859620009416974707444339   0.021506885495630097472253006074998099744
  0.97285220611708859620009416974707444339    0.35299523230663473271132096346691272238   -0.35299523230663473271132096346691272238   0.021506885495630097472253006074998099744
  0.35299523230663473271132096346691272238   -0.97285220611708859620009416974707444339   -0.35299523230663473271132096346691272238   0.021506885495630097472253006074998099744
  0.35299523230663473271132096346691272238   -0.97285220611708859620009416974707444339    0.35299523230663473271132096346691272238   0.021506885495630097472253006074998099744
 -0.35299523230663473271132096346691272238   -0.97285220611708859620009416974707444339   -0.35299523230663473271132096346691272238   0.021506885495630097472253006074998099744
  0.35299523230663473271132096346691272238    0.35299523230663473271132096346691272238   -0.97285220611708859620009416974707444339   0.021506885495630097472253006074998099744
 -0.97285220611708859620009416974707444339    0.35299523230663473271132096346691272238   -0.35299523230663473271132096346691272238   0.021506885495630097472253006074998099744
 -0.35299523230663473271132096346691272238    0.35299523230663473271132096346691272238   -0.97285220611708859620009416974707444339   0.021506885495630097472253006074998099744
 -0.35299523230663473271132096346691272238    0.35299523230663473271132096346691272238    0.97285220611708859620009416974707444339   0.021506885495630097472253006074998099744
 -0.35299523230663473271132096346691272238   -0.35299523230663473271132096346691272238   -0.97285220611708859620009416974707444339   0.021506885495630097472253006074998099744
  0.35299523230663473271132096346691272238   -0.35299523230663473271132096346691272238    0.97285220611708859620009416974707444339   0.021506885495630097472253006074998099744
  0.97285220611708859620009416974707444339   -0.35299523230663473271132096346691272238   -0.35299523230663473271132096346691272238   0.021506885495630097472253006074998099744
  0.35299523230663473271132096346691272238    0.97285220611708859620009416974707444339    0.35299523230663473271132096346691272238   0.021506885495630097472253006074998099744
  0.97285220611708859620009416974707444339    0.35299523230663473271132096346691272238    0.35299523230663473271132096346691272238   0.021506885495630097472253006074998099744
  0.97285220611708859620009416974707444339   -0.35299523230663473271132096346691272238    0.35299523230663473271132096346691272238   0.021506885495630097472253006074998099744
 -0.97285220611708859620009416974707444339    0.35299523230663473271132096346691272238    0.35299523230663473271132096346691272238   0.021506885495630097472253006074998099744
  0.35299523230663473271132096346691272238    0.35299523230663473271132096346691272238    0.97285220611708859620009416974707444339   0.021506885495630097472253006074998099744
 -0.35299523230663473271132096346691272238    0.97285220611708859620009416974707444339    0.35299523230663473271132096346691272238   0.021506885495630097472253006074998099744
  0.35299523230663473271132096346691272238   -0.35299523230663473271132096346691272238   -0.97285220611708859620009416974707444339   0.021506885495630097472253006074998099744
 -0.97285220611708859620009416974707444339   -0.35299523230663473271132096346691272238   -0.35299523230663473271132096346691272238   0.021506885495630097472253006074998099744
  0.66973453428082754595541736097568636675    0.96120467591702911326238508300558622857   -0.66973453428082754595541736097568636675   0.017572949676695146122761745910352332672
 -0.66973453428082754595541736097568636675   -0.96120467591702911326238508300558622857    0.66973453428082754595541736097568636675   0.017572949676695146122761745910352332672
 -0.66973453428082754595541736097568636675    0.96120467591702911326238508300558622857   -0.66973453428082754595541736097568636675   0.017572949676695146122761745910352332672
 -0.96120467591702911326238508300558622857   -0.66973453428082754595541736097568636675    0.66973453428082754595541736097568636675   0.017572949676695146122761745910352332672
 -0.66973453428082754595541736097568636675   -0.66973453428082754595541736097568636675    0.96120467591702911326238508300558622857   0.017572949676695146122761745910352332672
  0.96120467591702911326238508300558622857    0.66973453428082754595541736097568636675   -0.66973453428082754595541736097568636675   0.017572949676695146122761745910352332672
  0.66973453428082754595541736097568636675   -0.96120467591702911326238508300558622857   -0.66973453428082754595541736097568636675   0.017572949676695146122761745910352332672
  0.66973453428082754595541736097568636675   -0.96120467591702911326238508300558622857    0.66973453428082754595541736097568636675   0.017572949676695146122761745910352332672
 -0.66973453428082754595541736097568636675   -0.96120467591702911326238508300558622857   -0.66973453428082754595541736097568636675   0.017572949676695146122761745910352332672
  0.66973453428082754595541736097568636675    0.66973453428082754595541736097568636675   -0.96120467591702911326238508300558622857   0.017572949676695146122761745910352332672
 -0.96120467591702911326238508300558622857    0.66973453428082754595541736097568636675   -0.66973453428082754595541736097568636675   0.017572949676695146122761745910352332672
 -0.66973453428082754595541736097568636675    0.66973453428082754595541736097568636675   -0.96120467591702911326238508300558622857   0.017572949676695146122761745910352332672
 -0.66973453428082754595541736097568636675    0.66973453428082754595541736097568636675    0.96120467591702911326238508300558622857   0.017572949676695146122761745910352332672
 -0.66973453428082754595541736097568636675   -0.66973453428082754595541736097568636675   -0.96120467591702911326238508300558622857   0.017572949676695146122761745910352332672
  0.66973453428082754595541736097568636675   -0.66973453428082754595541736097568636675    0.96120467591702911326238508300558622857   0.017572949676695146122761745910352332672
  0.96120467591702911326238508300558622857   -0.66973453428082754595541736097568636675   -0.66973453428082754595541736097568636675   0.017572949676695146122761745910352332672
  0.66973453428082754595541736097568636675    0.96120467591702911326238508300558622857    0.66973453428082754595541736097568636675   0.017572949676695146122761745910352332672
  0.96120467591702911326238508300558622857    0.66973453428082754595541736097568636675    0.66973453428082754595541736097568636675   0.017572949676695146122761745910352332672
  0.96120467591702911326238508300558622857   -0.66973453428082754595541736097568636675    0.66973453428082754595541736097568636675   0.017572949676695146122761745910352332672
 -0.96120467591702911326238508300558622857    0.66973453428082754595541736097568636675    0.66973453428082754595541736097568636675   0.017572949676695146122761745910352332672
  0.66973453428082754595541736097568636675    0.66973453428082754595541736097568636675    0.96120467591702911326238508300558622857   0.017572949676695146122761745910352332672
 -0.66973453428082754595541736097568636675    0.96120467591702911326238508300558622857    0.66973453428082754595541736097568636675   0.017572949676695146122761745910352332672
  0.66973453428082754595541736097568636675   -0.66973453428082754595541736097568636675   -0.96120467591702911326238508300558622857   0.017572949676695146122761745910352332672
 -0.96120467591702911326238508300558622857   -0.66973453428082754595541736097568636675   -0.66973453428082754595541736097568636675   0.017572949676695146122761745910352332672
  0.79475738455728384382357635179656510381     0.4365410239707187597409117096117637468   -0.79475738455728384382357635179656510381   0.030786919649279789727669440510761501536
 -0.79475738455728384382357635179656510381    -0.4365410239707187597409117096117637468    0.79475738455728384382357635179656510381   0.030786919649279789727669440510761501536
 -0.79475738455728384382357635179656510381     0.4365410239707187597409117096117637468   -0.79475738455728384382357635179656510381   0.030786919649279789727669440510761501536
  -0.4365410239707187597409117096117637468   -0.79475738455728384382357635179656510381    0.79475738455728384382357635179656510381   0.030786919649279789727669440510761501536
 -0.79475738455728384382357635179656510381   -0.79475738455728384382357635179656510381     0.4365410239707187597409117096117637468   0.030786919649279789727669440510761501536
   0.4365410239707187597409117096117637468    0.79475738455728384382357635179656510381   -0.79475738455728384382357635179656510381   0.030786919649279789727669440510761501536
  0.79475738455728384382357635179656510381    -0.4365410239707187597409117096117637468   -0.79475738455728384382357635179656510381   0.030786919649279789727669440510761501536
  0.79475738455728384382357635179656510381    -0.4365410239707187597409117096117637468    0.79475738455728384382357635179656510381   0.030786919649279789727669440510761501536
 -0.79475738455728384382357635179656510381    -0.4365410239707187597409117096117637468   -0.79475738455728384382357635179656510381   0.030786919649279789727669440510761501536
  0.79475738455728384382357635179656510381    0.79475738455728384382357635179656510381    -0.4365410239707187597409117096117637468   0.030786919649279789727669440510761501536
  -0.4365410239707187597409117096117637468    0.79475738455728384382357635179656510381   -0.79475738455728384382357635179656510381   0.030786919649279789727669440510761501536
 -0.79475738455728384382357635179656510381    0.79475738455728384382357635179656510381    -0.4365410239707187597409117096117637468   0.030786919649279789727669440510761501536
 -0.79475738455728384382357635179656510381    0.79475738455728384382357635179656510381     0.4365410239707187597409117096117637468   0.030786919649279789727669440510761501536
 -0.79475738455728384382357635179656510381   -0.79475738455728384382357635179656510381    -0.4365410239707187597409117096117637468   0.030786919649279789727669440510761501536
  0.79475738455728384382357635179656510381   -0.79475738455728384382357635179656510381     0.4365410239707187597409117096117637468   0.030786919649279789727669440510761501536
   0.4365410239707187597409117096117637468   -0.79475738455728384382357635179656510381   -0.79475738455728384382357635179656510381   0.030786919649279789727669440510761501536
  0.79475738455728384382357635179656510381     0.4365410239707187597409117096117637468    0.79475738455728384382357635179656510381   0.030786919649279789727669440510761501536
   0.4365410239707187597409117096117637468    0.79475738455728384382357635179656510381    0.79475738455728384382357635179656510381   0.030786919649279789727669440510761501536
   0.4365410239707187597409117096117637468   -0.79475738455728384382357635179656510381    0.79475738455728384382357635179656510381   0.030786919649279789727669440510761501536
  -0.4365410239707187597409117096117637468    0.79475738455728384382357635179656510381    0.79475738455728384382357635179656510381   0.030786919649279789727669440510761501536
  0.79475738455728384382357635179656510381    0.79475738455728384382357635179656510381     0.4365410239707187597409117096117637468   0.030786919649279789727669440510761501536
 -0.79475738455728384382357635179656510381     0.4365410239707187597409117096117637468    0.79475738455728384382357635179656510381   0.030786919649279789727669440510761501536
  0.79475738455728384382357635179656510381   -0.79475738455728384382357635179656510381    -0.4365410239707187597409117096117637468   0.030786919649279789727669440510761501536
  -0.4365410239707187597409117096117637468   -0.79475738455728384382357635179656510381   -0.79475738455728384382357635179656510381   0.030786919649279789727669440510761501536
  0.94023687492012734367761616898948952074     0.4176556964652840904615437840198193351   -0.94023687492012734367761616898948952074   0.011136768436389864600537759907473425967
 -0.94023687492012734367761616898948952074    -0.4176556964652840904615437840198193351    0.94023687492012734367761616898948952074   0.011136768436389864600537759907473425967
 -0.94023687492012734367761616898948952074     0.4176556964652840904615437840198193351   -0.94023687492012734367761616898948952074   0.011136768436389864600537759907473425967
  -0.4176556964652840904615437840198193351   -0.94023687492012734367761616898948952074    0.94023687492012734367761616898948952074   0.011136768436389864600537759907473425967
 -0.94023687492012734367761616898948952074   -0.94023687492012734367761616898948952074     0.4176556964652840904615437840198193351   0.011136768436389864600537759907473425967
   0.4176556964652840904615437840198193351    0.94023687492012734367761616898948952074   -0.94023687492012734367761616898948952074   0.011136768436389864600537759907473425967
  0.94023687492012734367761616898948952074    -0.4176556964652840904615437840198193351   -0.94023687492012734367761616898948952074   0.011136768436389864600537759907473425967
  0.94023687492012734367761616898948952074    -0.4176556964652840904615437840198193351    0.94023687492012734367761616898948952074   0.011136768436389864600537759907473425967
 -0.94023687492012734367761616898948952074    -0.4176556964652840904615437840198193351   -0.94023687492012734367761616898948952074   0.011136768436389864600537759907473425967
  0.94023687492012734367761616898948952074    0.94023687492012734367761616898948952074    -0.4176556964652840904615437840198193351   0.011136768436389864600537759907473425967
  -0.4176556964652840904615437840198193351    0.94023687492012734367761616898948952074   -0.94023687492012734367761616898948952074   0.011136768436389864600537759907473425967
 -0.94023687492012734367761616898948952074    0.94023687492012734367761616898948952074    -0.4176556964652840904615437840198193351   0.011136768436389864600537759907473425967
 -0.94023687492012734367761616898948952074    0.94023687492012734367761616898948952074     0.4176556964652840904615437840198193351   0.011136768436389864600537759907473425967
 -0.94023687492012734367761616898948952074   -0.94023687492012734367761616898948952074    -0.4176556964652840904615437840198193351   0.011136768436389864600537759907473425967
  0.94023687492012734367761616898948952074   -0.94023687492012734367761616898948952074     0.4176556964652840904615437840198193351   0.011136768436389864600537759907473425967
   0.4176556964652840904615437840198193351   -0.94023687492012734367761616898948952074   -0.94023687492012734367761616898948952074   0.011136768436389864600537759907473425967
  0.94023687492012734367761616898948952074     0.4176556964652840904615437840198193351    0.94023687492012734367761616898948952074   0.011136768436389864600537759907473425967
   0.4176556964652840904615437840198193351    0.94023687492012734367761616898948952074    0.94023687492012734367761616898948952074   0.011136768436389864600537759907473425967
   0.4176556964652840904615437840198193351   -0.94023687492012734367761616898948952074    0.94023687492012734367761616898948952074   0.011136768436389864600537759907473425967
  -0.4176556964652840904615437840198193351    0.94023687492012734367761616898948952074    0.94023687492012734367761616898948952074   0.011136768436389864600537759907473425967
  0.94023687492012734367761616898948952074    0.94023687492012734367761616898948952074     0.4176556964652840904615437840198193351   0.011136768436389864600537759907473425967
 -0.94023687492012734367761616898948952074     0.4176556964652840904615437840198193351    0.94023687492012734367761616898948952074   0.011136768436389864600537759907473425967
  0.94023687492012734367761616898948952074   -0.94023687492012734367761616898948952074    -0.4176556964652840904615437840198193351   0.011136768436389864600537759907473425967
  -0.4176556964652840904615437840198193351   -0.94023687492012734367761616898948952074   -0.94023687492012734367761616898948952074   0.011136768436389864600537759907473425967
  0.97588591603147359744076133803114405709    0.80943877522479719983947460443056746408   -0.97588591603147359744076133803114405709  0.0026289161673081139145893990373201275195
 -0.97588591603147359744076133803114405709   -0.80943877522479719983947460443056746408    0.97588591603147359744076133803114405709  0.0026289161673081139145893990373201275195
 -0.97588591603147359744076133803114405709    0.80943877522479719983947460443056746408   -0.97588591603147359744076133803114405709  0.0026289161673081139145893990373201275195
 -0.80943877522479719983947460443056746408   -0.97588591603147359744076133803114405709    0.97588591603147359744076133803114405709  0.0026289161673081139145893990373201275195
 -0.97588591603147359744076133803114405709   -0.97588591603147359744076133803114405709    0.80943877522479719983947460443056746408  0.0026289161673081139145893990373201275195
  0.80943877522479719983947460443056746408    0.97588591603147359744076133803114405709   -0.97588591603147359744076133803114405709  0.0026289161673081139145893990373201275195
  0.97588591603147359744076133803114405709   -0.80943877522479719983947460443056746408   -0.97588591603147359744076133803114405709  0.0026289161673081139145893990373201275195
  0.97588591603147359744076133803114405709   -0.80943877522479719983947460443056746408    0.97588591603147359744076133803114405709  0.0026289161673081139145893990373201275195
 -0.97588591603147359744076133803114405709   -0.80943877522479719983947460443056746408   -0.97588591603147359744076133803114405709  0.0026289161673081139145893990373201275195
  0.97588591603147359744076133803114405709    0.97588591603147359744076133803114405709   -0.80943877522479719983947460443056746408  0.0026289161673081139145893990373201275195
 -0.80943877522479719983947460443056746408    0.97588591603147359744076133803114405709   -0.97588591603147359744076133803114405709  0.0026289161673081139145893990373201275195
 -0.97588591603147359744076133803114405709    0.97588591603147359744076133803114405709   -0.80943877522479719983947460443056746408  0.0026289161673081139145893990373201275195
 -0.97588591603147359744076133803114405709    0.97588591603147359744076133803114405709    0.80943877522479719983947460443056746408  0.0026289161673081139145893990373201275195
 -0.97588591603147359744076133803114405709   -0.97588591603147359744076133803114405709   -0.80943877522479719983947460443056746408  0.0026289161673081139145893990373201275195
  0.97588591603147359744076133803114405709   -0.97588591603147359744076133803114405709    0.80943877522479719983947460443056746408  0.0026289161673081139145893990373201275195
  0.80943877522479719983947460443056746408   -0.97588591603147359744076133803114405709   -0.97588591603147359744076133803114405709  0.0026289161673081139145893990373201275195
  0.97588591603147359744076133803114405709    0.80943877522479719983947460443056746408    0.97588591603147359744076133803114405709  0.0026289161673081139145893990373201275195
  0.80943877522479719983947460443056746408    0.97588591603147359744076133803114405709    0.97588591603147359744076133803114405709  0.0026289161673081139145893990373201275195
  0.80943877522479719983947460443056746408   -0.97588591603147359744076133803114405709    0.97588591603147359744076133803114405709  0.0026289161673081139145893990373201275195
 -0.80943877522479719983947460443056746408    0.97588591603147359744076133803114405709    0.97588591603147359744076133803114405709  0.0026289161673081139145893990373201275195
  0.97588591603147359744076133803114405709    0.97588591603147359744076133803114405709    0.80943877522479719983947460443056746408  0.0026289161673081139145893990373201275195
 -0.97588591603147359744076133803114405709    0.80943877522479719983947460443056746408    0.97588591603147359744076133803114405709  0.0026289161673081139145893990373201275195
  0.97588591603147359744076133803114405709   -0.97588591603147359744076133803114405709   -0.80943877522479719983947460443056746408  0.0026289161673081139145893990373201275195
 -0.80943877522479719983947460443056746408   -0.97588591603147359744076133803114405709   -0.97588591603147359744076133803114405709  0.0026289161673081139145893990373201275195
 -0.59620186439605670665118398826920019166   -0.86371368721929541770483023587911948953     0.1709356983155726091691042729239292588   0.033375880101133068337222980487456168148
 -0.59620186439605670665118398826920019166     0.1709356983155726091691042729239292588   -0.86371368721929541770483023587911948953   0.033375880101133068337222980487456168148
  -0.1709356983155726091691042729239292588   -0.86371368721929541770483023587911948953   -0.59620186439605670665118398826920019166   0.033375880101133068337222980487456168148
   0.1709356983155726091691042729239292588    0.86371368721929541770483023587911948953    0.59620186439605670665118398826920019166   0.033375880101133068337222980487456168148
 -0.86371368721929541770483023587911948953    0.59620186439605670665118398826920019166    -0.1709356983155726091691042729239292588   0.033375880101133068337222980487456168148
  0.86371368721929541770483023587911948953   -0.59620186439605670665118398826920019166     0.1709356983155726091691042729239292588   0.033375880101133068337222980487456168148
  0.86371368721929541770483023587911948953    0.59620186439605670665118398826920019166     0.1709356983155726091691042729239292588   0.033375880101133068337222980487456168148
 -0.59620186439605670665118398826920019166    0.86371368721929541770483023587911948953     0.1709356983155726091691042729239292588   0.033375880101133068337222980487456168148
  0.86371368721929541770483023587911948953     0.1709356983155726091691042729239292588   -0.59620186439605670665118398826920019166   0.033375880101133068337222980487456168148
  0.59620186439605670665118398826920019166    0.86371368721929541770483023587911948953    -0.1709356983155726091691042729239292588   0.033375880101133068337222980487456168148
 -0.59620186439605670665118398826920019166    -0.1709356983155726091691042729239292588   -0.86371368721929541770483023587911948953   0.033375880101133068337222980487456168148
 -0.86371368721929541770483023587911948953    -0.1709356983155726091691042729239292588   -0.59620186439605670665118398826920019166   0.033375880101133068337222980487456168148
   0.1709356983155726091691042729239292588   -0.86371368721929541770483023587911948953    0.59620186439605670665118398826920019166   0.033375880101133068337222980487456168148
  0.86371368721929541770483023587911948953     0.1709356983155726091691042729239292588    0.59620186439605670665118398826920019166   0.033375880101133068337222980487456168148
  -0.1709356983155726091691042729239292588   -0.59620186439605670665118398826920019166    0.86371368721929541770483023587911948953   0.033375880101133068337222980487456168148
  -0.1709356983155726091691042729239292588    0.86371368721929541770483023587911948953    0.59620186439605670665118398826920019166   0.033375880101133068337222980487456168148
  0.59620186439605670665118398826920019166    -0.1709356983155726091691042729239292588    0.86371368721929541770483023587911948953   0.033375880101133068337222980487456168148
  0.59620186439605670665118398826920019166     0.1709356983155726091691042729239292588    0.86371368721929541770483023587911948953   0.033375880101133068337222980487456168148
 -0.86371368721929541770483023587911948953   -0.59620186439605670665118398826920019166    -0.1709356983155726091691042729239292588   0.033375880101133068337222980487456168148
  -0.1709356983155726091691042729239292588    0.59620186439605670665118398826920019166   -0.86371368721929541770483023587911948953   0.033375880101133068337222980487456168148
  -0.1709356983155726091691042729239292588    0.86371368721929541770483023587911948953   -0.59620186439605670665118398826920019166   0.033375880101133068337222980487456168148
  0.86371368721929541770483023587911948953    0.59620186439605670665118398826920019166    -0.1709356983155726091691042729239292588   0.033375880101133068337222980487456168148
   0.1709356983155726091691042729239292588   -0.86371368721929541770483023587911948953   -0.59620186439605670665118398826920019166   0.033375880101133068337222980487456168148
  0.86371368721929541770483023587911948953    -0.1709356983155726091691042729239292588    0.59620186439605670665118398826920019166   0.033375880101133068337222980487456168148
  -0.1709356983155726091691042729239292588   -0.86371368721929541770483023587911948953    0.59620186439605670665118398826920019166   0.033375880101133068337222980487456168148
 -0.59620186439605670665118398826920019166   -0.86371368721929541770483023587911948953    -0.1709356983155726091691042729239292588   0.033375880101133068337222980487456168148
 -0.59620186439605670665118398826920019166    0.86371368721929541770483023587911948953    -0.1709356983155726091691042729239292588   0.033375880101133068337222980487456168148
  0.86371368721929541770483023587911948953   -0.59620186439605670665118398826920019166    -0.1709356983155726091691042729239292588   0.033375880101133068337222980487456168148
 -0.86371368721929541770483023587911948953   -0.59620186439605670665118398826920019166     0.1709356983155726091691042729239292588   0.033375880101133068337222980487456168148
 -0.59620186439605670665118398826920019166     0.1709356983155726091691042729239292588    0.86371368721929541770483023587911948953   0.033375880101133068337222980487456168148
  0.86371368721929541770483023587911948953    -0.1709356983155726091691042729239292588   -0.59620186439605670665118398826920019166   0.033375880101133068337222980487456168148
   0.1709356983155726091691042729239292588    0.59620186439605670665118398826920019166   -0.86371368721929541770483023587911948953   0.033375880101133068337222980487456168148
  -0.1709356983155726091691042729239292588    0.59620186439605670665118398826920019166    0.86371368721929541770483023587911948953   0.033375880101133068337222980487456168148
   0.1709356983155726091691042729239292588   -0.59620186439605670665118398826920019166   -0.86371368721929541770483023587911948953   0.033375880101133068337222980487456168148
  0.59620186439605670665118398826920019166     0.1709356983155726091691042729239292588   -0.86371368721929541770483023587911948953   0.033375880101133068337222980487456168148
  0.59620186439605670665118398826920019166    -0.1709356983155726091691042729239292588   -0.86371368721929541770483023587911948953   0.033375880101133068337222980487456168148
   0.1709356983155726091691042729239292588   -0.59620186439605670665118398826920019166    0.86371368721929541770483023587911948953   0.033375880101133068337222980487456168148
 -0.86371368721929541770483023587911948953     0.1709356983155726091691042729239292588   -0.59620186439605670665118398826920019166   0.033375880101133068337222980487456168148
 -0.86371368721929541770483023587911948953    0.59620186439605670665118398826920019166     0.1709356983155726091691042729239292588   0.033375880101133068337222980487456168148
  -0.1709356983155726091691042729239292588   -0.59620186439605670665118398826920019166   -0.86371368721929541770483023587911948953   0.033375880101133068337222980487456168148
  0.59620186439605670665118398826920019166   -0.86371368721929541770483023587911948953     0.1709356983155726091691042729239292588   0.033375880101133068337222980487456168148
  0.59620186439605670665118398826920019166    0.86371368721929541770483023587911948953     0.1709356983155726091691042729239292588   0.033375880101133068337222980487456168148
   0.1709356983155726091691042729239292588    0.59620186439605670665118398826920019166    0.86371368721929541770483023587911948953   0.033375880101133068337222980487456168148
 -0.86371368721929541770483023587911948953    -0.1709356983155726091691042729239292588    0.59620186439605670665118398826920019166   0.033375880101133068337222980487456168148
 -0.59620186439605670665118398826920019166    -0.1709356983155726091691042729239292588    0.86371368721929541770483023587911948953   0.033375880101133068337222980487456168148
 -0.86371368721929541770483023587911948953     0.1709356983155726091691042729239292588    0.59620186439605670665118398826920019166   0.033375880101133068337222980487456168148
  0.59620186439605670665118398826920019166   -0.86371368721929541770483023587911948953    -0.1709356983155726091691042729239292588   0.033375880101133068337222980487456168148
   0.1709356983155726091691042729239292588    0.86371368721929541770483023587911948953   -0.59620186439605670665118398826920019166   0.033375880101133068337222980487456168148

