-0.98808616118867654860459729594655654482                                          0                                          0   0.20012989098356700695575850638756794678
                                        0                                          0   0.98808616118867654860459729594655654482   0.20012989098356700695575850638756794678
                                        0   0.98808616118867654860459729594655654482                                          0   0.20012989098356700695575850638756794678
                                        0                                          0  -0.98808616118867654860459729594655654482   0.20012989098356700695575850638756794678
 0.98808616118867654860459729594655654482                                          0                                          0   0.20012989098356700695575850638756794678
                                        0  -0.98808616118867654860459729594655654482                                          0   0.20012989098356700695575850638756794678
 0.40795516735831936633080916251520586856  -0.40795516735831936633080916251520586856  -0.40795516735831936633080916251520586856   0.45715385606985274296912190785204854361
-0.40795516735831936633080916251520586856   0.40795516735831936633080916251520586856   0.40795516735831936633080916251520586856   0.45715385606985274296912190785204854361
-0.40795516735831936633080916251520586856   0.40795516735831936633080916251520586856  -0.40795516735831936633080916251520586856   0.45715385606985274296912190785204854361
-0.40795516735831936633080916251520586856  -0.40795516735831936633080916251520586856  -0.40795516735831936633080916251520586856   0.45715385606985274296912190785204854361
-0.40795516735831936633080916251520586856  -0.40795516735831936633080916251520586856   0.40795516735831936633080916251520586856   0.45715385606985274296912190785204854361
 0.40795516735831936633080916251520586856   0.40795516735831936633080916251520586856  -0.40795516735831936633080916251520586856   0.45715385606985274296912190785204854361
 0.40795516735831936633080916251520586856   0.40795516735831936633080916251520586856   0.40795516735831936633080916251520586856   0.45715385606985274296912190785204854361
 0.40795516735831936633080916251520586856  -0.40795516735831936633080916251520586856   0.40795516735831936633080916251520586856   0.45715385606985274296912190785204854361
 0.78110282100411850665136814715928740203  -0.78110282100411850665136814715928740203  -0.78110282100411850665136814715928740203   0.15379614006595869408326783499527494637
-0.78110282100411850665136814715928740203   0.78110282100411850665136814715928740203   0.78110282100411850665136814715928740203   0.15379614006595869408326783499527494637
-0.78110282100411850665136814715928740203   0.78110282100411850665136814715928740203  -0.78110282100411850665136814715928740203   0.15379614006595869408326783499527494637
-0.78110282100411850665136814715928740203  -0.78110282100411850665136814715928740203  -0.78110282100411850665136814715928740203   0.15379614006595869408326783499527494637
-0.78110282100411850665136814715928740203  -0.78110282100411850665136814715928740203   0.78110282100411850665136814715928740203   0.15379614006595869408326783499527494637
 0.78110282100411850665136814715928740203   0.78110282100411850665136814715928740203  -0.78110282100411850665136814715928740203   0.15379614006595869408326783499527494637
 0.78110282100411850665136814715928740203   0.78110282100411850665136814715928740203   0.78110282100411850665136814715928740203   0.15379614006595869408326783499527494637
 0.78110282100411850665136814715928740203  -0.78110282100411850665136814715928740203   0.78110282100411850665136814715928740203   0.15379614006595869408326783499527494637
-0.84805227568403872779622085759407839383  -0.84805227568403872779622085759407839383                                          0   0.15930172375100887182052758490800036662
 0.84805227568403872779622085759407839383                                          0  -0.84805227568403872779622085759407839383   0.15930172375100887182052758490800036662
                                        0   0.84805227568403872779622085759407839383  -0.84805227568403872779622085759407839383   0.15930172375100887182052758490800036662
 0.84805227568403872779622085759407839383   0.84805227568403872779622085759407839383                                          0   0.15930172375100887182052758490800036662
 0.84805227568403872779622085759407839383                                          0   0.84805227568403872779622085759407839383   0.15930172375100887182052758490800036662
                                        0  -0.84805227568403872779622085759407839383   0.84805227568403872779622085759407839383   0.15930172375100887182052758490800036662
                                        0  -0.84805227568403872779622085759407839383  -0.84805227568403872779622085759407839383   0.15930172375100887182052758490800036662
-0.84805227568403872779622085759407839383                                          0   0.84805227568403872779622085759407839383   0.15930172375100887182052758490800036662
-0.84805227568403872779622085759407839383   0.84805227568403872779622085759407839383                                          0   0.15930172375100887182052758490800036662
 0.84805227568403872779622085759407839383  -0.84805227568403872779622085759407839383                                          0   0.15930172375100887182052758490800036662
                                        0   0.84805227568403872779622085759407839383   0.84805227568403872779622085759407839383   0.15930172375100887182052758490800036662
-0.84805227568403872779622085759407839383                                          0  -0.84805227568403872779622085759407839383   0.15930172375100887182052758490800036662
