 -0.41808910296911262580495737340156716981                                           0                                           0    0.15063366553822996919783075629872503471
                                         0                                           0    0.41808910296911262580495737340156716981    0.15063366553822996919783075629872503471
                                         0    0.41808910296911262580495737340156716981                                           0    0.15063366553822996919783075629872503471
                                         0                                           0   -0.41808910296911262580495737340156716981    0.15063366553822996919783075629872503471
  0.41808910296911262580495737340156716981                                           0                                           0    0.15063366553822996919783075629872503471
                                         0   -0.41808910296911262580495737340156716981                                           0    0.15063366553822996919783075629872503471
 -0.99348898061389235344506687279122636612                                           0                                           0   0.028698606071616291938863198571461144849
                                         0                                           0    0.99348898061389235344506687279122636612   0.028698606071616291938863198571461144849
                                         0    0.99348898061389235344506687279122636612                                           0   0.028698606071616291938863198571461144849
                                         0                                           0   -0.99348898061389235344506687279122636612   0.028698606071616291938863198571461144849
  0.99348898061389235344506687279122636612                                           0                                           0   0.028698606071616291938863198571461144849
                                         0   -0.99348898061389235344506687279122636612                                           0   0.028698606071616291938863198571461144849
  0.67141064619206547855296515568422431557   -0.67141064619206547855296515568422431557   -0.67141064619206547855296515568422431557    0.07082980676353061338163486678067102259
 -0.67141064619206547855296515568422431557    0.67141064619206547855296515568422431557    0.67141064619206547855296515568422431557    0.07082980676353061338163486678067102259
 -0.67141064619206547855296515568422431557    0.67141064619206547855296515568422431557   -0.67141064619206547855296515568422431557    0.07082980676353061338163486678067102259
 -0.67141064619206547855296515568422431557   -0.67141064619206547855296515568422431557   -0.67141064619206547855296515568422431557    0.07082980676353061338163486678067102259
 -0.67141064619206547855296515568422431557   -0.67141064619206547855296515568422431557    0.67141064619206547855296515568422431557    0.07082980676353061338163486678067102259
  0.67141064619206547855296515568422431557    0.67141064619206547855296515568422431557   -0.67141064619206547855296515568422431557    0.07082980676353061338163486678067102259
  0.67141064619206547855296515568422431557    0.67141064619206547855296515568422431557    0.67141064619206547855296515568422431557    0.07082980676353061338163486678067102259
  0.67141064619206547855296515568422431557   -0.67141064619206547855296515568422431557    0.67141064619206547855296515568422431557    0.07082980676353061338163486678067102259
  0.89372539423507844099737428728403245991   -0.89372539423507844099737428728403245991   -0.89372539423507844099737428728403245991   0.020742403134045700828018307110357789523
 -0.89372539423507844099737428728403245991    0.89372539423507844099737428728403245991    0.89372539423507844099737428728403245991   0.020742403134045700828018307110357789523
 -0.89372539423507844099737428728403245991    0.89372539423507844099737428728403245991   -0.89372539423507844099737428728403245991   0.020742403134045700828018307110357789523
 -0.89372539423507844099737428728403245991   -0.89372539423507844099737428728403245991   -0.89372539423507844099737428728403245991   0.020742403134045700828018307110357789523
 -0.89372539423507844099737428728403245991   -0.89372539423507844099737428728403245991    0.89372539423507844099737428728403245991   0.020742403134045700828018307110357789523
  0.89372539423507844099737428728403245991    0.89372539423507844099737428728403245991   -0.89372539423507844099737428728403245991   0.020742403134045700828018307110357789523
  0.89372539423507844099737428728403245991    0.89372539423507844099737428728403245991    0.89372539423507844099737428728403245991   0.020742403134045700828018307110357789523
  0.89372539423507844099737428728403245991   -0.89372539423507844099737428728403245991    0.89372539423507844099737428728403245991   0.020742403134045700828018307110357789523
                                         0    0.51568880711009192124776076043947551921    -0.9021257509396791730454635529535242925   0.073394508830556745697078631127714786242
 -0.51568880711009192124776076043947551921                                           0    -0.9021257509396791730454635529535242925   0.073394508830556745697078631127714786242
                                         0     0.9021257509396791730454635529535242925    0.51568880711009192124776076043947551921   0.073394508830556745697078631127714786242
   0.9021257509396791730454635529535242925   -0.51568880711009192124776076043947551921                                           0   0.073394508830556745697078631127714786242
                                         0    0.51568880711009192124776076043947551921     0.9021257509396791730454635529535242925   0.073394508830556745697078631127714786242
                                         0   -0.51568880711009192124776076043947551921     0.9021257509396791730454635529535242925   0.073394508830556745697078631127714786242
  0.51568880711009192124776076043947551921                                           0    -0.9021257509396791730454635529535242925   0.073394508830556745697078631127714786242
                                         0   -0.51568880711009192124776076043947551921    -0.9021257509396791730454635529535242925   0.073394508830556745697078631127714786242
  -0.9021257509396791730454635529535242925                                           0    0.51568880711009192124776076043947551921   0.073394508830556745697078631127714786242
  -0.9021257509396791730454635529535242925   -0.51568880711009192124776076043947551921                                           0   0.073394508830556745697078631127714786242
  0.51568880711009192124776076043947551921     0.9021257509396791730454635529535242925                                           0   0.073394508830556745697078631127714786242
   0.9021257509396791730454635529535242925                                           0    0.51568880711009192124776076043947551921   0.073394508830556745697078631127714786242
                                         0     0.9021257509396791730454635529535242925   -0.51568880711009192124776076043947551921   0.073394508830556745697078631127714786242
   0.9021257509396791730454635529535242925                                           0   -0.51568880711009192124776076043947551921   0.073394508830556745697078631127714786242
                                         0    -0.9021257509396791730454635529535242925   -0.51568880711009192124776076043947551921   0.073394508830556745697078631127714786242
  0.51568880711009192124776076043947551921    -0.9021257509396791730454635529535242925                                           0   0.073394508830556745697078631127714786242
 -0.51568880711009192124776076043947551921     0.9021257509396791730454635529535242925                                           0   0.073394508830556745697078631127714786242
  0.51568880711009192124776076043947551921                                           0     0.9021257509396791730454635529535242925   0.073394508830556745697078631127714786242
  -0.9021257509396791730454635529535242925    0.51568880711009192124776076043947551921                                           0   0.073394508830556745697078631127714786242
  -0.9021257509396791730454635529535242925                                           0   -0.51568880711009192124776076043947551921   0.073394508830556745697078631127714786242
   0.9021257509396791730454635529535242925    0.51568880711009192124776076043947551921                                           0   0.073394508830556745697078631127714786242
 -0.51568880711009192124776076043947551921                                           0     0.9021257509396791730454635529535242925   0.073394508830556745697078631127714786242
                                         0    -0.9021257509396791730454635529535242925    0.51568880711009192124776076043947551921   0.073394508830556745697078631127714786242
 -0.51568880711009192124776076043947551921    -0.9021257509396791730454635529535242925                                           0   0.073394508830556745697078631127714786242
  0.31253085867896993881504164369891941582    0.66534393179454866516369992280250579019   -0.31253085867896993881504164369891941582    0.10982417038713275665595504491861307057
 -0.31253085867896993881504164369891941582   -0.66534393179454866516369992280250579019    0.31253085867896993881504164369891941582    0.10982417038713275665595504491861307057
 -0.31253085867896993881504164369891941582    0.66534393179454866516369992280250579019   -0.31253085867896993881504164369891941582    0.10982417038713275665595504491861307057
 -0.66534393179454866516369992280250579019   -0.31253085867896993881504164369891941582    0.31253085867896993881504164369891941582    0.10982417038713275665595504491861307057
 -0.31253085867896993881504164369891941582   -0.31253085867896993881504164369891941582    0.66534393179454866516369992280250579019    0.10982417038713275665595504491861307057
  0.66534393179454866516369992280250579019    0.31253085867896993881504164369891941582   -0.31253085867896993881504164369891941582    0.10982417038713275665595504491861307057
  0.31253085867896993881504164369891941582   -0.66534393179454866516369992280250579019   -0.31253085867896993881504164369891941582    0.10982417038713275665595504491861307057
  0.31253085867896993881504164369891941582   -0.66534393179454866516369992280250579019    0.31253085867896993881504164369891941582    0.10982417038713275665595504491861307057
 -0.31253085867896993881504164369891941582   -0.66534393179454866516369992280250579019   -0.31253085867896993881504164369891941582    0.10982417038713275665595504491861307057
  0.31253085867896993881504164369891941582    0.31253085867896993881504164369891941582   -0.66534393179454866516369992280250579019    0.10982417038713275665595504491861307057
 -0.66534393179454866516369992280250579019    0.31253085867896993881504164369891941582   -0.31253085867896993881504164369891941582    0.10982417038713275665595504491861307057
 -0.31253085867896993881504164369891941582    0.31253085867896993881504164369891941582   -0.66534393179454866516369992280250579019    0.10982417038713275665595504491861307057
 -0.31253085867896993881504164369891941582    0.31253085867896993881504164369891941582    0.66534393179454866516369992280250579019    0.10982417038713275665595504491861307057
 -0.31253085867896993881504164369891941582   -0.31253085867896993881504164369891941582   -0.66534393179454866516369992280250579019    0.10982417038713275665595504491861307057
  0.31253085867896993881504164369891941582   -0.31253085867896993881504164369891941582    0.66534393179454866516369992280250579019    0.10982417038713275665595504491861307057
  0.66534393179454866516369992280250579019   -0.31253085867896993881504164369891941582   -0.31253085867896993881504164369891941582    0.10982417038713275665595504491861307057
  0.31253085867896993881504164369891941582    0.66534393179454866516369992280250579019    0.31253085867896993881504164369891941582    0.10982417038713275665595504491861307057
  0.66534393179454866516369992280250579019    0.31253085867896993881504164369891941582    0.31253085867896993881504164369891941582    0.10982417038713275665595504491861307057
  0.66534393179454866516369992280250579019   -0.31253085867896993881504164369891941582    0.31253085867896993881504164369891941582    0.10982417038713275665595504491861307057
 -0.66534393179454866516369992280250579019    0.31253085867896993881504164369891941582    0.31253085867896993881504164369891941582    0.10982417038713275665595504491861307057
  0.31253085867896993881504164369891941582    0.31253085867896993881504164369891941582    0.66534393179454866516369992280250579019    0.10982417038713275665595504491861307057
 -0.31253085867896993881504164369891941582    0.66534393179454866516369992280250579019    0.31253085867896993881504164369891941582    0.10982417038713275665595504491861307057
  0.31253085867896993881504164369891941582   -0.31253085867896993881504164369891941582   -0.66534393179454866516369992280250579019    0.10982417038713275665595504491861307057
 -0.66534393179454866516369992280250579019   -0.31253085867896993881504164369891941582   -0.31253085867896993881504164369891941582    0.10982417038713275665595504491861307057
  0.62304374476702047321043826546589482801    0.98874940925006710418212092931781146229   -0.62304374476702047321043826546589482801   0.022752966716089679333253280865559576559
 -0.62304374476702047321043826546589482801   -0.98874940925006710418212092931781146229    0.62304374476702047321043826546589482801   0.022752966716089679333253280865559576559
 -0.62304374476702047321043826546589482801    0.98874940925006710418212092931781146229   -0.62304374476702047321043826546589482801   0.022752966716089679333253280865559576559
 -0.98874940925006710418212092931781146229   -0.62304374476702047321043826546589482801    0.62304374476702047321043826546589482801   0.022752966716089679333253280865559576559
 -0.62304374476702047321043826546589482801   -0.62304374476702047321043826546589482801    0.98874940925006710418212092931781146229   0.022752966716089679333253280865559576559
  0.98874940925006710418212092931781146229    0.62304374476702047321043826546589482801   -0.62304374476702047321043826546589482801   0.022752966716089679333253280865559576559
  0.62304374476702047321043826546589482801   -0.98874940925006710418212092931781146229   -0.62304374476702047321043826546589482801   0.022752966716089679333253280865559576559
  0.62304374476702047321043826546589482801   -0.98874940925006710418212092931781146229    0.62304374476702047321043826546589482801   0.022752966716089679333253280865559576559
 -0.62304374476702047321043826546589482801   -0.98874940925006710418212092931781146229   -0.62304374476702047321043826546589482801   0.022752966716089679333253280865559576559
  0.62304374476702047321043826546589482801    0.62304374476702047321043826546589482801   -0.98874940925006710418212092931781146229   0.022752966716089679333253280865559576559
 -0.98874940925006710418212092931781146229    0.62304374476702047321043826546589482801   -0.62304374476702047321043826546589482801   0.022752966716089679333253280865559576559
 -0.62304374476702047321043826546589482801    0.62304374476702047321043826546589482801   -0.98874940925006710418212092931781146229   0.022752966716089679333253280865559576559
 -0.62304374476702047321043826546589482801    0.62304374476702047321043826546589482801    0.98874940925006710418212092931781146229   0.022752966716089679333253280865559576559
 -0.62304374476702047321043826546589482801   -0.62304374476702047321043826546589482801   -0.98874940925006710418212092931781146229   0.022752966716089679333253280865559576559
  0.62304374476702047321043826546589482801   -0.62304374476702047321043826546589482801    0.98874940925006710418212092931781146229   0.022752966716089679333253280865559576559
  0.98874940925006710418212092931781146229   -0.62304374476702047321043826546589482801   -0.62304374476702047321043826546589482801   0.022752966716089679333253280865559576559
  0.62304374476702047321043826546589482801    0.98874940925006710418212092931781146229    0.62304374476702047321043826546589482801   0.022752966716089679333253280865559576559
  0.98874940925006710418212092931781146229    0.62304374476702047321043826546589482801    0.62304374476702047321043826546589482801   0.022752966716089679333253280865559576559
  0.98874940925006710418212092931781146229   -0.62304374476702047321043826546589482801    0.62304374476702047321043826546589482801   0.022752966716089679333253280865559576559
 -0.98874940925006710418212092931781146229    0.62304374476702047321043826546589482801    0.62304374476702047321043826546589482801   0.022752966716089679333253280865559576559
  0.62304374476702047321043826546589482801    0.62304374476702047321043826546589482801    0.98874940925006710418212092931781146229   0.022752966716089679333253280865559576559
 -0.62304374476702047321043826546589482801    0.98874940925006710418212092931781146229    0.62304374476702047321043826546589482801   0.022752966716089679333253280865559576559
  0.62304374476702047321043826546589482801   -0.62304374476702047321043826546589482801   -0.98874940925006710418212092931781146229   0.022752966716089679333253280865559576559
 -0.98874940925006710418212092931781146229   -0.62304374476702047321043826546589482801   -0.62304374476702047321043826546589482801   0.022752966716089679333253280865559576559
  0.83675879835614733271835849227697559058     0.3051667071004502102570492250612810081   -0.83675879835614733271835849227697559058   0.043533455123935838015239889753261861292
 -0.83675879835614733271835849227697559058    -0.3051667071004502102570492250612810081    0.83675879835614733271835849227697559058   0.043533455123935838015239889753261861292
 -0.83675879835614733271835849227697559058     0.3051667071004502102570492250612810081   -0.83675879835614733271835849227697559058   0.043533455123935838015239889753261861292
  -0.3051667071004502102570492250612810081   -0.83675879835614733271835849227697559058    0.83675879835614733271835849227697559058   0.043533455123935838015239889753261861292
 -0.83675879835614733271835849227697559058   -0.83675879835614733271835849227697559058     0.3051667071004502102570492250612810081   0.043533455123935838015239889753261861292
   0.3051667071004502102570492250612810081    0.83675879835614733271835849227697559058   -0.83675879835614733271835849227697559058   0.043533455123935838015239889753261861292
  0.83675879835614733271835849227697559058    -0.3051667071004502102570492250612810081   -0.83675879835614733271835849227697559058   0.043533455123935838015239889753261861292
  0.83675879835614733271835849227697559058    -0.3051667071004502102570492250612810081    0.83675879835614733271835849227697559058   0.043533455123935838015239889753261861292
 -0.83675879835614733271835849227697559058    -0.3051667071004502102570492250612810081   -0.83675879835614733271835849227697559058   0.043533455123935838015239889753261861292
  0.83675879835614733271835849227697559058    0.83675879835614733271835849227697559058    -0.3051667071004502102570492250612810081   0.043533455123935838015239889753261861292
  -0.3051667071004502102570492250612810081    0.83675879835614733271835849227697559058   -0.83675879835614733271835849227697559058   0.043533455123935838015239889753261861292
 -0.83675879835614733271835849227697559058    0.83675879835614733271835849227697559058    -0.3051667071004502102570492250612810081   0.043533455123935838015239889753261861292
 -0.83675879835614733271835849227697559058    0.83675879835614733271835849227697559058     0.3051667071004502102570492250612810081   0.043533455123935838015239889753261861292
 -0.83675879835614733271835849227697559058   -0.83675879835614733271835849227697559058    -0.3051667071004502102570492250612810081   0.043533455123935838015239889753261861292
  0.83675879835614733271835849227697559058   -0.83675879835614733271835849227697559058     0.3051667071004502102570492250612810081   0.043533455123935838015239889753261861292
   0.3051667071004502102570492250612810081   -0.83675879835614733271835849227697559058   -0.83675879835614733271835849227697559058   0.043533455123935838015239889753261861292
  0.83675879835614733271835849227697559058     0.3051667071004502102570492250612810081    0.83675879835614733271835849227697559058   0.043533455123935838015239889753261861292
   0.3051667071004502102570492250612810081    0.83675879835614733271835849227697559058    0.83675879835614733271835849227697559058   0.043533455123935838015239889753261861292
   0.3051667071004502102570492250612810081   -0.83675879835614733271835849227697559058    0.83675879835614733271835849227697559058   0.043533455123935838015239889753261861292
  -0.3051667071004502102570492250612810081    0.83675879835614733271835849227697559058    0.83675879835614733271835849227697559058   0.043533455123935838015239889753261861292
  0.83675879835614733271835849227697559058    0.83675879835614733271835849227697559058     0.3051667071004502102570492250612810081   0.043533455123935838015239889753261861292
 -0.83675879835614733271835849227697559058     0.3051667071004502102570492250612810081    0.83675879835614733271835849227697559058   0.043533455123935838015239889753261861292
  0.83675879835614733271835849227697559058   -0.83675879835614733271835849227697559058    -0.3051667071004502102570492250612810081   0.043533455123935838015239889753261861292
  -0.3051667071004502102570492250612810081   -0.83675879835614733271835849227697559058   -0.83675879835614733271835849227697559058   0.043533455123935838015239889753261861292
  0.97066864750138926465581063271879680586    0.33744196399702648475752079920660211202   -0.97066864750138926465581063271879680586  0.0084710944072979769444152733202945564052
 -0.97066864750138926465581063271879680586   -0.33744196399702648475752079920660211202    0.97066864750138926465581063271879680586  0.0084710944072979769444152733202945564052
 -0.97066864750138926465581063271879680586    0.33744196399702648475752079920660211202   -0.97066864750138926465581063271879680586  0.0084710944072979769444152733202945564052
 -0.33744196399702648475752079920660211202   -0.97066864750138926465581063271879680586    0.97066864750138926465581063271879680586  0.0084710944072979769444152733202945564052
 -0.97066864750138926465581063271879680586   -0.97066864750138926465581063271879680586    0.33744196399702648475752079920660211202  0.0084710944072979769444152733202945564052
  0.33744196399702648475752079920660211202    0.97066864750138926465581063271879680586   -0.97066864750138926465581063271879680586  0.0084710944072979769444152733202945564052
  0.97066864750138926465581063271879680586   -0.33744196399702648475752079920660211202   -0.97066864750138926465581063271879680586  0.0084710944072979769444152733202945564052
  0.97066864750138926465581063271879680586   -0.33744196399702648475752079920660211202    0.97066864750138926465581063271879680586  0.0084710944072979769444152733202945564052
 -0.97066864750138926465581063271879680586   -0.33744196399702648475752079920660211202   -0.97066864750138926465581063271879680586  0.0084710944072979769444152733202945564052
  0.97066864750138926465581063271879680586    0.97066864750138926465581063271879680586   -0.33744196399702648475752079920660211202  0.0084710944072979769444152733202945564052
 -0.33744196399702648475752079920660211202    0.97066864750138926465581063271879680586   -0.97066864750138926465581063271879680586  0.0084710944072979769444152733202945564052
 -0.97066864750138926465581063271879680586    0.97066864750138926465581063271879680586   -0.33744196399702648475752079920660211202  0.0084710944072979769444152733202945564052
 -0.97066864750138926465581063271879680586    0.97066864750138926465581063271879680586    0.33744196399702648475752079920660211202  0.0084710944072979769444152733202945564052
 -0.97066864750138926465581063271879680586   -0.97066864750138926465581063271879680586   -0.33744196399702648475752079920660211202  0.0084710944072979769444152733202945564052
  0.97066864750138926465581063271879680586   -0.97066864750138926465581063271879680586    0.33744196399702648475752079920660211202  0.0084710944072979769444152733202945564052
  0.33744196399702648475752079920660211202   -0.97066864750138926465581063271879680586   -0.97066864750138926465581063271879680586  0.0084710944072979769444152733202945564052
  0.97066864750138926465581063271879680586    0.33744196399702648475752079920660211202    0.97066864750138926465581063271879680586  0.0084710944072979769444152733202945564052
  0.33744196399702648475752079920660211202    0.97066864750138926465581063271879680586    0.97066864750138926465581063271879680586  0.0084710944072979769444152733202945564052
  0.33744196399702648475752079920660211202   -0.97066864750138926465581063271879680586    0.97066864750138926465581063271879680586  0.0084710944072979769444152733202945564052
 -0.33744196399702648475752079920660211202    0.97066864750138926465581063271879680586    0.97066864750138926465581063271879680586  0.0084710944072979769444152733202945564052
  0.97066864750138926465581063271879680586    0.97066864750138926465581063271879680586    0.33744196399702648475752079920660211202  0.0084710944072979769444152733202945564052
 -0.97066864750138926465581063271879680586    0.33744196399702648475752079920660211202    0.97066864750138926465581063271879680586  0.0084710944072979769444152733202945564052
  0.97066864750138926465581063271879680586   -0.97066864750138926465581063271879680586   -0.33744196399702648475752079920660211202  0.0084710944072979769444152733202945564052
 -0.33744196399702648475752079920660211202   -0.97066864750138926465581063271879680586   -0.97066864750138926465581063271879680586  0.0084710944072979769444152733202945564052

