-0.79582242575422146326454882047613584616                                          0                                          0   0.88642659279778393351800554016620498615
                                        0                                          0   0.79582242575422146326454882047613584616   0.88642659279778393351800554016620498615
                                        0   0.79582242575422146326454882047613584616                                          0   0.88642659279778393351800554016620498615
                                        0                                          0  -0.79582242575422146326454882047613584616   0.88642659279778393351800554016620498615
 0.79582242575422146326454882047613584616                                          0                                          0   0.88642659279778393351800554016620498615
                                        0  -0.79582242575422146326454882047613584616                                          0   0.88642659279778393351800554016620498615
 0.75878691063932814626903427811226742764  -0.75878691063932814626903427811226742764  -0.75878691063932814626903427811226742764   0.33518005540166204986149584487534626039
-0.75878691063932814626903427811226742764   0.75878691063932814626903427811226742764   0.75878691063932814626903427811226742764   0.33518005540166204986149584487534626039
-0.75878691063932814626903427811226742764   0.75878691063932814626903427811226742764  -0.75878691063932814626903427811226742764   0.33518005540166204986149584487534626039
-0.75878691063932814626903427811226742764  -0.75878691063932814626903427811226742764  -0.75878691063932814626903427811226742764   0.33518005540166204986149584487534626039
-0.75878691063932814626903427811226742764  -0.75878691063932814626903427811226742764   0.75878691063932814626903427811226742764   0.33518005540166204986149584487534626039
 0.75878691063932814626903427811226742764   0.75878691063932814626903427811226742764  -0.75878691063932814626903427811226742764   0.33518005540166204986149584487534626039
 0.75878691063932814626903427811226742764   0.75878691063932814626903427811226742764   0.75878691063932814626903427811226742764   0.33518005540166204986149584487534626039
 0.75878691063932814626903427811226742764  -0.75878691063932814626903427811226742764   0.75878691063932814626903427811226742764   0.33518005540166204986149584487534626039
