                                         0                                           0                                           0   0.072771304947741008552915154643434977277
 -0.78986739506293160190687206870005566772                                           0                                           0   0.031178833715146365804373622578362256087
                                         0                                           0    0.78986739506293160190687206870005566772   0.031178833715146365804373622578362256087
                                         0    0.78986739506293160190687206870005566772                                           0   0.031178833715146365804373622578362256087
                                         0                                           0   -0.78986739506293160190687206870005566772   0.031178833715146365804373622578362256087
  0.78986739506293160190687206870005566772                                           0                                           0   0.031178833715146365804373622578362256087
                                         0   -0.78986739506293160190687206870005566772                                           0   0.031178833715146365804373622578362256087
 -0.97804470487729645778216797539596099078                                           0                                           0   0.013134591530499613385573541947345902423
                                         0                                           0    0.97804470487729645778216797539596099078   0.013134591530499613385573541947345902423
                                         0    0.97804470487729645778216797539596099078                                           0   0.013134591530499613385573541947345902423
                                         0                                           0   -0.97804470487729645778216797539596099078   0.013134591530499613385573541947345902423
  0.97804470487729645778216797539596099078                                           0                                           0   0.013134591530499613385573541947345902423
                                         0   -0.97804470487729645778216797539596099078                                           0   0.013134591530499613385573541947345902423
  0.43645118176019064759661289313349261573   -0.43645118176019064759661289313349261573   -0.43645118176019064759661289313349261573   0.034189843891061706062443173142344170218
 -0.43645118176019064759661289313349261573    0.43645118176019064759661289313349261573    0.43645118176019064759661289313349261573   0.034189843891061706062443173142344170218
 -0.43645118176019064759661289313349261573    0.43645118176019064759661289313349261573   -0.43645118176019064759661289313349261573   0.034189843891061706062443173142344170218
 -0.43645118176019064759661289313349261573   -0.43645118176019064759661289313349261573   -0.43645118176019064759661289313349261573   0.034189843891061706062443173142344170218
 -0.43645118176019064759661289313349261573   -0.43645118176019064759661289313349261573    0.43645118176019064759661289313349261573   0.034189843891061706062443173142344170218
  0.43645118176019064759661289313349261573    0.43645118176019064759661289313349261573   -0.43645118176019064759661289313349261573   0.034189843891061706062443173142344170218
  0.43645118176019064759661289313349261573    0.43645118176019064759661289313349261573    0.43645118176019064759661289313349261573   0.034189843891061706062443173142344170218
  0.43645118176019064759661289313349261573   -0.43645118176019064759661289313349261573    0.43645118176019064759661289313349261573   0.034189843891061706062443173142344170218
  0.72586728067717212138392391464128337111   -0.72586728067717212138392391464128337111   -0.72586728067717212138392391464128337111   0.013891260925511263854014992627118288255
 -0.72586728067717212138392391464128337111    0.72586728067717212138392391464128337111    0.72586728067717212138392391464128337111   0.013891260925511263854014992627118288255
 -0.72586728067717212138392391464128337111    0.72586728067717212138392391464128337111   -0.72586728067717212138392391464128337111   0.013891260925511263854014992627118288255
 -0.72586728067717212138392391464128337111   -0.72586728067717212138392391464128337111   -0.72586728067717212138392391464128337111   0.013891260925511263854014992627118288255
 -0.72586728067717212138392391464128337111   -0.72586728067717212138392391464128337111    0.72586728067717212138392391464128337111   0.013891260925511263854014992627118288255
  0.72586728067717212138392391464128337111    0.72586728067717212138392391464128337111   -0.72586728067717212138392391464128337111   0.013891260925511263854014992627118288255
  0.72586728067717212138392391464128337111    0.72586728067717212138392391464128337111    0.72586728067717212138392391464128337111   0.013891260925511263854014992627118288255
  0.72586728067717212138392391464128337111   -0.72586728067717212138392391464128337111    0.72586728067717212138392391464128337111   0.013891260925511263854014992627118288255
  0.83994340047628804382804429401681989827   -0.83994340047628804382804429401681989827   -0.83994340047628804382804429401681989827   0.009185227164506820919160746000280574684
 -0.83994340047628804382804429401681989827    0.83994340047628804382804429401681989827    0.83994340047628804382804429401681989827   0.009185227164506820919160746000280574684
 -0.83994340047628804382804429401681989827    0.83994340047628804382804429401681989827   -0.83994340047628804382804429401681989827   0.009185227164506820919160746000280574684
 -0.83994340047628804382804429401681989827   -0.83994340047628804382804429401681989827   -0.83994340047628804382804429401681989827   0.009185227164506820919160746000280574684
 -0.83994340047628804382804429401681989827   -0.83994340047628804382804429401681989827    0.83994340047628804382804429401681989827   0.009185227164506820919160746000280574684
  0.83994340047628804382804429401681989827    0.83994340047628804382804429401681989827   -0.83994340047628804382804429401681989827   0.009185227164506820919160746000280574684
  0.83994340047628804382804429401681989827    0.83994340047628804382804429401681989827    0.83994340047628804382804429401681989827   0.009185227164506820919160746000280574684
  0.83994340047628804382804429401681989827   -0.83994340047628804382804429401681989827    0.83994340047628804382804429401681989827   0.009185227164506820919160746000280574684
 -0.30440774505081894511843678094408201528   -0.30440774505081894511843678094408201528                                           0    0.04377235737827067518789176058524003732
  0.30440774505081894511843678094408201528                                           0   -0.30440774505081894511843678094408201528    0.04377235737827067518789176058524003732
                                         0    0.30440774505081894511843678094408201528   -0.30440774505081894511843678094408201528    0.04377235737827067518789176058524003732
  0.30440774505081894511843678094408201528    0.30440774505081894511843678094408201528                                           0    0.04377235737827067518789176058524003732
  0.30440774505081894511843678094408201528                                           0    0.30440774505081894511843678094408201528    0.04377235737827067518789176058524003732
                                         0   -0.30440774505081894511843678094408201528    0.30440774505081894511843678094408201528    0.04377235737827067518789176058524003732
                                         0   -0.30440774505081894511843678094408201528   -0.30440774505081894511843678094408201528    0.04377235737827067518789176058524003732
 -0.30440774505081894511843678094408201528                                           0    0.30440774505081894511843678094408201528    0.04377235737827067518789176058524003732
 -0.30440774505081894511843678094408201528    0.30440774505081894511843678094408201528                                           0    0.04377235737827067518789176058524003732
  0.30440774505081894511843678094408201528   -0.30440774505081894511843678094408201528                                           0    0.04377235737827067518789176058524003732
                                         0    0.30440774505081894511843678094408201528    0.30440774505081894511843678094408201528    0.04377235737827067518789176058524003732
 -0.30440774505081894511843678094408201528                                           0   -0.30440774505081894511843678094408201528    0.04377235737827067518789176058524003732
 -0.81711940379668750399769672466318238654   -0.81711940379668750399769672466318238654                                           0   0.013466270089918217489774659428090294938
  0.81711940379668750399769672466318238654                                           0   -0.81711940379668750399769672466318238654   0.013466270089918217489774659428090294938
                                         0    0.81711940379668750399769672466318238654   -0.81711940379668750399769672466318238654   0.013466270089918217489774659428090294938
  0.81711940379668750399769672466318238654    0.81711940379668750399769672466318238654                                           0   0.013466270089918217489774659428090294938
  0.81711940379668750399769672466318238654                                           0    0.81711940379668750399769672466318238654   0.013466270089918217489774659428090294938
                                         0   -0.81711940379668750399769672466318238654    0.81711940379668750399769672466318238654   0.013466270089918217489774659428090294938
                                         0   -0.81711940379668750399769672466318238654   -0.81711940379668750399769672466318238654   0.013466270089918217489774659428090294938
 -0.81711940379668750399769672466318238654                                           0    0.81711940379668750399769672466318238654   0.013466270089918217489774659428090294938
 -0.81711940379668750399769672466318238654    0.81711940379668750399769672466318238654                                           0   0.013466270089918217489774659428090294938
  0.81711940379668750399769672466318238654   -0.81711940379668750399769672466318238654                                           0   0.013466270089918217489774659428090294938
                                         0    0.81711940379668750399769672466318238654    0.81711940379668750399769672466318238654   0.013466270089918217489774659428090294938
 -0.81711940379668750399769672466318238654                                           0   -0.81711940379668750399769672466318238654   0.013466270089918217489774659428090294938
 -0.94640418545010292693053912402632441309   -0.94640418545010292693053912402632441309                                           0  0.0077165659134441198910833295015152144758
  0.94640418545010292693053912402632441309                                           0   -0.94640418545010292693053912402632441309  0.0077165659134441198910833295015152144758
                                         0    0.94640418545010292693053912402632441309   -0.94640418545010292693053912402632441309  0.0077165659134441198910833295015152144758
  0.94640418545010292693053912402632441309    0.94640418545010292693053912402632441309                                           0  0.0077165659134441198910833295015152144758
  0.94640418545010292693053912402632441309                                           0    0.94640418545010292693053912402632441309  0.0077165659134441198910833295015152144758
                                         0   -0.94640418545010292693053912402632441309    0.94640418545010292693053912402632441309  0.0077165659134441198910833295015152144758
                                         0   -0.94640418545010292693053912402632441309   -0.94640418545010292693053912402632441309  0.0077165659134441198910833295015152144758
 -0.94640418545010292693053912402632441309                                           0    0.94640418545010292693053912402632441309  0.0077165659134441198910833295015152144758
 -0.94640418545010292693053912402632441309    0.94640418545010292693053912402632441309                                           0  0.0077165659134441198910833295015152144758
  0.94640418545010292693053912402632441309   -0.94640418545010292693053912402632441309                                           0  0.0077165659134441198910833295015152144758
                                         0    0.94640418545010292693053912402632441309    0.94640418545010292693053912402632441309  0.0077165659134441198910833295015152144758
 -0.94640418545010292693053912402632441309                                           0   -0.94640418545010292693053912402632441309  0.0077165659134441198910833295015152144758
                                         0    0.40113995290876984199243158072492046591   -0.74263396715170338940344644034416750662     0.0366303881460215850314169374456099226
 -0.40113995290876984199243158072492046591                                           0   -0.74263396715170338940344644034416750662     0.0366303881460215850314169374456099226
                                         0    0.74263396715170338940344644034416750662    0.40113995290876984199243158072492046591     0.0366303881460215850314169374456099226
  0.74263396715170338940344644034416750662   -0.40113995290876984199243158072492046591                                           0     0.0366303881460215850314169374456099226
                                         0    0.40113995290876984199243158072492046591    0.74263396715170338940344644034416750662     0.0366303881460215850314169374456099226
                                         0   -0.40113995290876984199243158072492046591    0.74263396715170338940344644034416750662     0.0366303881460215850314169374456099226
  0.40113995290876984199243158072492046591                                           0   -0.74263396715170338940344644034416750662     0.0366303881460215850314169374456099226
                                         0   -0.40113995290876984199243158072492046591   -0.74263396715170338940344644034416750662     0.0366303881460215850314169374456099226
 -0.74263396715170338940344644034416750662                                           0    0.40113995290876984199243158072492046591     0.0366303881460215850314169374456099226
 -0.74263396715170338940344644034416750662   -0.40113995290876984199243158072492046591                                           0     0.0366303881460215850314169374456099226
  0.40113995290876984199243158072492046591    0.74263396715170338940344644034416750662                                           0     0.0366303881460215850314169374456099226
  0.74263396715170338940344644034416750662                                           0    0.40113995290876984199243158072492046591     0.0366303881460215850314169374456099226
                                         0    0.74263396715170338940344644034416750662   -0.40113995290876984199243158072492046591     0.0366303881460215850314169374456099226
  0.74263396715170338940344644034416750662                                           0   -0.40113995290876984199243158072492046591     0.0366303881460215850314169374456099226
                                         0   -0.74263396715170338940344644034416750662   -0.40113995290876984199243158072492046591     0.0366303881460215850314169374456099226
  0.40113995290876984199243158072492046591   -0.74263396715170338940344644034416750662                                           0     0.0366303881460215850314169374456099226
 -0.40113995290876984199243158072492046591    0.74263396715170338940344644034416750662                                           0     0.0366303881460215850314169374456099226
  0.40113995290876984199243158072492046591                                           0    0.74263396715170338940344644034416750662     0.0366303881460215850314169374456099226
 -0.74263396715170338940344644034416750662    0.40113995290876984199243158072492046591                                           0     0.0366303881460215850314169374456099226
 -0.74263396715170338940344644034416750662                                           0   -0.40113995290876984199243158072492046591     0.0366303881460215850314169374456099226
  0.74263396715170338940344644034416750662    0.40113995290876984199243158072492046591                                           0     0.0366303881460215850314169374456099226
 -0.40113995290876984199243158072492046591                                           0    0.74263396715170338940344644034416750662     0.0366303881460215850314169374456099226
                                         0   -0.74263396715170338940344644034416750662    0.40113995290876984199243158072492046591     0.0366303881460215850314169374456099226
 -0.40113995290876984199243158072492046591   -0.74263396715170338940344644034416750662                                           0     0.0366303881460215850314169374456099226
                                         0    0.52144890271620548509193816492557835929   -0.98017747514750555132072692333884017722   0.010139830697996929710414251693038203042
 -0.52144890271620548509193816492557835929                                           0   -0.98017747514750555132072692333884017722   0.010139830697996929710414251693038203042
                                         0    0.98017747514750555132072692333884017722    0.52144890271620548509193816492557835929   0.010139830697996929710414251693038203042
  0.98017747514750555132072692333884017722   -0.52144890271620548509193816492557835929                                           0   0.010139830697996929710414251693038203042
                                         0    0.52144890271620548509193816492557835929    0.98017747514750555132072692333884017722   0.010139830697996929710414251693038203042
                                         0   -0.52144890271620548509193816492557835929    0.98017747514750555132072692333884017722   0.010139830697996929710414251693038203042
  0.52144890271620548509193816492557835929                                           0   -0.98017747514750555132072692333884017722   0.010139830697996929710414251693038203042
                                         0   -0.52144890271620548509193816492557835929   -0.98017747514750555132072692333884017722   0.010139830697996929710414251693038203042
 -0.98017747514750555132072692333884017722                                           0    0.52144890271620548509193816492557835929   0.010139830697996929710414251693038203042
 -0.98017747514750555132072692333884017722   -0.52144890271620548509193816492557835929                                           0   0.010139830697996929710414251693038203042
  0.52144890271620548509193816492557835929    0.98017747514750555132072692333884017722                                           0   0.010139830697996929710414251693038203042
  0.98017747514750555132072692333884017722                                           0    0.52144890271620548509193816492557835929   0.010139830697996929710414251693038203042
                                         0    0.98017747514750555132072692333884017722   -0.52144890271620548509193816492557835929   0.010139830697996929710414251693038203042
  0.98017747514750555132072692333884017722                                           0   -0.52144890271620548509193816492557835929   0.010139830697996929710414251693038203042
                                         0   -0.98017747514750555132072692333884017722   -0.52144890271620548509193816492557835929   0.010139830697996929710414251693038203042
  0.52144890271620548509193816492557835929   -0.98017747514750555132072692333884017722                                           0   0.010139830697996929710414251693038203042
 -0.52144890271620548509193816492557835929    0.98017747514750555132072692333884017722                                           0   0.010139830697996929710414251693038203042
  0.52144890271620548509193816492557835929                                           0    0.98017747514750555132072692333884017722   0.010139830697996929710414251693038203042
 -0.98017747514750555132072692333884017722    0.52144890271620548509193816492557835929                                           0   0.010139830697996929710414251693038203042
 -0.98017747514750555132072692333884017722                                           0   -0.52144890271620548509193816492557835929   0.010139830697996929710414251693038203042
  0.98017747514750555132072692333884017722    0.52144890271620548509193816492557835929                                           0   0.010139830697996929710414251693038203042
 -0.52144890271620548509193816492557835929                                           0    0.98017747514750555132072692333884017722   0.010139830697996929710414251693038203042
                                         0   -0.98017747514750555132072692333884017722    0.52144890271620548509193816492557835929   0.010139830697996929710414251693038203042
 -0.52144890271620548509193816492557835929   -0.98017747514750555132072692333884017722                                           0   0.010139830697996929710414251693038203042
  0.18846901214247753118114238639484059355     0.5399230851955684737095896178274945653   -0.18846901214247753118114238639484059355   0.035058985474837825576840671316913672143
 -0.18846901214247753118114238639484059355    -0.5399230851955684737095896178274945653    0.18846901214247753118114238639484059355   0.035058985474837825576840671316913672143
 -0.18846901214247753118114238639484059355     0.5399230851955684737095896178274945653   -0.18846901214247753118114238639484059355   0.035058985474837825576840671316913672143
  -0.5399230851955684737095896178274945653   -0.18846901214247753118114238639484059355    0.18846901214247753118114238639484059355   0.035058985474837825576840671316913672143
 -0.18846901214247753118114238639484059355   -0.18846901214247753118114238639484059355     0.5399230851955684737095896178274945653   0.035058985474837825576840671316913672143
   0.5399230851955684737095896178274945653    0.18846901214247753118114238639484059355   -0.18846901214247753118114238639484059355   0.035058985474837825576840671316913672143
  0.18846901214247753118114238639484059355    -0.5399230851955684737095896178274945653   -0.18846901214247753118114238639484059355   0.035058985474837825576840671316913672143
  0.18846901214247753118114238639484059355    -0.5399230851955684737095896178274945653    0.18846901214247753118114238639484059355   0.035058985474837825576840671316913672143
 -0.18846901214247753118114238639484059355    -0.5399230851955684737095896178274945653   -0.18846901214247753118114238639484059355   0.035058985474837825576840671316913672143
  0.18846901214247753118114238639484059355    0.18846901214247753118114238639484059355    -0.5399230851955684737095896178274945653   0.035058985474837825576840671316913672143
  -0.5399230851955684737095896178274945653    0.18846901214247753118114238639484059355   -0.18846901214247753118114238639484059355   0.035058985474837825576840671316913672143
 -0.18846901214247753118114238639484059355    0.18846901214247753118114238639484059355    -0.5399230851955684737095896178274945653   0.035058985474837825576840671316913672143
 -0.18846901214247753118114238639484059355    0.18846901214247753118114238639484059355     0.5399230851955684737095896178274945653   0.035058985474837825576840671316913672143
 -0.18846901214247753118114238639484059355   -0.18846901214247753118114238639484059355    -0.5399230851955684737095896178274945653   0.035058985474837825576840671316913672143
  0.18846901214247753118114238639484059355   -0.18846901214247753118114238639484059355     0.5399230851955684737095896178274945653   0.035058985474837825576840671316913672143
   0.5399230851955684737095896178274945653   -0.18846901214247753118114238639484059355   -0.18846901214247753118114238639484059355   0.035058985474837825576840671316913672143
  0.18846901214247753118114238639484059355     0.5399230851955684737095896178274945653    0.18846901214247753118114238639484059355   0.035058985474837825576840671316913672143
   0.5399230851955684737095896178274945653    0.18846901214247753118114238639484059355    0.18846901214247753118114238639484059355   0.035058985474837825576840671316913672143
   0.5399230851955684737095896178274945653   -0.18846901214247753118114238639484059355    0.18846901214247753118114238639484059355   0.035058985474837825576840671316913672143
  -0.5399230851955684737095896178274945653    0.18846901214247753118114238639484059355    0.18846901214247753118114238639484059355   0.035058985474837825576840671316913672143
  0.18846901214247753118114238639484059355    0.18846901214247753118114238639484059355     0.5399230851955684737095896178274945653   0.035058985474837825576840671316913672143
 -0.18846901214247753118114238639484059355     0.5399230851955684737095896178274945653    0.18846901214247753118114238639484059355   0.035058985474837825576840671316913672143
  0.18846901214247753118114238639484059355   -0.18846901214247753118114238639484059355    -0.5399230851955684737095896178274945653   0.035058985474837825576840671316913672143
  -0.5399230851955684737095896178274945653   -0.18846901214247753118114238639484059355   -0.18846901214247753118114238639484059355   0.035058985474837825576840671316913672143
  0.25408272645902645986861092682196686012    0.91094776621537128416929726379105214658   -0.25408272645902645986861092682196686012   0.023995763981055684537959542117003947817
 -0.25408272645902645986861092682196686012   -0.91094776621537128416929726379105214658    0.25408272645902645986861092682196686012   0.023995763981055684537959542117003947817
 -0.25408272645902645986861092682196686012    0.91094776621537128416929726379105214658   -0.25408272645902645986861092682196686012   0.023995763981055684537959542117003947817
 -0.91094776621537128416929726379105214658   -0.25408272645902645986861092682196686012    0.25408272645902645986861092682196686012   0.023995763981055684537959542117003947817
 -0.25408272645902645986861092682196686012   -0.25408272645902645986861092682196686012    0.91094776621537128416929726379105214658   0.023995763981055684537959542117003947817
  0.91094776621537128416929726379105214658    0.25408272645902645986861092682196686012   -0.25408272645902645986861092682196686012   0.023995763981055684537959542117003947817
  0.25408272645902645986861092682196686012   -0.91094776621537128416929726379105214658   -0.25408272645902645986861092682196686012   0.023995763981055684537959542117003947817
  0.25408272645902645986861092682196686012   -0.91094776621537128416929726379105214658    0.25408272645902645986861092682196686012   0.023995763981055684537959542117003947817
 -0.25408272645902645986861092682196686012   -0.91094776621537128416929726379105214658   -0.25408272645902645986861092682196686012   0.023995763981055684537959542117003947817
  0.25408272645902645986861092682196686012    0.25408272645902645986861092682196686012   -0.91094776621537128416929726379105214658   0.023995763981055684537959542117003947817
 -0.91094776621537128416929726379105214658    0.25408272645902645986861092682196686012   -0.25408272645902645986861092682196686012   0.023995763981055684537959542117003947817
 -0.25408272645902645986861092682196686012    0.25408272645902645986861092682196686012   -0.91094776621537128416929726379105214658   0.023995763981055684537959542117003947817
 -0.25408272645902645986861092682196686012    0.25408272645902645986861092682196686012    0.91094776621537128416929726379105214658   0.023995763981055684537959542117003947817
 -0.25408272645902645986861092682196686012   -0.25408272645902645986861092682196686012   -0.91094776621537128416929726379105214658   0.023995763981055684537959542117003947817
  0.25408272645902645986861092682196686012   -0.25408272645902645986861092682196686012    0.91094776621537128416929726379105214658   0.023995763981055684537959542117003947817
  0.91094776621537128416929726379105214658   -0.25408272645902645986861092682196686012   -0.25408272645902645986861092682196686012   0.023995763981055684537959542117003947817
  0.25408272645902645986861092682196686012    0.91094776621537128416929726379105214658    0.25408272645902645986861092682196686012   0.023995763981055684537959542117003947817
  0.91094776621537128416929726379105214658    0.25408272645902645986861092682196686012    0.25408272645902645986861092682196686012   0.023995763981055684537959542117003947817
  0.91094776621537128416929726379105214658   -0.25408272645902645986861092682196686012    0.25408272645902645986861092682196686012   0.023995763981055684537959542117003947817
 -0.91094776621537128416929726379105214658    0.25408272645902645986861092682196686012    0.25408272645902645986861092682196686012   0.023995763981055684537959542117003947817
  0.25408272645902645986861092682196686012    0.25408272645902645986861092682196686012    0.91094776621537128416929726379105214658   0.023995763981055684537959542117003947817
 -0.25408272645902645986861092682196686012    0.91094776621537128416929726379105214658    0.25408272645902645986861092682196686012   0.023995763981055684537959542117003947817
  0.25408272645902645986861092682196686012   -0.25408272645902645986861092682196686012   -0.91094776621537128416929726379105214658   0.023995763981055684537959542117003947817
 -0.91094776621537128416929726379105214658   -0.25408272645902645986861092682196686012   -0.25408272645902645986861092682196686012   0.023995763981055684537959542117003947817
  0.40123097176716859247288002402835923361    0.99146917914214315413156015469581449335   -0.40123097176716859247288002402835923361  0.0050225596937808553256446722655450488877
 -0.40123097176716859247288002402835923361   -0.99146917914214315413156015469581449335    0.40123097176716859247288002402835923361  0.0050225596937808553256446722655450488877
 -0.40123097176716859247288002402835923361    0.99146917914214315413156015469581449335   -0.40123097176716859247288002402835923361  0.0050225596937808553256446722655450488877
 -0.99146917914214315413156015469581449335   -0.40123097176716859247288002402835923361    0.40123097176716859247288002402835923361  0.0050225596937808553256446722655450488877
 -0.40123097176716859247288002402835923361   -0.40123097176716859247288002402835923361    0.99146917914214315413156015469581449335  0.0050225596937808553256446722655450488877
  0.99146917914214315413156015469581449335    0.40123097176716859247288002402835923361   -0.40123097176716859247288002402835923361  0.0050225596937808553256446722655450488877
  0.40123097176716859247288002402835923361   -0.99146917914214315413156015469581449335   -0.40123097176716859247288002402835923361  0.0050225596937808553256446722655450488877
  0.40123097176716859247288002402835923361   -0.99146917914214315413156015469581449335    0.40123097176716859247288002402835923361  0.0050225596937808553256446722655450488877
 -0.40123097176716859247288002402835923361   -0.99146917914214315413156015469581449335   -0.40123097176716859247288002402835923361  0.0050225596937808553256446722655450488877
  0.40123097176716859247288002402835923361    0.40123097176716859247288002402835923361   -0.99146917914214315413156015469581449335  0.0050225596937808553256446722655450488877
 -0.99146917914214315413156015469581449335    0.40123097176716859247288002402835923361   -0.40123097176716859247288002402835923361  0.0050225596937808553256446722655450488877
 -0.40123097176716859247288002402835923361    0.40123097176716859247288002402835923361   -0.99146917914214315413156015469581449335  0.0050225596937808553256446722655450488877
 -0.40123097176716859247288002402835923361    0.40123097176716859247288002402835923361    0.99146917914214315413156015469581449335  0.0050225596937808553256446722655450488877
 -0.40123097176716859247288002402835923361   -0.40123097176716859247288002402835923361   -0.99146917914214315413156015469581449335  0.0050225596937808553256446722655450488877
  0.40123097176716859247288002402835923361   -0.40123097176716859247288002402835923361    0.99146917914214315413156015469581449335  0.0050225596937808553256446722655450488877
  0.99146917914214315413156015469581449335   -0.40123097176716859247288002402835923361   -0.40123097176716859247288002402835923361  0.0050225596937808553256446722655450488877
  0.40123097176716859247288002402835923361    0.99146917914214315413156015469581449335    0.40123097176716859247288002402835923361  0.0050225596937808553256446722655450488877
  0.99146917914214315413156015469581449335    0.40123097176716859247288002402835923361    0.40123097176716859247288002402835923361  0.0050225596937808553256446722655450488877
  0.99146917914214315413156015469581449335   -0.40123097176716859247288002402835923361    0.40123097176716859247288002402835923361  0.0050225596937808553256446722655450488877
 -0.99146917914214315413156015469581449335    0.40123097176716859247288002402835923361    0.40123097176716859247288002402835923361  0.0050225596937808553256446722655450488877
  0.40123097176716859247288002402835923361    0.40123097176716859247288002402835923361    0.99146917914214315413156015469581449335  0.0050225596937808553256446722655450488877
 -0.40123097176716859247288002402835923361    0.99146917914214315413156015469581449335    0.40123097176716859247288002402835923361  0.0050225596937808553256446722655450488877
  0.40123097176716859247288002402835923361   -0.40123097176716859247288002402835923361   -0.99146917914214315413156015469581449335  0.0050225596937808553256446722655450488877
 -0.99146917914214315413156015469581449335   -0.40123097176716859247288002402835923361   -0.40123097176716859247288002402835923361  0.0050225596937808553256446722655450488877
  0.43793571065904192163806430957028719407     0.7850293365949189539950009047145001065   -0.43793571065904192163806430957028719407   0.021651609793521839916035900584569966888
 -0.43793571065904192163806430957028719407    -0.7850293365949189539950009047145001065    0.43793571065904192163806430957028719407   0.021651609793521839916035900584569966888
 -0.43793571065904192163806430957028719407     0.7850293365949189539950009047145001065   -0.43793571065904192163806430957028719407   0.021651609793521839916035900584569966888
  -0.7850293365949189539950009047145001065   -0.43793571065904192163806430957028719407    0.43793571065904192163806430957028719407   0.021651609793521839916035900584569966888
 -0.43793571065904192163806430957028719407   -0.43793571065904192163806430957028719407     0.7850293365949189539950009047145001065   0.021651609793521839916035900584569966888
   0.7850293365949189539950009047145001065    0.43793571065904192163806430957028719407   -0.43793571065904192163806430957028719407   0.021651609793521839916035900584569966888
  0.43793571065904192163806430957028719407    -0.7850293365949189539950009047145001065   -0.43793571065904192163806430957028719407   0.021651609793521839916035900584569966888
  0.43793571065904192163806430957028719407    -0.7850293365949189539950009047145001065    0.43793571065904192163806430957028719407   0.021651609793521839916035900584569966888
 -0.43793571065904192163806430957028719407    -0.7850293365949189539950009047145001065   -0.43793571065904192163806430957028719407   0.021651609793521839916035900584569966888
  0.43793571065904192163806430957028719407    0.43793571065904192163806430957028719407    -0.7850293365949189539950009047145001065   0.021651609793521839916035900584569966888
  -0.7850293365949189539950009047145001065    0.43793571065904192163806430957028719407   -0.43793571065904192163806430957028719407   0.021651609793521839916035900584569966888
 -0.43793571065904192163806430957028719407    0.43793571065904192163806430957028719407    -0.7850293365949189539950009047145001065   0.021651609793521839916035900584569966888
 -0.43793571065904192163806430957028719407    0.43793571065904192163806430957028719407     0.7850293365949189539950009047145001065   0.021651609793521839916035900584569966888
 -0.43793571065904192163806430957028719407   -0.43793571065904192163806430957028719407    -0.7850293365949189539950009047145001065   0.021651609793521839916035900584569966888
  0.43793571065904192163806430957028719407   -0.43793571065904192163806430957028719407     0.7850293365949189539950009047145001065   0.021651609793521839916035900584569966888
   0.7850293365949189539950009047145001065   -0.43793571065904192163806430957028719407   -0.43793571065904192163806430957028719407   0.021651609793521839916035900584569966888
  0.43793571065904192163806430957028719407     0.7850293365949189539950009047145001065    0.43793571065904192163806430957028719407   0.021651609793521839916035900584569966888
   0.7850293365949189539950009047145001065    0.43793571065904192163806430957028719407    0.43793571065904192163806430957028719407   0.021651609793521839916035900584569966888
   0.7850293365949189539950009047145001065   -0.43793571065904192163806430957028719407    0.43793571065904192163806430957028719407   0.021651609793521839916035900584569966888
  -0.7850293365949189539950009047145001065    0.43793571065904192163806430957028719407    0.43793571065904192163806430957028719407   0.021651609793521839916035900584569966888
  0.43793571065904192163806430957028719407    0.43793571065904192163806430957028719407     0.7850293365949189539950009047145001065   0.021651609793521839916035900584569966888
 -0.43793571065904192163806430957028719407     0.7850293365949189539950009047145001065    0.43793571065904192163806430957028719407   0.021651609793521839916035900584569966888
  0.43793571065904192163806430957028719407   -0.43793571065904192163806430957028719407    -0.7850293365949189539950009047145001065   0.021651609793521839916035900584569966888
  -0.7850293365949189539950009047145001065   -0.43793571065904192163806430957028719407   -0.43793571065904192163806430957028719407   0.021651609793521839916035900584569966888
  0.57986863163072294669051860790058190014    0.93476629970718891342634456332550163689   -0.57986863163072294669051860790058190014   0.014356317641190951057483384741190285077
 -0.57986863163072294669051860790058190014   -0.93476629970718891342634456332550163689    0.57986863163072294669051860790058190014   0.014356317641190951057483384741190285077
 -0.57986863163072294669051860790058190014    0.93476629970718891342634456332550163689   -0.57986863163072294669051860790058190014   0.014356317641190951057483384741190285077
 -0.93476629970718891342634456332550163689   -0.57986863163072294669051860790058190014    0.57986863163072294669051860790058190014   0.014356317641190951057483384741190285077
 -0.57986863163072294669051860790058190014   -0.57986863163072294669051860790058190014    0.93476629970718891342634456332550163689   0.014356317641190951057483384741190285077
  0.93476629970718891342634456332550163689    0.57986863163072294669051860790058190014   -0.57986863163072294669051860790058190014   0.014356317641190951057483384741190285077
  0.57986863163072294669051860790058190014   -0.93476629970718891342634456332550163689   -0.57986863163072294669051860790058190014   0.014356317641190951057483384741190285077
  0.57986863163072294669051860790058190014   -0.93476629970718891342634456332550163689    0.57986863163072294669051860790058190014   0.014356317641190951057483384741190285077
 -0.57986863163072294669051860790058190014   -0.93476629970718891342634456332550163689   -0.57986863163072294669051860790058190014   0.014356317641190951057483384741190285077
  0.57986863163072294669051860790058190014    0.57986863163072294669051860790058190014   -0.93476629970718891342634456332550163689   0.014356317641190951057483384741190285077
 -0.93476629970718891342634456332550163689    0.57986863163072294669051860790058190014   -0.57986863163072294669051860790058190014   0.014356317641190951057483384741190285077
 -0.57986863163072294669051860790058190014    0.57986863163072294669051860790058190014   -0.93476629970718891342634456332550163689   0.014356317641190951057483384741190285077
 -0.57986863163072294669051860790058190014    0.57986863163072294669051860790058190014    0.93476629970718891342634456332550163689   0.014356317641190951057483384741190285077
 -0.57986863163072294669051860790058190014   -0.57986863163072294669051860790058190014   -0.93476629970718891342634456332550163689   0.014356317641190951057483384741190285077
  0.57986863163072294669051860790058190014   -0.57986863163072294669051860790058190014    0.93476629970718891342634456332550163689   0.014356317641190951057483384741190285077
  0.93476629970718891342634456332550163689   -0.57986863163072294669051860790058190014   -0.57986863163072294669051860790058190014   0.014356317641190951057483384741190285077
  0.57986863163072294669051860790058190014    0.93476629970718891342634456332550163689    0.57986863163072294669051860790058190014   0.014356317641190951057483384741190285077
  0.93476629970718891342634456332550163689    0.57986863163072294669051860790058190014    0.57986863163072294669051860790058190014   0.014356317641190951057483384741190285077
  0.93476629970718891342634456332550163689   -0.57986863163072294669051860790058190014    0.57986863163072294669051860790058190014   0.014356317641190951057483384741190285077
 -0.93476629970718891342634456332550163689    0.57986863163072294669051860790058190014    0.57986863163072294669051860790058190014   0.014356317641190951057483384741190285077
  0.57986863163072294669051860790058190014    0.57986863163072294669051860790058190014    0.93476629970718891342634456332550163689   0.014356317641190951057483384741190285077
 -0.57986863163072294669051860790058190014    0.93476629970718891342634456332550163689    0.57986863163072294669051860790058190014   0.014356317641190951057483384741190285077
  0.57986863163072294669051860790058190014   -0.57986863163072294669051860790058190014   -0.93476629970718891342634456332550163689   0.014356317641190951057483384741190285077
 -0.93476629970718891342634456332550163689   -0.57986863163072294669051860790058190014   -0.57986863163072294669051860790058190014   0.014356317641190951057483384741190285077
  0.59642401677878891318775935350833045878    0.23104735620900900535350728700740200373   -0.59642401677878891318775935350833045878   0.031552376481032753435537004972342810987
 -0.59642401677878891318775935350833045878   -0.23104735620900900535350728700740200373    0.59642401677878891318775935350833045878   0.031552376481032753435537004972342810987
 -0.59642401677878891318775935350833045878    0.23104735620900900535350728700740200373   -0.59642401677878891318775935350833045878   0.031552376481032753435537004972342810987
 -0.23104735620900900535350728700740200373   -0.59642401677878891318775935350833045878    0.59642401677878891318775935350833045878   0.031552376481032753435537004972342810987
 -0.59642401677878891318775935350833045878   -0.59642401677878891318775935350833045878    0.23104735620900900535350728700740200373   0.031552376481032753435537004972342810987
  0.23104735620900900535350728700740200373    0.59642401677878891318775935350833045878   -0.59642401677878891318775935350833045878   0.031552376481032753435537004972342810987
  0.59642401677878891318775935350833045878   -0.23104735620900900535350728700740200373   -0.59642401677878891318775935350833045878   0.031552376481032753435537004972342810987
  0.59642401677878891318775935350833045878   -0.23104735620900900535350728700740200373    0.59642401677878891318775935350833045878   0.031552376481032753435537004972342810987
 -0.59642401677878891318775935350833045878   -0.23104735620900900535350728700740200373   -0.59642401677878891318775935350833045878   0.031552376481032753435537004972342810987
  0.59642401677878891318775935350833045878    0.59642401677878891318775935350833045878   -0.23104735620900900535350728700740200373   0.031552376481032753435537004972342810987
 -0.23104735620900900535350728700740200373    0.59642401677878891318775935350833045878   -0.59642401677878891318775935350833045878   0.031552376481032753435537004972342810987
 -0.59642401677878891318775935350833045878    0.59642401677878891318775935350833045878   -0.23104735620900900535350728700740200373   0.031552376481032753435537004972342810987
 -0.59642401677878891318775935350833045878    0.59642401677878891318775935350833045878    0.23104735620900900535350728700740200373   0.031552376481032753435537004972342810987
 -0.59642401677878891318775935350833045878   -0.59642401677878891318775935350833045878   -0.23104735620900900535350728700740200373   0.031552376481032753435537004972342810987
  0.59642401677878891318775935350833045878   -0.59642401677878891318775935350833045878    0.23104735620900900535350728700740200373   0.031552376481032753435537004972342810987
  0.23104735620900900535350728700740200373   -0.59642401677878891318775935350833045878   -0.59642401677878891318775935350833045878   0.031552376481032753435537004972342810987
  0.59642401677878891318775935350833045878    0.23104735620900900535350728700740200373    0.59642401677878891318775935350833045878   0.031552376481032753435537004972342810987
  0.23104735620900900535350728700740200373    0.59642401677878891318775935350833045878    0.59642401677878891318775935350833045878   0.031552376481032753435537004972342810987
  0.23104735620900900535350728700740200373   -0.59642401677878891318775935350833045878    0.59642401677878891318775935350833045878   0.031552376481032753435537004972342810987
 -0.23104735620900900535350728700740200373    0.59642401677878891318775935350833045878    0.59642401677878891318775935350833045878   0.031552376481032753435537004972342810987
  0.59642401677878891318775935350833045878    0.59642401677878891318775935350833045878    0.23104735620900900535350728700740200373   0.031552376481032753435537004972342810987
 -0.59642401677878891318775935350833045878    0.23104735620900900535350728700740200373    0.59642401677878891318775935350833045878   0.031552376481032753435537004972342810987
  0.59642401677878891318775935350833045878   -0.59642401677878891318775935350833045878   -0.23104735620900900535350728700740200373   0.031552376481032753435537004972342810987
 -0.23104735620900900535350728700740200373   -0.59642401677878891318775935350833045878   -0.59642401677878891318775935350833045878   0.031552376481032753435537004972342810987
  0.72896039170390866998026220331086769355    0.47628633392839473886595866169942936873   -0.72896039170390866998026220331086769355   0.017140259006338021373687679881338348923
 -0.72896039170390866998026220331086769355   -0.47628633392839473886595866169942936873    0.72896039170390866998026220331086769355   0.017140259006338021373687679881338348923
 -0.72896039170390866998026220331086769355    0.47628633392839473886595866169942936873   -0.72896039170390866998026220331086769355   0.017140259006338021373687679881338348923
 -0.47628633392839473886595866169942936873   -0.72896039170390866998026220331086769355    0.72896039170390866998026220331086769355   0.017140259006338021373687679881338348923
 -0.72896039170390866998026220331086769355   -0.72896039170390866998026220331086769355    0.47628633392839473886595866169942936873   0.017140259006338021373687679881338348923
  0.47628633392839473886595866169942936873    0.72896039170390866998026220331086769355   -0.72896039170390866998026220331086769355   0.017140259006338021373687679881338348923
  0.72896039170390866998026220331086769355   -0.47628633392839473886595866169942936873   -0.72896039170390866998026220331086769355   0.017140259006338021373687679881338348923
  0.72896039170390866998026220331086769355   -0.47628633392839473886595866169942936873    0.72896039170390866998026220331086769355   0.017140259006338021373687679881338348923
 -0.72896039170390866998026220331086769355   -0.47628633392839473886595866169942936873   -0.72896039170390866998026220331086769355   0.017140259006338021373687679881338348923
  0.72896039170390866998026220331086769355    0.72896039170390866998026220331086769355   -0.47628633392839473886595866169942936873   0.017140259006338021373687679881338348923
 -0.47628633392839473886595866169942936873    0.72896039170390866998026220331086769355   -0.72896039170390866998026220331086769355   0.017140259006338021373687679881338348923
 -0.72896039170390866998026220331086769355    0.72896039170390866998026220331086769355   -0.47628633392839473886595866169942936873   0.017140259006338021373687679881338348923
 -0.72896039170390866998026220331086769355    0.72896039170390866998026220331086769355    0.47628633392839473886595866169942936873   0.017140259006338021373687679881338348923
 -0.72896039170390866998026220331086769355   -0.72896039170390866998026220331086769355   -0.47628633392839473886595866169942936873   0.017140259006338021373687679881338348923
  0.72896039170390866998026220331086769355   -0.72896039170390866998026220331086769355    0.47628633392839473886595866169942936873   0.017140259006338021373687679881338348923
  0.47628633392839473886595866169942936873   -0.72896039170390866998026220331086769355   -0.72896039170390866998026220331086769355   0.017140259006338021373687679881338348923
  0.72896039170390866998026220331086769355    0.47628633392839473886595866169942936873    0.72896039170390866998026220331086769355   0.017140259006338021373687679881338348923
  0.47628633392839473886595866169942936873    0.72896039170390866998026220331086769355    0.72896039170390866998026220331086769355   0.017140259006338021373687679881338348923
  0.47628633392839473886595866169942936873   -0.72896039170390866998026220331086769355    0.72896039170390866998026220331086769355   0.017140259006338021373687679881338348923
 -0.47628633392839473886595866169942936873    0.72896039170390866998026220331086769355    0.72896039170390866998026220331086769355   0.017140259006338021373687679881338348923
  0.72896039170390866998026220331086769355    0.72896039170390866998026220331086769355    0.47628633392839473886595866169942936873   0.017140259006338021373687679881338348923
 -0.72896039170390866998026220331086769355    0.47628633392839473886595866169942936873    0.72896039170390866998026220331086769355   0.017140259006338021373687679881338348923
  0.72896039170390866998026220331086769355   -0.72896039170390866998026220331086769355   -0.47628633392839473886595866169942936873   0.017140259006338021373687679881338348923
 -0.47628633392839473886595866169942936873   -0.72896039170390866998026220331086769355   -0.72896039170390866998026220331086769355   0.017140259006338021373687679881338348923
  0.73639673843818354282058806817136295686    0.98468813550216909123404650444002862223   -0.73639673843818354282058806817136295686  0.0044483056981698146711643765579841305569
 -0.73639673843818354282058806817136295686   -0.98468813550216909123404650444002862223    0.73639673843818354282058806817136295686  0.0044483056981698146711643765579841305569
 -0.73639673843818354282058806817136295686    0.98468813550216909123404650444002862223   -0.73639673843818354282058806817136295686  0.0044483056981698146711643765579841305569
 -0.98468813550216909123404650444002862223   -0.73639673843818354282058806817136295686    0.73639673843818354282058806817136295686  0.0044483056981698146711643765579841305569
 -0.73639673843818354282058806817136295686   -0.73639673843818354282058806817136295686    0.98468813550216909123404650444002862223  0.0044483056981698146711643765579841305569
  0.98468813550216909123404650444002862223    0.73639673843818354282058806817136295686   -0.73639673843818354282058806817136295686  0.0044483056981698146711643765579841305569
  0.73639673843818354282058806817136295686   -0.98468813550216909123404650444002862223   -0.73639673843818354282058806817136295686  0.0044483056981698146711643765579841305569
  0.73639673843818354282058806817136295686   -0.98468813550216909123404650444002862223    0.73639673843818354282058806817136295686  0.0044483056981698146711643765579841305569
 -0.73639673843818354282058806817136295686   -0.98468813550216909123404650444002862223   -0.73639673843818354282058806817136295686  0.0044483056981698146711643765579841305569
  0.73639673843818354282058806817136295686    0.73639673843818354282058806817136295686   -0.98468813550216909123404650444002862223  0.0044483056981698146711643765579841305569
 -0.98468813550216909123404650444002862223    0.73639673843818354282058806817136295686   -0.73639673843818354282058806817136295686  0.0044483056981698146711643765579841305569
 -0.73639673843818354282058806817136295686    0.73639673843818354282058806817136295686   -0.98468813550216909123404650444002862223  0.0044483056981698146711643765579841305569
 -0.73639673843818354282058806817136295686    0.73639673843818354282058806817136295686    0.98468813550216909123404650444002862223  0.0044483056981698146711643765579841305569
 -0.73639673843818354282058806817136295686   -0.73639673843818354282058806817136295686   -0.98468813550216909123404650444002862223  0.0044483056981698146711643765579841305569
  0.73639673843818354282058806817136295686   -0.73639673843818354282058806817136295686    0.98468813550216909123404650444002862223  0.0044483056981698146711643765579841305569
  0.98468813550216909123404650444002862223   -0.73639673843818354282058806817136295686   -0.73639673843818354282058806817136295686  0.0044483056981698146711643765579841305569
  0.73639673843818354282058806817136295686    0.98468813550216909123404650444002862223    0.73639673843818354282058806817136295686  0.0044483056981698146711643765579841305569
  0.98468813550216909123404650444002862223    0.73639673843818354282058806817136295686    0.73639673843818354282058806817136295686  0.0044483056981698146711643765579841305569
  0.98468813550216909123404650444002862223   -0.73639673843818354282058806817136295686    0.73639673843818354282058806817136295686  0.0044483056981698146711643765579841305569
 -0.98468813550216909123404650444002862223    0.73639673843818354282058806817136295686    0.73639673843818354282058806817136295686  0.0044483056981698146711643765579841305569
  0.73639673843818354282058806817136295686    0.73639673843818354282058806817136295686    0.98468813550216909123404650444002862223  0.0044483056981698146711643765579841305569
 -0.73639673843818354282058806817136295686    0.98468813550216909123404650444002862223    0.73639673843818354282058806817136295686  0.0044483056981698146711643765579841305569
  0.73639673843818354282058806817136295686   -0.73639673843818354282058806817136295686   -0.98468813550216909123404650444002862223  0.0044483056981698146711643765579841305569
 -0.98468813550216909123404650444002862223   -0.73639673843818354282058806817136295686   -0.73639673843818354282058806817136295686  0.0044483056981698146711643765579841305569
  0.87871981680822287960089612691486359275    0.51234311256973878102804507275125720756   -0.87871981680822287960089612691486359275   0.011499346041862465293175698929921665014
 -0.87871981680822287960089612691486359275   -0.51234311256973878102804507275125720756    0.87871981680822287960089612691486359275   0.011499346041862465293175698929921665014
 -0.87871981680822287960089612691486359275    0.51234311256973878102804507275125720756   -0.87871981680822287960089612691486359275   0.011499346041862465293175698929921665014
 -0.51234311256973878102804507275125720756   -0.87871981680822287960089612691486359275    0.87871981680822287960089612691486359275   0.011499346041862465293175698929921665014
 -0.87871981680822287960089612691486359275   -0.87871981680822287960089612691486359275    0.51234311256973878102804507275125720756   0.011499346041862465293175698929921665014
  0.51234311256973878102804507275125720756    0.87871981680822287960089612691486359275   -0.87871981680822287960089612691486359275   0.011499346041862465293175698929921665014
  0.87871981680822287960089612691486359275   -0.51234311256973878102804507275125720756   -0.87871981680822287960089612691486359275   0.011499346041862465293175698929921665014
  0.87871981680822287960089612691486359275   -0.51234311256973878102804507275125720756    0.87871981680822287960089612691486359275   0.011499346041862465293175698929921665014
 -0.87871981680822287960089612691486359275   -0.51234311256973878102804507275125720756   -0.87871981680822287960089612691486359275   0.011499346041862465293175698929921665014
  0.87871981680822287960089612691486359275    0.87871981680822287960089612691486359275   -0.51234311256973878102804507275125720756   0.011499346041862465293175698929921665014
 -0.51234311256973878102804507275125720756    0.87871981680822287960089612691486359275   -0.87871981680822287960089612691486359275   0.011499346041862465293175698929921665014
 -0.87871981680822287960089612691486359275    0.87871981680822287960089612691486359275   -0.51234311256973878102804507275125720756   0.011499346041862465293175698929921665014
 -0.87871981680822287960089612691486359275    0.87871981680822287960089612691486359275    0.51234311256973878102804507275125720756   0.011499346041862465293175698929921665014
 -0.87871981680822287960089612691486359275   -0.87871981680822287960089612691486359275   -0.51234311256973878102804507275125720756   0.011499346041862465293175698929921665014
  0.87871981680822287960089612691486359275   -0.87871981680822287960089612691486359275    0.51234311256973878102804507275125720756   0.011499346041862465293175698929921665014
  0.51234311256973878102804507275125720756   -0.87871981680822287960089612691486359275   -0.87871981680822287960089612691486359275   0.011499346041862465293175698929921665014
  0.87871981680822287960089612691486359275    0.51234311256973878102804507275125720756    0.87871981680822287960089612691486359275   0.011499346041862465293175698929921665014
  0.51234311256973878102804507275125720756    0.87871981680822287960089612691486359275    0.87871981680822287960089612691486359275   0.011499346041862465293175698929921665014
  0.51234311256973878102804507275125720756   -0.87871981680822287960089612691486359275    0.87871981680822287960089612691486359275   0.011499346041862465293175698929921665014
 -0.51234311256973878102804507275125720756    0.87871981680822287960089612691486359275    0.87871981680822287960089612691486359275   0.011499346041862465293175698929921665014
  0.87871981680822287960089612691486359275    0.87871981680822287960089612691486359275    0.51234311256973878102804507275125720756   0.011499346041862465293175698929921665014
 -0.87871981680822287960089612691486359275    0.51234311256973878102804507275125720756    0.87871981680822287960089612691486359275   0.011499346041862465293175698929921665014
  0.87871981680822287960089612691486359275   -0.87871981680822287960089612691486359275   -0.51234311256973878102804507275125720756   0.011499346041862465293175698929921665014
 -0.51234311256973878102804507275125720756   -0.87871981680822287960089612691486359275   -0.87871981680822287960089612691486359275   0.011499346041862465293175698929921665014
  0.91461168316650819121726932719826697462    0.99641865556467583543820126549071665552   -0.91461168316650819121726932719826697462  0.0011063912136983995535155799079192489574
 -0.91461168316650819121726932719826697462   -0.99641865556467583543820126549071665552    0.91461168316650819121726932719826697462  0.0011063912136983995535155799079192489574
 -0.91461168316650819121726932719826697462    0.99641865556467583543820126549071665552   -0.91461168316650819121726932719826697462  0.0011063912136983995535155799079192489574
 -0.99641865556467583543820126549071665552   -0.91461168316650819121726932719826697462    0.91461168316650819121726932719826697462  0.0011063912136983995535155799079192489574
 -0.91461168316650819121726932719826697462   -0.91461168316650819121726932719826697462    0.99641865556467583543820126549071665552  0.0011063912136983995535155799079192489574
  0.99641865556467583543820126549071665552    0.91461168316650819121726932719826697462   -0.91461168316650819121726932719826697462  0.0011063912136983995535155799079192489574
  0.91461168316650819121726932719826697462   -0.99641865556467583543820126549071665552   -0.91461168316650819121726932719826697462  0.0011063912136983995535155799079192489574
  0.91461168316650819121726932719826697462   -0.99641865556467583543820126549071665552    0.91461168316650819121726932719826697462  0.0011063912136983995535155799079192489574
 -0.91461168316650819121726932719826697462   -0.99641865556467583543820126549071665552   -0.91461168316650819121726932719826697462  0.0011063912136983995535155799079192489574
  0.91461168316650819121726932719826697462    0.91461168316650819121726932719826697462   -0.99641865556467583543820126549071665552  0.0011063912136983995535155799079192489574
 -0.99641865556467583543820126549071665552    0.91461168316650819121726932719826697462   -0.91461168316650819121726932719826697462  0.0011063912136983995535155799079192489574
 -0.91461168316650819121726932719826697462    0.91461168316650819121726932719826697462   -0.99641865556467583543820126549071665552  0.0011063912136983995535155799079192489574
 -0.91461168316650819121726932719826697462    0.91461168316650819121726932719826697462    0.99641865556467583543820126549071665552  0.0011063912136983995535155799079192489574
 -0.91461168316650819121726932719826697462   -0.91461168316650819121726932719826697462   -0.99641865556467583543820126549071665552  0.0011063912136983995535155799079192489574
  0.91461168316650819121726932719826697462   -0.91461168316650819121726932719826697462    0.99641865556467583543820126549071665552  0.0011063912136983995535155799079192489574
  0.99641865556467583543820126549071665552   -0.91461168316650819121726932719826697462   -0.91461168316650819121726932719826697462  0.0011063912136983995535155799079192489574
  0.91461168316650819121726932719826697462    0.99641865556467583543820126549071665552    0.91461168316650819121726932719826697462  0.0011063912136983995535155799079192489574
  0.99641865556467583543820126549071665552    0.91461168316650819121726932719826697462    0.91461168316650819121726932719826697462  0.0011063912136983995535155799079192489574
  0.99641865556467583543820126549071665552   -0.91461168316650819121726932719826697462    0.91461168316650819121726932719826697462  0.0011063912136983995535155799079192489574
 -0.99641865556467583543820126549071665552    0.91461168316650819121726932719826697462    0.91461168316650819121726932719826697462  0.0011063912136983995535155799079192489574
  0.91461168316650819121726932719826697462    0.91461168316650819121726932719826697462    0.99641865556467583543820126549071665552  0.0011063912136983995535155799079192489574
 -0.91461168316650819121726932719826697462    0.99641865556467583543820126549071665552    0.91461168316650819121726932719826697462  0.0011063912136983995535155799079192489574
  0.91461168316650819121726932719826697462   -0.91461168316650819121726932719826697462   -0.99641865556467583543820126549071665552  0.0011063912136983995535155799079192489574
 -0.99641865556467583543820126549071665552   -0.91461168316650819121726932719826697462   -0.91461168316650819121726932719826697462  0.0011063912136983995535155799079192489574
  0.94356364926994203283325518690675247035    0.71270275451284160104789514550256270711   -0.94356364926994203283325518690675247035  0.0042176584120485917576123650126936234281
 -0.94356364926994203283325518690675247035   -0.71270275451284160104789514550256270711    0.94356364926994203283325518690675247035  0.0042176584120485917576123650126936234281
 -0.94356364926994203283325518690675247035    0.71270275451284160104789514550256270711   -0.94356364926994203283325518690675247035  0.0042176584120485917576123650126936234281
 -0.71270275451284160104789514550256270711   -0.94356364926994203283325518690675247035    0.94356364926994203283325518690675247035  0.0042176584120485917576123650126936234281
 -0.94356364926994203283325518690675247035   -0.94356364926994203283325518690675247035    0.71270275451284160104789514550256270711  0.0042176584120485917576123650126936234281
  0.71270275451284160104789514550256270711    0.94356364926994203283325518690675247035   -0.94356364926994203283325518690675247035  0.0042176584120485917576123650126936234281
  0.94356364926994203283325518690675247035   -0.71270275451284160104789514550256270711   -0.94356364926994203283325518690675247035  0.0042176584120485917576123650126936234281
  0.94356364926994203283325518690675247035   -0.71270275451284160104789514550256270711    0.94356364926994203283325518690675247035  0.0042176584120485917576123650126936234281
 -0.94356364926994203283325518690675247035   -0.71270275451284160104789514550256270711   -0.94356364926994203283325518690675247035  0.0042176584120485917576123650126936234281
  0.94356364926994203283325518690675247035    0.94356364926994203283325518690675247035   -0.71270275451284160104789514550256270711  0.0042176584120485917576123650126936234281
 -0.71270275451284160104789514550256270711    0.94356364926994203283325518690675247035   -0.94356364926994203283325518690675247035  0.0042176584120485917576123650126936234281
 -0.94356364926994203283325518690675247035    0.94356364926994203283325518690675247035   -0.71270275451284160104789514550256270711  0.0042176584120485917576123650126936234281
 -0.94356364926994203283325518690675247035    0.94356364926994203283325518690675247035    0.71270275451284160104789514550256270711  0.0042176584120485917576123650126936234281
 -0.94356364926994203283325518690675247035   -0.94356364926994203283325518690675247035   -0.71270275451284160104789514550256270711  0.0042176584120485917576123650126936234281
  0.94356364926994203283325518690675247035   -0.94356364926994203283325518690675247035    0.71270275451284160104789514550256270711  0.0042176584120485917576123650126936234281
  0.71270275451284160104789514550256270711   -0.94356364926994203283325518690675247035   -0.94356364926994203283325518690675247035  0.0042176584120485917576123650126936234281
  0.94356364926994203283325518690675247035    0.71270275451284160104789514550256270711    0.94356364926994203283325518690675247035  0.0042176584120485917576123650126936234281
  0.71270275451284160104789514550256270711    0.94356364926994203283325518690675247035    0.94356364926994203283325518690675247035  0.0042176584120485917576123650126936234281
  0.71270275451284160104789514550256270711   -0.94356364926994203283325518690675247035    0.94356364926994203283325518690675247035  0.0042176584120485917576123650126936234281
 -0.71270275451284160104789514550256270711    0.94356364926994203283325518690675247035    0.94356364926994203283325518690675247035  0.0042176584120485917576123650126936234281
  0.94356364926994203283325518690675247035    0.94356364926994203283325518690675247035    0.71270275451284160104789514550256270711  0.0042176584120485917576123650126936234281
 -0.94356364926994203283325518690675247035    0.71270275451284160104789514550256270711    0.94356364926994203283325518690675247035  0.0042176584120485917576123650126936234281
  0.94356364926994203283325518690675247035   -0.94356364926994203283325518690675247035   -0.71270275451284160104789514550256270711  0.0042176584120485917576123650126936234281
 -0.71270275451284160104789514550256270711   -0.94356364926994203283325518690675247035   -0.94356364926994203283325518690675247035  0.0042176584120485917576123650126936234281
  0.98923724186142620277838305630079875762    0.45496200816304996744651671135801278562   -0.98923724186142620277838305630079875762  0.0012693644259578168997315004228182988465
 -0.98923724186142620277838305630079875762   -0.45496200816304996744651671135801278562    0.98923724186142620277838305630079875762  0.0012693644259578168997315004228182988465
 -0.98923724186142620277838305630079875762    0.45496200816304996744651671135801278562   -0.98923724186142620277838305630079875762  0.0012693644259578168997315004228182988465
 -0.45496200816304996744651671135801278562   -0.98923724186142620277838305630079875762    0.98923724186142620277838305630079875762  0.0012693644259578168997315004228182988465
 -0.98923724186142620277838305630079875762   -0.98923724186142620277838305630079875762    0.45496200816304996744651671135801278562  0.0012693644259578168997315004228182988465
  0.45496200816304996744651671135801278562    0.98923724186142620277838305630079875762   -0.98923724186142620277838305630079875762  0.0012693644259578168997315004228182988465
  0.98923724186142620277838305630079875762   -0.45496200816304996744651671135801278562   -0.98923724186142620277838305630079875762  0.0012693644259578168997315004228182988465
  0.98923724186142620277838305630079875762   -0.45496200816304996744651671135801278562    0.98923724186142620277838305630079875762  0.0012693644259578168997315004228182988465
 -0.98923724186142620277838305630079875762   -0.45496200816304996744651671135801278562   -0.98923724186142620277838305630079875762  0.0012693644259578168997315004228182988465
  0.98923724186142620277838305630079875762    0.98923724186142620277838305630079875762   -0.45496200816304996744651671135801278562  0.0012693644259578168997315004228182988465
 -0.45496200816304996744651671135801278562    0.98923724186142620277838305630079875762   -0.98923724186142620277838305630079875762  0.0012693644259578168997315004228182988465
 -0.98923724186142620277838305630079875762    0.98923724186142620277838305630079875762   -0.45496200816304996744651671135801278562  0.0012693644259578168997315004228182988465
 -0.98923724186142620277838305630079875762    0.98923724186142620277838305630079875762    0.45496200816304996744651671135801278562  0.0012693644259578168997315004228182988465
 -0.98923724186142620277838305630079875762   -0.98923724186142620277838305630079875762   -0.45496200816304996744651671135801278562  0.0012693644259578168997315004228182988465
  0.98923724186142620277838305630079875762   -0.98923724186142620277838305630079875762    0.45496200816304996744651671135801278562  0.0012693644259578168997315004228182988465
  0.45496200816304996744651671135801278562   -0.98923724186142620277838305630079875762   -0.98923724186142620277838305630079875762  0.0012693644259578168997315004228182988465
  0.98923724186142620277838305630079875762    0.45496200816304996744651671135801278562    0.98923724186142620277838305630079875762  0.0012693644259578168997315004228182988465
  0.45496200816304996744651671135801278562    0.98923724186142620277838305630079875762    0.98923724186142620277838305630079875762  0.0012693644259578168997315004228182988465
  0.45496200816304996744651671135801278562   -0.98923724186142620277838305630079875762    0.98923724186142620277838305630079875762  0.0012693644259578168997315004228182988465
 -0.45496200816304996744651671135801278562    0.98923724186142620277838305630079875762    0.98923724186142620277838305630079875762  0.0012693644259578168997315004228182988465
  0.98923724186142620277838305630079875762    0.98923724186142620277838305630079875762    0.45496200816304996744651671135801278562  0.0012693644259578168997315004228182988465
 -0.98923724186142620277838305630079875762    0.45496200816304996744651671135801278562    0.98923724186142620277838305630079875762  0.0012693644259578168997315004228182988465
  0.98923724186142620277838305630079875762   -0.98923724186142620277838305630079875762   -0.45496200816304996744651671135801278562  0.0012693644259578168997315004228182988465
 -0.45496200816304996744651671135801278562   -0.98923724186142620277838305630079875762   -0.98923724186142620277838305630079875762  0.0012693644259578168997315004228182988465
 -0.66590292797321263124352316401180605225    -0.8814036303698063170512515298616033877     0.1986936384324582539136703999617217197    0.01770262786873418822918993355194253887
 -0.66590292797321263124352316401180605225     0.1986936384324582539136703999617217197    -0.8814036303698063170512515298616033877    0.01770262786873418822918993355194253887
  -0.1986936384324582539136703999617217197    -0.8814036303698063170512515298616033877   -0.66590292797321263124352316401180605225    0.01770262786873418822918993355194253887
   0.1986936384324582539136703999617217197     0.8814036303698063170512515298616033877    0.66590292797321263124352316401180605225    0.01770262786873418822918993355194253887
  -0.8814036303698063170512515298616033877    0.66590292797321263124352316401180605225    -0.1986936384324582539136703999617217197    0.01770262786873418822918993355194253887
   0.8814036303698063170512515298616033877   -0.66590292797321263124352316401180605225     0.1986936384324582539136703999617217197    0.01770262786873418822918993355194253887
   0.8814036303698063170512515298616033877    0.66590292797321263124352316401180605225     0.1986936384324582539136703999617217197    0.01770262786873418822918993355194253887
 -0.66590292797321263124352316401180605225     0.8814036303698063170512515298616033877     0.1986936384324582539136703999617217197    0.01770262786873418822918993355194253887
   0.8814036303698063170512515298616033877     0.1986936384324582539136703999617217197   -0.66590292797321263124352316401180605225    0.01770262786873418822918993355194253887
  0.66590292797321263124352316401180605225     0.8814036303698063170512515298616033877    -0.1986936384324582539136703999617217197    0.01770262786873418822918993355194253887
 -0.66590292797321263124352316401180605225    -0.1986936384324582539136703999617217197    -0.8814036303698063170512515298616033877    0.01770262786873418822918993355194253887
  -0.8814036303698063170512515298616033877    -0.1986936384324582539136703999617217197   -0.66590292797321263124352316401180605225    0.01770262786873418822918993355194253887
   0.1986936384324582539136703999617217197    -0.8814036303698063170512515298616033877    0.66590292797321263124352316401180605225    0.01770262786873418822918993355194253887
   0.8814036303698063170512515298616033877     0.1986936384324582539136703999617217197    0.66590292797321263124352316401180605225    0.01770262786873418822918993355194253887
  -0.1986936384324582539136703999617217197   -0.66590292797321263124352316401180605225     0.8814036303698063170512515298616033877    0.01770262786873418822918993355194253887
  -0.1986936384324582539136703999617217197     0.8814036303698063170512515298616033877    0.66590292797321263124352316401180605225    0.01770262786873418822918993355194253887
  0.66590292797321263124352316401180605225    -0.1986936384324582539136703999617217197     0.8814036303698063170512515298616033877    0.01770262786873418822918993355194253887
  0.66590292797321263124352316401180605225     0.1986936384324582539136703999617217197     0.8814036303698063170512515298616033877    0.01770262786873418822918993355194253887
  -0.8814036303698063170512515298616033877   -0.66590292797321263124352316401180605225    -0.1986936384324582539136703999617217197    0.01770262786873418822918993355194253887
  -0.1986936384324582539136703999617217197    0.66590292797321263124352316401180605225    -0.8814036303698063170512515298616033877    0.01770262786873418822918993355194253887
  -0.1986936384324582539136703999617217197     0.8814036303698063170512515298616033877   -0.66590292797321263124352316401180605225    0.01770262786873418822918993355194253887
   0.8814036303698063170512515298616033877    0.66590292797321263124352316401180605225    -0.1986936384324582539136703999617217197    0.01770262786873418822918993355194253887
   0.1986936384324582539136703999617217197    -0.8814036303698063170512515298616033877   -0.66590292797321263124352316401180605225    0.01770262786873418822918993355194253887
   0.8814036303698063170512515298616033877    -0.1986936384324582539136703999617217197    0.66590292797321263124352316401180605225    0.01770262786873418822918993355194253887
  -0.1986936384324582539136703999617217197    -0.8814036303698063170512515298616033877    0.66590292797321263124352316401180605225    0.01770262786873418822918993355194253887
 -0.66590292797321263124352316401180605225    -0.8814036303698063170512515298616033877    -0.1986936384324582539136703999617217197    0.01770262786873418822918993355194253887
 -0.66590292797321263124352316401180605225     0.8814036303698063170512515298616033877    -0.1986936384324582539136703999617217197    0.01770262786873418822918993355194253887
   0.8814036303698063170512515298616033877   -0.66590292797321263124352316401180605225    -0.1986936384324582539136703999617217197    0.01770262786873418822918993355194253887
  -0.8814036303698063170512515298616033877   -0.66590292797321263124352316401180605225     0.1986936384324582539136703999617217197    0.01770262786873418822918993355194253887
 -0.66590292797321263124352316401180605225     0.1986936384324582539136703999617217197     0.8814036303698063170512515298616033877    0.01770262786873418822918993355194253887
   0.8814036303698063170512515298616033877    -0.1986936384324582539136703999617217197   -0.66590292797321263124352316401180605225    0.01770262786873418822918993355194253887
   0.1986936384324582539136703999617217197    0.66590292797321263124352316401180605225    -0.8814036303698063170512515298616033877    0.01770262786873418822918993355194253887
  -0.1986936384324582539136703999617217197    0.66590292797321263124352316401180605225     0.8814036303698063170512515298616033877    0.01770262786873418822918993355194253887
   0.1986936384324582539136703999617217197   -0.66590292797321263124352316401180605225    -0.8814036303698063170512515298616033877    0.01770262786873418822918993355194253887
  0.66590292797321263124352316401180605225     0.1986936384324582539136703999617217197    -0.8814036303698063170512515298616033877    0.01770262786873418822918993355194253887
  0.66590292797321263124352316401180605225    -0.1986936384324582539136703999617217197    -0.8814036303698063170512515298616033877    0.01770262786873418822918993355194253887
   0.1986936384324582539136703999617217197   -0.66590292797321263124352316401180605225     0.8814036303698063170512515298616033877    0.01770262786873418822918993355194253887
  -0.8814036303698063170512515298616033877     0.1986936384324582539136703999617217197   -0.66590292797321263124352316401180605225    0.01770262786873418822918993355194253887
  -0.8814036303698063170512515298616033877    0.66590292797321263124352316401180605225     0.1986936384324582539136703999617217197    0.01770262786873418822918993355194253887
  -0.1986936384324582539136703999617217197   -0.66590292797321263124352316401180605225    -0.8814036303698063170512515298616033877    0.01770262786873418822918993355194253887
  0.66590292797321263124352316401180605225    -0.8814036303698063170512515298616033877     0.1986936384324582539136703999617217197    0.01770262786873418822918993355194253887
  0.66590292797321263124352316401180605225     0.8814036303698063170512515298616033877     0.1986936384324582539136703999617217197    0.01770262786873418822918993355194253887
   0.1986936384324582539136703999617217197    0.66590292797321263124352316401180605225     0.8814036303698063170512515298616033877    0.01770262786873418822918993355194253887
  -0.8814036303698063170512515298616033877    -0.1986936384324582539136703999617217197    0.66590292797321263124352316401180605225    0.01770262786873418822918993355194253887
 -0.66590292797321263124352316401180605225    -0.1986936384324582539136703999617217197     0.8814036303698063170512515298616033877    0.01770262786873418822918993355194253887
  -0.8814036303698063170512515298616033877     0.1986936384324582539136703999617217197    0.66590292797321263124352316401180605225    0.01770262786873418822918993355194253887
  0.66590292797321263124352316401180605225    -0.8814036303698063170512515298616033877    -0.1986936384324582539136703999617217197    0.01770262786873418822918993355194253887
   0.1986936384324582539136703999617217197     0.8814036303698063170512515298616033877   -0.66590292797321263124352316401180605225    0.01770262786873418822918993355194253887
 -0.81422156319362642178484165700431885945   -0.97947774787327097360852115946466486374    0.29848855750495648248773454006043466307  0.0070810264264704746756472328958259004965
 -0.81422156319362642178484165700431885945    0.29848855750495648248773454006043466307   -0.97947774787327097360852115946466486374  0.0070810264264704746756472328958259004965
 -0.29848855750495648248773454006043466307   -0.97947774787327097360852115946466486374   -0.81422156319362642178484165700431885945  0.0070810264264704746756472328958259004965
  0.29848855750495648248773454006043466307    0.97947774787327097360852115946466486374    0.81422156319362642178484165700431885945  0.0070810264264704746756472328958259004965
 -0.97947774787327097360852115946466486374    0.81422156319362642178484165700431885945   -0.29848855750495648248773454006043466307  0.0070810264264704746756472328958259004965
  0.97947774787327097360852115946466486374   -0.81422156319362642178484165700431885945    0.29848855750495648248773454006043466307  0.0070810264264704746756472328958259004965
  0.97947774787327097360852115946466486374    0.81422156319362642178484165700431885945    0.29848855750495648248773454006043466307  0.0070810264264704746756472328958259004965
 -0.81422156319362642178484165700431885945    0.97947774787327097360852115946466486374    0.29848855750495648248773454006043466307  0.0070810264264704746756472328958259004965
  0.97947774787327097360852115946466486374    0.29848855750495648248773454006043466307   -0.81422156319362642178484165700431885945  0.0070810264264704746756472328958259004965
  0.81422156319362642178484165700431885945    0.97947774787327097360852115946466486374   -0.29848855750495648248773454006043466307  0.0070810264264704746756472328958259004965
 -0.81422156319362642178484165700431885945   -0.29848855750495648248773454006043466307   -0.97947774787327097360852115946466486374  0.0070810264264704746756472328958259004965
 -0.97947774787327097360852115946466486374   -0.29848855750495648248773454006043466307   -0.81422156319362642178484165700431885945  0.0070810264264704746756472328958259004965
  0.29848855750495648248773454006043466307   -0.97947774787327097360852115946466486374    0.81422156319362642178484165700431885945  0.0070810264264704746756472328958259004965
  0.97947774787327097360852115946466486374    0.29848855750495648248773454006043466307    0.81422156319362642178484165700431885945  0.0070810264264704746756472328958259004965
 -0.29848855750495648248773454006043466307   -0.81422156319362642178484165700431885945    0.97947774787327097360852115946466486374  0.0070810264264704746756472328958259004965
 -0.29848855750495648248773454006043466307    0.97947774787327097360852115946466486374    0.81422156319362642178484165700431885945  0.0070810264264704746756472328958259004965
  0.81422156319362642178484165700431885945   -0.29848855750495648248773454006043466307    0.97947774787327097360852115946466486374  0.0070810264264704746756472328958259004965
  0.81422156319362642178484165700431885945    0.29848855750495648248773454006043466307    0.97947774787327097360852115946466486374  0.0070810264264704746756472328958259004965
 -0.97947774787327097360852115946466486374   -0.81422156319362642178484165700431885945   -0.29848855750495648248773454006043466307  0.0070810264264704746756472328958259004965
 -0.29848855750495648248773454006043466307    0.81422156319362642178484165700431885945   -0.97947774787327097360852115946466486374  0.0070810264264704746756472328958259004965
 -0.29848855750495648248773454006043466307    0.97947774787327097360852115946466486374   -0.81422156319362642178484165700431885945  0.0070810264264704746756472328958259004965
  0.97947774787327097360852115946466486374    0.81422156319362642178484165700431885945   -0.29848855750495648248773454006043466307  0.0070810264264704746756472328958259004965
  0.29848855750495648248773454006043466307   -0.97947774787327097360852115946466486374   -0.81422156319362642178484165700431885945  0.0070810264264704746756472328958259004965
  0.97947774787327097360852115946466486374   -0.29848855750495648248773454006043466307    0.81422156319362642178484165700431885945  0.0070810264264704746756472328958259004965
 -0.29848855750495648248773454006043466307   -0.97947774787327097360852115946466486374    0.81422156319362642178484165700431885945  0.0070810264264704746756472328958259004965
 -0.81422156319362642178484165700431885945   -0.97947774787327097360852115946466486374   -0.29848855750495648248773454006043466307  0.0070810264264704746756472328958259004965
 -0.81422156319362642178484165700431885945    0.97947774787327097360852115946466486374   -0.29848855750495648248773454006043466307  0.0070810264264704746756472328958259004965
  0.97947774787327097360852115946466486374   -0.81422156319362642178484165700431885945   -0.29848855750495648248773454006043466307  0.0070810264264704746756472328958259004965
 -0.97947774787327097360852115946466486374   -0.81422156319362642178484165700431885945    0.29848855750495648248773454006043466307  0.0070810264264704746756472328958259004965
 -0.81422156319362642178484165700431885945    0.29848855750495648248773454006043466307    0.97947774787327097360852115946466486374  0.0070810264264704746756472328958259004965
  0.97947774787327097360852115946466486374   -0.29848855750495648248773454006043466307   -0.81422156319362642178484165700431885945  0.0070810264264704746756472328958259004965
  0.29848855750495648248773454006043466307    0.81422156319362642178484165700431885945   -0.97947774787327097360852115946466486374  0.0070810264264704746756472328958259004965
 -0.29848855750495648248773454006043466307    0.81422156319362642178484165700431885945    0.97947774787327097360852115946466486374  0.0070810264264704746756472328958259004965
  0.29848855750495648248773454006043466307   -0.81422156319362642178484165700431885945   -0.97947774787327097360852115946466486374  0.0070810264264704746756472328958259004965
  0.81422156319362642178484165700431885945    0.29848855750495648248773454006043466307   -0.97947774787327097360852115946466486374  0.0070810264264704746756472328958259004965
  0.81422156319362642178484165700431885945   -0.29848855750495648248773454006043466307   -0.97947774787327097360852115946466486374  0.0070810264264704746756472328958259004965
  0.29848855750495648248773454006043466307   -0.81422156319362642178484165700431885945    0.97947774787327097360852115946466486374  0.0070810264264704746756472328958259004965
 -0.97947774787327097360852115946466486374    0.29848855750495648248773454006043466307   -0.81422156319362642178484165700431885945  0.0070810264264704746756472328958259004965
 -0.97947774787327097360852115946466486374    0.81422156319362642178484165700431885945    0.29848855750495648248773454006043466307  0.0070810264264704746756472328958259004965
 -0.29848855750495648248773454006043466307   -0.81422156319362642178484165700431885945   -0.97947774787327097360852115946466486374  0.0070810264264704746756472328958259004965
  0.81422156319362642178484165700431885945   -0.97947774787327097360852115946466486374    0.29848855750495648248773454006043466307  0.0070810264264704746756472328958259004965
  0.81422156319362642178484165700431885945    0.97947774787327097360852115946466486374    0.29848855750495648248773454006043466307  0.0070810264264704746756472328958259004965
  0.29848855750495648248773454006043466307    0.81422156319362642178484165700431885945    0.97947774787327097360852115946466486374  0.0070810264264704746756472328958259004965
 -0.97947774787327097360852115946466486374   -0.29848855750495648248773454006043466307    0.81422156319362642178484165700431885945  0.0070810264264704746756472328958259004965
 -0.81422156319362642178484165700431885945   -0.29848855750495648248773454006043466307    0.97947774787327097360852115946466486374  0.0070810264264704746756472328958259004965
 -0.97947774787327097360852115946466486374    0.29848855750495648248773454006043466307    0.81422156319362642178484165700431885945  0.0070810264264704746756472328958259004965
  0.81422156319362642178484165700431885945   -0.97947774787327097360852115946466486374   -0.29848855750495648248773454006043466307  0.0070810264264704746756472328958259004965
  0.29848855750495648248773454006043466307    0.97947774787327097360852115946466486374   -0.81422156319362642178484165700431885945  0.0070810264264704746756472328958259004965

