                                         0                                           0                                           0     0.1314769997521112664841207614312521479
 -0.92600778114016724202384749584882307137                                           0                                           0   0.051415757114627014880027397723960815738
                                         0                                           0    0.92600778114016724202384749584882307137   0.051415757114627014880027397723960815738
                                         0    0.92600778114016724202384749584882307137                                           0   0.051415757114627014880027397723960815738
                                         0                                           0   -0.92600778114016724202384749584882307137   0.051415757114627014880027397723960815738
  0.92600778114016724202384749584882307137                                           0                                           0   0.051415757114627014880027397723960815738
                                         0   -0.92600778114016724202384749584882307137                                           0   0.051415757114627014880027397723960815738
  0.28864233100863876656992461888019172072   -0.28864233100863876656992461888019172072   -0.28864233100863876656992461888019172072     0.1022234137105601921492454243673594255
 -0.28864233100863876656992461888019172072    0.28864233100863876656992461888019172072    0.28864233100863876656992461888019172072     0.1022234137105601921492454243673594255
 -0.28864233100863876656992461888019172072    0.28864233100863876656992461888019172072   -0.28864233100863876656992461888019172072     0.1022234137105601921492454243673594255
 -0.28864233100863876656992461888019172072   -0.28864233100863876656992461888019172072   -0.28864233100863876656992461888019172072     0.1022234137105601921492454243673594255
 -0.28864233100863876656992461888019172072   -0.28864233100863876656992461888019172072    0.28864233100863876656992461888019172072     0.1022234137105601921492454243673594255
  0.28864233100863876656992461888019172072    0.28864233100863876656992461888019172072   -0.28864233100863876656992461888019172072     0.1022234137105601921492454243673594255
  0.28864233100863876656992461888019172072    0.28864233100863876656992461888019172072    0.28864233100863876656992461888019172072     0.1022234137105601921492454243673594255
  0.28864233100863876656992461888019172072   -0.28864233100863876656992461888019172072    0.28864233100863876656992461888019172072     0.1022234137105601921492454243673594255
  0.59626208369471002977057919190730803446   -0.59626208369471002977057919190730803446   -0.59626208369471002977057919190730803446   0.057365074135731292135183896944062351039
 -0.59626208369471002977057919190730803446    0.59626208369471002977057919190730803446    0.59626208369471002977057919190730803446   0.057365074135731292135183896944062351039
 -0.59626208369471002977057919190730803446    0.59626208369471002977057919190730803446   -0.59626208369471002977057919190730803446   0.057365074135731292135183896944062351039
 -0.59626208369471002977057919190730803446   -0.59626208369471002977057919190730803446   -0.59626208369471002977057919190730803446   0.057365074135731292135183896944062351039
 -0.59626208369471002977057919190730803446   -0.59626208369471002977057919190730803446    0.59626208369471002977057919190730803446   0.057365074135731292135183896944062351039
  0.59626208369471002977057919190730803446    0.59626208369471002977057919190730803446   -0.59626208369471002977057919190730803446   0.057365074135731292135183896944062351039
  0.59626208369471002977057919190730803446    0.59626208369471002977057919190730803446    0.59626208369471002977057919190730803446   0.057365074135731292135183896944062351039
  0.59626208369471002977057919190730803446   -0.59626208369471002977057919190730803446    0.59626208369471002977057919190730803446   0.057365074135731292135183896944062351039
  0.93666286101900193442526174391310821074   -0.93666286101900193442526174391310821074   -0.93666286101900193442526174391310821074  0.0058243239699342052194482564999561768881
 -0.93666286101900193442526174391310821074    0.93666286101900193442526174391310821074    0.93666286101900193442526174391310821074  0.0058243239699342052194482564999561768881
 -0.93666286101900193442526174391310821074    0.93666286101900193442526174391310821074   -0.93666286101900193442526174391310821074  0.0058243239699342052194482564999561768881
 -0.93666286101900193442526174391310821074   -0.93666286101900193442526174391310821074   -0.93666286101900193442526174391310821074  0.0058243239699342052194482564999561768881
 -0.93666286101900193442526174391310821074   -0.93666286101900193442526174391310821074    0.93666286101900193442526174391310821074  0.0058243239699342052194482564999561768881
  0.93666286101900193442526174391310821074    0.93666286101900193442526174391310821074   -0.93666286101900193442526174391310821074  0.0058243239699342052194482564999561768881
  0.93666286101900193442526174391310821074    0.93666286101900193442526174391310821074    0.93666286101900193442526174391310821074  0.0058243239699342052194482564999561768881
  0.93666286101900193442526174391310821074   -0.93666286101900193442526174391310821074    0.93666286101900193442526174391310821074  0.0058243239699342052194482564999561768881
 -0.56751459161899608565631486278386438459   -0.56751459161899608565631486278386438459                                           0   0.096447131715274981272082767561689735266
  0.56751459161899608565631486278386438459                                           0   -0.56751459161899608565631486278386438459   0.096447131715274981272082767561689735266
                                         0    0.56751459161899608565631486278386438459   -0.56751459161899608565631486278386438459   0.096447131715274981272082767561689735266
  0.56751459161899608565631486278386438459    0.56751459161899608565631486278386438459                                           0   0.096447131715274981272082767561689735266
  0.56751459161899608565631486278386438459                                           0    0.56751459161899608565631486278386438459   0.096447131715274981272082767561689735266
                                         0   -0.56751459161899608565631486278386438459    0.56751459161899608565631486278386438459   0.096447131715274981272082767561689735266
                                         0   -0.56751459161899608565631486278386438459   -0.56751459161899608565631486278386438459   0.096447131715274981272082767561689735266
 -0.56751459161899608565631486278386438459                                           0    0.56751459161899608565631486278386438459   0.096447131715274981272082767561689735266
 -0.56751459161899608565631486278386438459    0.56751459161899608565631486278386438459                                           0   0.096447131715274981272082767561689735266
  0.56751459161899608565631486278386438459   -0.56751459161899608565631486278386438459                                           0   0.096447131715274981272082767561689735266
                                         0    0.56751459161899608565631486278386438459    0.56751459161899608565631486278386438459   0.096447131715274981272082767561689735266
 -0.56751459161899608565631486278386438459                                           0   -0.56751459161899608565631486278386438459   0.096447131715274981272082767561689735266
 -0.85040790360809843656826938352550730737   -0.85040790360809843656826938352550730737                                           0   0.030614098606926328310759078252135170464
  0.85040790360809843656826938352550730737                                           0   -0.85040790360809843656826938352550730737   0.030614098606926328310759078252135170464
                                         0    0.85040790360809843656826938352550730737   -0.85040790360809843656826938352550730737   0.030614098606926328310759078252135170464
  0.85040790360809843656826938352550730737    0.85040790360809843656826938352550730737                                           0   0.030614098606926328310759078252135170464
  0.85040790360809843656826938352550730737                                           0    0.85040790360809843656826938352550730737   0.030614098606926328310759078252135170464
                                         0   -0.85040790360809843656826938352550730737    0.85040790360809843656826938352550730737   0.030614098606926328310759078252135170464
                                         0   -0.85040790360809843656826938352550730737   -0.85040790360809843656826938352550730737   0.030614098606926328310759078252135170464
 -0.85040790360809843656826938352550730737                                           0    0.85040790360809843656826938352550730737   0.030614098606926328310759078252135170464
 -0.85040790360809843656826938352550730737    0.85040790360809843656826938352550730737                                           0   0.030614098606926328310759078252135170464
  0.85040790360809843656826938352550730737   -0.85040790360809843656826938352550730737                                           0   0.030614098606926328310759078252135170464
                                         0    0.85040790360809843656826938352550730737    0.85040790360809843656826938352550730737   0.030614098606926328310759078252135170464
 -0.85040790360809843656826938352550730737                                           0   -0.85040790360809843656826938352550730737   0.030614098606926328310759078252135170464
                                         0    0.60938766180909204672613295830649928661   -0.99613404784256385487384652757792353742   0.019712794312128154878076161244732950672
 -0.60938766180909204672613295830649928661                                           0   -0.99613404784256385487384652757792353742   0.019712794312128154878076161244732950672
                                         0    0.99613404784256385487384652757792353742    0.60938766180909204672613295830649928661   0.019712794312128154878076161244732950672
  0.99613404784256385487384652757792353742   -0.60938766180909204672613295830649928661                                           0   0.019712794312128154878076161244732950672
                                         0    0.60938766180909204672613295830649928661    0.99613404784256385487384652757792353742   0.019712794312128154878076161244732950672
                                         0   -0.60938766180909204672613295830649928661    0.99613404784256385487384652757792353742   0.019712794312128154878076161244732950672
  0.60938766180909204672613295830649928661                                           0   -0.99613404784256385487384652757792353742   0.019712794312128154878076161244732950672
                                         0   -0.60938766180909204672613295830649928661   -0.99613404784256385487384652757792353742   0.019712794312128154878076161244732950672
 -0.99613404784256385487384652757792353742                                           0    0.60938766180909204672613295830649928661   0.019712794312128154878076161244732950672
 -0.99613404784256385487384652757792353742   -0.60938766180909204672613295830649928661                                           0   0.019712794312128154878076161244732950672
  0.60938766180909204672613295830649928661    0.99613404784256385487384652757792353742                                           0   0.019712794312128154878076161244732950672
  0.99613404784256385487384652757792353742                                           0    0.60938766180909204672613295830649928661   0.019712794312128154878076161244732950672
                                         0    0.99613404784256385487384652757792353742   -0.60938766180909204672613295830649928661   0.019712794312128154878076161244732950672
  0.99613404784256385487384652757792353742                                           0   -0.60938766180909204672613295830649928661   0.019712794312128154878076161244732950672
                                         0   -0.99613404784256385487384652757792353742   -0.60938766180909204672613295830649928661   0.019712794312128154878076161244732950672
  0.60938766180909204672613295830649928661   -0.99613404784256385487384652757792353742                                           0   0.019712794312128154878076161244732950672
 -0.60938766180909204672613295830649928661    0.99613404784256385487384652757792353742                                           0   0.019712794312128154878076161244732950672
  0.60938766180909204672613295830649928661                                           0    0.99613404784256385487384652757792353742   0.019712794312128154878076161244732950672
 -0.99613404784256385487384652757792353742    0.60938766180909204672613295830649928661                                           0   0.019712794312128154878076161244732950672
 -0.99613404784256385487384652757792353742                                           0   -0.60938766180909204672613295830649928661   0.019712794312128154878076161244732950672
  0.99613404784256385487384652757792353742    0.60938766180909204672613295830649928661                                           0   0.019712794312128154878076161244732950672
 -0.60938766180909204672613295830649928661                                           0    0.99613404784256385487384652757792353742   0.019712794312128154878076161244732950672
                                         0   -0.99613404784256385487384652757792353742    0.60938766180909204672613295830649928661   0.019712794312128154878076161244732950672
 -0.60938766180909204672613295830649928661   -0.99613404784256385487384652757792353742                                           0   0.019712794312128154878076161244732950672
  0.17602362485483249256287368539415223535    0.68396592480391027902457726097277829277   -0.17602362485483249256287368539415223535   0.043318253791319150910067560417136137868
 -0.17602362485483249256287368539415223535   -0.68396592480391027902457726097277829277    0.17602362485483249256287368539415223535   0.043318253791319150910067560417136137868
 -0.17602362485483249256287368539415223535    0.68396592480391027902457726097277829277   -0.17602362485483249256287368539415223535   0.043318253791319150910067560417136137868
 -0.68396592480391027902457726097277829277   -0.17602362485483249256287368539415223535    0.17602362485483249256287368539415223535   0.043318253791319150910067560417136137868
 -0.17602362485483249256287368539415223535   -0.17602362485483249256287368539415223535    0.68396592480391027902457726097277829277   0.043318253791319150910067560417136137868
  0.68396592480391027902457726097277829277    0.17602362485483249256287368539415223535   -0.17602362485483249256287368539415223535   0.043318253791319150910067560417136137868
  0.17602362485483249256287368539415223535   -0.68396592480391027902457726097277829277   -0.17602362485483249256287368539415223535   0.043318253791319150910067560417136137868
  0.17602362485483249256287368539415223535   -0.68396592480391027902457726097277829277    0.17602362485483249256287368539415223535   0.043318253791319150910067560417136137868
 -0.17602362485483249256287368539415223535   -0.68396592480391027902457726097277829277   -0.17602362485483249256287368539415223535   0.043318253791319150910067560417136137868
  0.17602362485483249256287368539415223535    0.17602362485483249256287368539415223535   -0.68396592480391027902457726097277829277   0.043318253791319150910067560417136137868
 -0.68396592480391027902457726097277829277    0.17602362485483249256287368539415223535   -0.17602362485483249256287368539415223535   0.043318253791319150910067560417136137868
 -0.17602362485483249256287368539415223535    0.17602362485483249256287368539415223535   -0.68396592480391027902457726097277829277   0.043318253791319150910067560417136137868
 -0.17602362485483249256287368539415223535    0.17602362485483249256287368539415223535    0.68396592480391027902457726097277829277   0.043318253791319150910067560417136137868
 -0.17602362485483249256287368539415223535   -0.17602362485483249256287368539415223535   -0.68396592480391027902457726097277829277   0.043318253791319150910067560417136137868
  0.17602362485483249256287368539415223535   -0.17602362485483249256287368539415223535    0.68396592480391027902457726097277829277   0.043318253791319150910067560417136137868
  0.68396592480391027902457726097277829277   -0.17602362485483249256287368539415223535   -0.17602362485483249256287368539415223535   0.043318253791319150910067560417136137868
  0.17602362485483249256287368539415223535    0.68396592480391027902457726097277829277    0.17602362485483249256287368539415223535   0.043318253791319150910067560417136137868
  0.68396592480391027902457726097277829277    0.17602362485483249256287368539415223535    0.17602362485483249256287368539415223535   0.043318253791319150910067560417136137868
  0.68396592480391027902457726097277829277   -0.17602362485483249256287368539415223535    0.17602362485483249256287368539415223535   0.043318253791319150910067560417136137868
 -0.68396592480391027902457726097277829277    0.17602362485483249256287368539415223535    0.17602362485483249256287368539415223535   0.043318253791319150910067560417136137868
  0.17602362485483249256287368539415223535    0.17602362485483249256287368539415223535    0.68396592480391027902457726097277829277   0.043318253791319150910067560417136137868
 -0.17602362485483249256287368539415223535    0.68396592480391027902457726097277829277    0.17602362485483249256287368539415223535   0.043318253791319150910067560417136137868
  0.17602362485483249256287368539415223535   -0.17602362485483249256287368539415223535   -0.68396592480391027902457726097277829277   0.043318253791319150910067560417136137868
 -0.68396592480391027902457726097277829277   -0.17602362485483249256287368539415223535   -0.17602362485483249256287368539415223535   0.043318253791319150910067560417136137868
  0.38890597312519966369363991410224344235    0.88500997776578906789411145516418035852   -0.38890597312519966369363991410224344235   0.060686495907239417377305680868537596946
 -0.38890597312519966369363991410224344235   -0.88500997776578906789411145516418035852    0.38890597312519966369363991410224344235   0.060686495907239417377305680868537596946
 -0.38890597312519966369363991410224344235    0.88500997776578906789411145516418035852   -0.38890597312519966369363991410224344235   0.060686495907239417377305680868537596946
 -0.88500997776578906789411145516418035852   -0.38890597312519966369363991410224344235    0.38890597312519966369363991410224344235   0.060686495907239417377305680868537596946
 -0.38890597312519966369363991410224344235   -0.38890597312519966369363991410224344235    0.88500997776578906789411145516418035852   0.060686495907239417377305680868537596946
  0.88500997776578906789411145516418035852    0.38890597312519966369363991410224344235   -0.38890597312519966369363991410224344235   0.060686495907239417377305680868537596946
  0.38890597312519966369363991410224344235   -0.88500997776578906789411145516418035852   -0.38890597312519966369363991410224344235   0.060686495907239417377305680868537596946
  0.38890597312519966369363991410224344235   -0.88500997776578906789411145516418035852    0.38890597312519966369363991410224344235   0.060686495907239417377305680868537596946
 -0.38890597312519966369363991410224344235   -0.88500997776578906789411145516418035852   -0.38890597312519966369363991410224344235   0.060686495907239417377305680868537596946
  0.38890597312519966369363991410224344235    0.38890597312519966369363991410224344235   -0.88500997776578906789411145516418035852   0.060686495907239417377305680868537596946
 -0.88500997776578906789411145516418035852    0.38890597312519966369363991410224344235   -0.38890597312519966369363991410224344235   0.060686495907239417377305680868537596946
 -0.38890597312519966369363991410224344235    0.38890597312519966369363991410224344235   -0.88500997776578906789411145516418035852   0.060686495907239417377305680868537596946
 -0.38890597312519966369363991410224344235    0.38890597312519966369363991410224344235    0.88500997776578906789411145516418035852   0.060686495907239417377305680868537596946
 -0.38890597312519966369363991410224344235   -0.38890597312519966369363991410224344235   -0.88500997776578906789411145516418035852   0.060686495907239417377305680868537596946
  0.38890597312519966369363991410224344235   -0.38890597312519966369363991410224344235    0.88500997776578906789411145516418035852   0.060686495907239417377305680868537596946
  0.88500997776578906789411145516418035852   -0.38890597312519966369363991410224344235   -0.38890597312519966369363991410224344235   0.060686495907239417377305680868537596946
  0.38890597312519966369363991410224344235    0.88500997776578906789411145516418035852    0.38890597312519966369363991410224344235   0.060686495907239417377305680868537596946
  0.88500997776578906789411145516418035852    0.38890597312519966369363991410224344235    0.38890597312519966369363991410224344235   0.060686495907239417377305680868537596946
  0.88500997776578906789411145516418035852   -0.38890597312519966369363991410224344235    0.38890597312519966369363991410224344235   0.060686495907239417377305680868537596946
 -0.88500997776578906789411145516418035852    0.38890597312519966369363991410224344235    0.38890597312519966369363991410224344235   0.060686495907239417377305680868537596946
  0.38890597312519966369363991410224344235    0.38890597312519966369363991410224344235    0.88500997776578906789411145516418035852   0.060686495907239417377305680868537596946
 -0.38890597312519966369363991410224344235    0.88500997776578906789411145516418035852    0.38890597312519966369363991410224344235   0.060686495907239417377305680868537596946
  0.38890597312519966369363991410224344235   -0.38890597312519966369363991410224344235   -0.88500997776578906789411145516418035852   0.060686495907239417377305680868537596946
 -0.88500997776578906789411145516418035852   -0.38890597312519966369363991410224344235   -0.38890597312519966369363991410224344235   0.060686495907239417377305680868537596946
  0.72370790223039552874514404589514671448    0.95190774123273379691649682548603274697   -0.72370790223039552874514404589514671448   0.023744813991789292496582217637587900273
 -0.72370790223039552874514404589514671448   -0.95190774123273379691649682548603274697    0.72370790223039552874514404589514671448   0.023744813991789292496582217637587900273
 -0.72370790223039552874514404589514671448    0.95190774123273379691649682548603274697   -0.72370790223039552874514404589514671448   0.023744813991789292496582217637587900273
 -0.95190774123273379691649682548603274697   -0.72370790223039552874514404589514671448    0.72370790223039552874514404589514671448   0.023744813991789292496582217637587900273
 -0.72370790223039552874514404589514671448   -0.72370790223039552874514404589514671448    0.95190774123273379691649682548603274697   0.023744813991789292496582217637587900273
  0.95190774123273379691649682548603274697    0.72370790223039552874514404589514671448   -0.72370790223039552874514404589514671448   0.023744813991789292496582217637587900273
  0.72370790223039552874514404589514671448   -0.95190774123273379691649682548603274697   -0.72370790223039552874514404589514671448   0.023744813991789292496582217637587900273
  0.72370790223039552874514404589514671448   -0.95190774123273379691649682548603274697    0.72370790223039552874514404589514671448   0.023744813991789292496582217637587900273
 -0.72370790223039552874514404589514671448   -0.95190774123273379691649682548603274697   -0.72370790223039552874514404589514671448   0.023744813991789292496582217637587900273
  0.72370790223039552874514404589514671448    0.72370790223039552874514404589514671448   -0.95190774123273379691649682548603274697   0.023744813991789292496582217637587900273
 -0.95190774123273379691649682548603274697    0.72370790223039552874514404589514671448   -0.72370790223039552874514404589514671448   0.023744813991789292496582217637587900273
 -0.72370790223039552874514404589514671448    0.72370790223039552874514404589514671448   -0.95190774123273379691649682548603274697   0.023744813991789292496582217637587900273
 -0.72370790223039552874514404589514671448    0.72370790223039552874514404589514671448    0.95190774123273379691649682548603274697   0.023744813991789292496582217637587900273
 -0.72370790223039552874514404589514671448   -0.72370790223039552874514404589514671448   -0.95190774123273379691649682548603274697   0.023744813991789292496582217637587900273
  0.72370790223039552874514404589514671448   -0.72370790223039552874514404589514671448    0.95190774123273379691649682548603274697   0.023744813991789292496582217637587900273
  0.95190774123273379691649682548603274697   -0.72370790223039552874514404589514671448   -0.72370790223039552874514404589514671448   0.023744813991789292496582217637587900273
  0.72370790223039552874514404589514671448    0.95190774123273379691649682548603274697    0.72370790223039552874514404589514671448   0.023744813991789292496582217637587900273
  0.95190774123273379691649682548603274697    0.72370790223039552874514404589514671448    0.72370790223039552874514404589514671448   0.023744813991789292496582217637587900273
  0.95190774123273379691649682548603274697   -0.72370790223039552874514404589514671448    0.72370790223039552874514404589514671448   0.023744813991789292496582217637587900273
 -0.95190774123273379691649682548603274697    0.72370790223039552874514404589514671448    0.72370790223039552874514404589514671448   0.023744813991789292496582217637587900273
  0.72370790223039552874514404589514671448    0.72370790223039552874514404589514671448    0.95190774123273379691649682548603274697   0.023744813991789292496582217637587900273
 -0.72370790223039552874514404589514671448    0.95190774123273379691649682548603274697    0.72370790223039552874514404589514671448   0.023744813991789292496582217637587900273
  0.72370790223039552874514404589514671448   -0.72370790223039552874514404589514671448   -0.95190774123273379691649682548603274697   0.023744813991789292496582217637587900273
 -0.95190774123273379691649682548603274697   -0.72370790223039552874514404589514671448   -0.72370790223039552874514404589514671448   0.023744813991789292496582217637587900273
  0.78190646995369483685803798328507831272    0.35094515894177186676419783881014364536   -0.78190646995369483685803798328507831272   0.037372846396733800909851696687175593952
 -0.78190646995369483685803798328507831272   -0.35094515894177186676419783881014364536    0.78190646995369483685803798328507831272   0.037372846396733800909851696687175593952
 -0.78190646995369483685803798328507831272    0.35094515894177186676419783881014364536   -0.78190646995369483685803798328507831272   0.037372846396733800909851696687175593952
 -0.35094515894177186676419783881014364536   -0.78190646995369483685803798328507831272    0.78190646995369483685803798328507831272   0.037372846396733800909851696687175593952
 -0.78190646995369483685803798328507831272   -0.78190646995369483685803798328507831272    0.35094515894177186676419783881014364536   0.037372846396733800909851696687175593952
  0.35094515894177186676419783881014364536    0.78190646995369483685803798328507831272   -0.78190646995369483685803798328507831272   0.037372846396733800909851696687175593952
  0.78190646995369483685803798328507831272   -0.35094515894177186676419783881014364536   -0.78190646995369483685803798328507831272   0.037372846396733800909851696687175593952
  0.78190646995369483685803798328507831272   -0.35094515894177186676419783881014364536    0.78190646995369483685803798328507831272   0.037372846396733800909851696687175593952
 -0.78190646995369483685803798328507831272   -0.35094515894177186676419783881014364536   -0.78190646995369483685803798328507831272   0.037372846396733800909851696687175593952
  0.78190646995369483685803798328507831272    0.78190646995369483685803798328507831272   -0.35094515894177186676419783881014364536   0.037372846396733800909851696687175593952
 -0.35094515894177186676419783881014364536    0.78190646995369483685803798328507831272   -0.78190646995369483685803798328507831272   0.037372846396733800909851696687175593952
 -0.78190646995369483685803798328507831272    0.78190646995369483685803798328507831272   -0.35094515894177186676419783881014364536   0.037372846396733800909851696687175593952
 -0.78190646995369483685803798328507831272    0.78190646995369483685803798328507831272    0.35094515894177186676419783881014364536   0.037372846396733800909851696687175593952
 -0.78190646995369483685803798328507831272   -0.78190646995369483685803798328507831272   -0.35094515894177186676419783881014364536   0.037372846396733800909851696687175593952
  0.78190646995369483685803798328507831272   -0.78190646995369483685803798328507831272    0.35094515894177186676419783881014364536   0.037372846396733800909851696687175593952
  0.35094515894177186676419783881014364536   -0.78190646995369483685803798328507831272   -0.78190646995369483685803798328507831272   0.037372846396733800909851696687175593952
  0.78190646995369483685803798328507831272    0.35094515894177186676419783881014364536    0.78190646995369483685803798328507831272   0.037372846396733800909851696687175593952
  0.35094515894177186676419783881014364536    0.78190646995369483685803798328507831272    0.78190646995369483685803798328507831272   0.037372846396733800909851696687175593952
  0.35094515894177186676419783881014364536   -0.78190646995369483685803798328507831272    0.78190646995369483685803798328507831272   0.037372846396733800909851696687175593952
 -0.35094515894177186676419783881014364536    0.78190646995369483685803798328507831272    0.78190646995369483685803798328507831272   0.037372846396733800909851696687175593952
  0.78190646995369483685803798328507831272    0.78190646995369483685803798328507831272    0.35094515894177186676419783881014364536   0.037372846396733800909851696687175593952
 -0.78190646995369483685803798328507831272    0.35094515894177186676419783881014364536    0.78190646995369483685803798328507831272   0.037372846396733800909851696687175593952
  0.78190646995369483685803798328507831272   -0.78190646995369483685803798328507831272   -0.35094515894177186676419783881014364536   0.037372846396733800909851696687175593952
 -0.35094515894177186676419783881014364536   -0.78190646995369483685803798328507831272   -0.78190646995369483685803798328507831272   0.037372846396733800909851696687175593952
  0.95474091838637125212281788688278859909    0.38636912226329534311547607908600695471   -0.95474091838637125212281788688278859909   0.011497762232619575645224686476832339517
 -0.95474091838637125212281788688278859909   -0.38636912226329534311547607908600695471    0.95474091838637125212281788688278859909   0.011497762232619575645224686476832339517
 -0.95474091838637125212281788688278859909    0.38636912226329534311547607908600695471   -0.95474091838637125212281788688278859909   0.011497762232619575645224686476832339517
 -0.38636912226329534311547607908600695471   -0.95474091838637125212281788688278859909    0.95474091838637125212281788688278859909   0.011497762232619575645224686476832339517
 -0.95474091838637125212281788688278859909   -0.95474091838637125212281788688278859909    0.38636912226329534311547607908600695471   0.011497762232619575645224686476832339517
  0.38636912226329534311547607908600695471    0.95474091838637125212281788688278859909   -0.95474091838637125212281788688278859909   0.011497762232619575645224686476832339517
  0.95474091838637125212281788688278859909   -0.38636912226329534311547607908600695471   -0.95474091838637125212281788688278859909   0.011497762232619575645224686476832339517
  0.95474091838637125212281788688278859909   -0.38636912226329534311547607908600695471    0.95474091838637125212281788688278859909   0.011497762232619575645224686476832339517
 -0.95474091838637125212281788688278859909   -0.38636912226329534311547607908600695471   -0.95474091838637125212281788688278859909   0.011497762232619575645224686476832339517
  0.95474091838637125212281788688278859909    0.95474091838637125212281788688278859909   -0.38636912226329534311547607908600695471   0.011497762232619575645224686476832339517
 -0.38636912226329534311547607908600695471    0.95474091838637125212281788688278859909   -0.95474091838637125212281788688278859909   0.011497762232619575645224686476832339517
 -0.95474091838637125212281788688278859909    0.95474091838637125212281788688278859909   -0.38636912226329534311547607908600695471   0.011497762232619575645224686476832339517
 -0.95474091838637125212281788688278859909    0.95474091838637125212281788688278859909    0.38636912226329534311547607908600695471   0.011497762232619575645224686476832339517
 -0.95474091838637125212281788688278859909   -0.95474091838637125212281788688278859909   -0.38636912226329534311547607908600695471   0.011497762232619575645224686476832339517
  0.95474091838637125212281788688278859909   -0.95474091838637125212281788688278859909    0.38636912226329534311547607908600695471   0.011497762232619575645224686476832339517
  0.38636912226329534311547607908600695471   -0.95474091838637125212281788688278859909   -0.95474091838637125212281788688278859909   0.011497762232619575645224686476832339517
  0.95474091838637125212281788688278859909    0.38636912226329534311547607908600695471    0.95474091838637125212281788688278859909   0.011497762232619575645224686476832339517
  0.38636912226329534311547607908600695471    0.95474091838637125212281788688278859909    0.95474091838637125212281788688278859909   0.011497762232619575645224686476832339517
  0.38636912226329534311547607908600695471   -0.95474091838637125212281788688278859909    0.95474091838637125212281788688278859909   0.011497762232619575645224686476832339517
 -0.38636912226329534311547607908600695471    0.95474091838637125212281788688278859909    0.95474091838637125212281788688278859909   0.011497762232619575645224686476832339517
  0.95474091838637125212281788688278859909    0.95474091838637125212281788688278859909    0.38636912226329534311547607908600695471   0.011497762232619575645224686476832339517
 -0.95474091838637125212281788688278859909    0.38636912226329534311547607908600695471    0.95474091838637125212281788688278859909   0.011497762232619575645224686476832339517
  0.95474091838637125212281788688278859909   -0.95474091838637125212281788688278859909   -0.38636912226329534311547607908600695471   0.011497762232619575645224686476832339517
 -0.38636912226329534311547607908600695471   -0.95474091838637125212281788688278859909   -0.95474091838637125212281788688278859909   0.011497762232619575645224686476832339517

