-0.61368146959170899383488488974055688452                                          0                                          0   0.43327499574965454300983079319432200813
                                        0                                          0   0.61368146959170899383488488974055688452   0.43327499574965454300983079319432200813
                                        0   0.61368146959170899383488488974055688452                                          0   0.43327499574965454300983079319432200813
                                        0                                          0  -0.61368146959170899383488488974055688452   0.43327499574965454300983079319432200813
 0.61368146959170899383488488974055688452                                          0                                          0   0.43327499574965454300983079319432200813
                                        0  -0.61368146959170899383488488974055688452                                          0   0.43327499574965454300983079319432200813
 0.87009978466197591761506380886392483306  -0.87009978466197591761506380886392483306  -0.87009978466197591761506380886392483306  0.050148795299349029867451487724661687604
-0.87009978466197591761506380886392483306   0.87009978466197591761506380886392483306   0.87009978466197591761506380886392483306  0.050148795299349029867451487724661687604
-0.87009978466197591761506380886392483306   0.87009978466197591761506380886392483306  -0.87009978466197591761506380886392483306  0.050148795299349029867451487724661687604
-0.87009978466197591761506380886392483306  -0.87009978466197591761506380886392483306  -0.87009978466197591761506380886392483306  0.050148795299349029867451487724661687604
-0.87009978466197591761506380886392483306  -0.87009978466197591761506380886392483306   0.87009978466197591761506380886392483306  0.050148795299349029867451487724661687604
 0.87009978466197591761506380886392483306   0.87009978466197591761506380886392483306  -0.87009978466197591761506380886392483306  0.050148795299349029867451487724661687604
 0.87009978466197591761506380886392483306   0.87009978466197591761506380886392483306   0.87009978466197591761506380886392483306  0.050148795299349029867451487724661687604
 0.87009978466197591761506380886392483306  -0.87009978466197591761506380886392483306   0.87009978466197591761506380886392483306  0.050148795299349029867451487724661687604
 0.56411080702003005426661899866307283066  -0.56411080702003005426661899866307283066  -0.56411080702003005426661899866307283066   0.19885983814402350032086871858560920797
-0.56411080702003005426661899866307283066   0.56411080702003005426661899866307283066   0.56411080702003005426661899866307283066   0.19885983814402350032086871858560920797
-0.56411080702003005426661899866307283066   0.56411080702003005426661899866307283066  -0.56411080702003005426661899866307283066   0.19885983814402350032086871858560920797
-0.56411080702003005426661899866307283066  -0.56411080702003005426661899866307283066  -0.56411080702003005426661899866307283066   0.19885983814402350032086871858560920797
-0.56411080702003005426661899866307283066  -0.56411080702003005426661899866307283066   0.56411080702003005426661899866307283066   0.19885983814402350032086871858560920797
 0.56411080702003005426661899866307283066   0.56411080702003005426661899866307283066  -0.56411080702003005426661899866307283066   0.19885983814402350032086871858560920797
 0.56411080702003005426661899866307283066   0.56411080702003005426661899866307283066   0.56411080702003005426661899866307283066   0.19885983814402350032086871858560920797
 0.56411080702003005426661899866307283066  -0.56411080702003005426661899866307283066   0.56411080702003005426661899866307283066   0.19885983814402350032086871858560920797
-0.87768712325767828648677575899433236264  -0.87768712325767828648677575899433236264                                          0  0.091789806136177642171244588919646331302
 0.87768712325767828648677575899433236264                                          0  -0.87768712325767828648677575899433236264  0.091789806136177642171244588919646331302
                                        0   0.87768712325767828648677575899433236264  -0.87768712325767828648677575899433236264  0.091789806136177642171244588919646331302
 0.87768712325767828648677575899433236264   0.87768712325767828648677575899433236264                                          0  0.091789806136177642171244588919646331302
 0.87768712325767828648677575899433236264                                          0   0.87768712325767828648677575899433236264  0.091789806136177642171244588919646331302
                                        0  -0.87768712325767828648677575899433236264   0.87768712325767828648677575899433236264  0.091789806136177642171244588919646331302
                                        0  -0.87768712325767828648677575899433236264  -0.87768712325767828648677575899433236264  0.091789806136177642171244588919646331302
-0.87768712325767828648677575899433236264                                          0   0.87768712325767828648677575899433236264  0.091789806136177642171244588919646331302
-0.87768712325767828648677575899433236264   0.87768712325767828648677575899433236264                                          0  0.091789806136177642171244588919646331302
 0.87768712325767828648677575899433236264  -0.87768712325767828648677575899433236264                                          0  0.091789806136177642171244588919646331302
                                        0   0.87768712325767828648677575899433236264   0.87768712325767828648677575899433236264  0.091789806136177642171244588919646331302
-0.87768712325767828648677575899433236264                                          0  -0.87768712325767828648677575899433236264  0.091789806136177642171244588919646331302
 0.43226790263086216441602486151694383909   0.93853042186467174532897686960307879508  -0.43226790263086216441602486151694383909   0.09611680351337336643247993847150603379
-0.43226790263086216441602486151694383909  -0.93853042186467174532897686960307879508   0.43226790263086216441602486151694383909   0.09611680351337336643247993847150603379
-0.43226790263086216441602486151694383909   0.93853042186467174532897686960307879508  -0.43226790263086216441602486151694383909   0.09611680351337336643247993847150603379
-0.93853042186467174532897686960307879508  -0.43226790263086216441602486151694383909   0.43226790263086216441602486151694383909   0.09611680351337336643247993847150603379
-0.43226790263086216441602486151694383909  -0.43226790263086216441602486151694383909   0.93853042186467174532897686960307879508   0.09611680351337336643247993847150603379
 0.93853042186467174532897686960307879508   0.43226790263086216441602486151694383909  -0.43226790263086216441602486151694383909   0.09611680351337336643247993847150603379
 0.43226790263086216441602486151694383909  -0.93853042186467174532897686960307879508  -0.43226790263086216441602486151694383909   0.09611680351337336643247993847150603379
 0.43226790263086216441602486151694383909  -0.93853042186467174532897686960307879508   0.43226790263086216441602486151694383909   0.09611680351337336643247993847150603379
-0.43226790263086216441602486151694383909  -0.93853042186467174532897686960307879508  -0.43226790263086216441602486151694383909   0.09611680351337336643247993847150603379
 0.43226790263086216441602486151694383909   0.43226790263086216441602486151694383909  -0.93853042186467174532897686960307879508   0.09611680351337336643247993847150603379
-0.93853042186467174532897686960307879508   0.43226790263086216441602486151694383909  -0.43226790263086216441602486151694383909   0.09611680351337336643247993847150603379
-0.43226790263086216441602486151694383909   0.43226790263086216441602486151694383909  -0.93853042186467174532897686960307879508   0.09611680351337336643247993847150603379
-0.43226790263086216441602486151694383909   0.43226790263086216441602486151694383909   0.93853042186467174532897686960307879508   0.09611680351337336643247993847150603379
-0.43226790263086216441602486151694383909  -0.43226790263086216441602486151694383909  -0.93853042186467174532897686960307879508   0.09611680351337336643247993847150603379
 0.43226790263086216441602486151694383909  -0.43226790263086216441602486151694383909   0.93853042186467174532897686960307879508   0.09611680351337336643247993847150603379
 0.93853042186467174532897686960307879508  -0.43226790263086216441602486151694383909  -0.43226790263086216441602486151694383909   0.09611680351337336643247993847150603379
 0.43226790263086216441602486151694383909   0.93853042186467174532897686960307879508   0.43226790263086216441602486151694383909   0.09611680351337336643247993847150603379
 0.93853042186467174532897686960307879508   0.43226790263086216441602486151694383909   0.43226790263086216441602486151694383909   0.09611680351337336643247993847150603379
 0.93853042186467174532897686960307879508  -0.43226790263086216441602486151694383909   0.43226790263086216441602486151694383909   0.09611680351337336643247993847150603379
-0.93853042186467174532897686960307879508   0.43226790263086216441602486151694383909   0.43226790263086216441602486151694383909   0.09611680351337336643247993847150603379
 0.43226790263086216441602486151694383909   0.43226790263086216441602486151694383909   0.93853042186467174532897686960307879508   0.09611680351337336643247993847150603379
-0.43226790263086216441602486151694383909   0.93853042186467174532897686960307879508   0.43226790263086216441602486151694383909   0.09611680351337336643247993847150603379
 0.43226790263086216441602486151694383909  -0.43226790263086216441602486151694383909  -0.93853042186467174532897686960307879508   0.09611680351337336643247993847150603379
-0.93853042186467174532897686960307879508  -0.43226790263086216441602486151694383909  -0.43226790263086216441602486151694383909   0.09611680351337336643247993847150603379
