-0.987992518020485428489565718587 0.0307532419961172683546283935772
-0.93727339240070590430775894771 0.0703660474881081247092674164507
-0.848206583410427216200648320774 0.107159220467171935011869546686
-0.724417731360170047416186054614 0.139570677926154314447804794511
-0.570972172608538847537226737254 0.166269205816993933553200860481
-0.394151347077563369897207370981 0.186161000015562211026800561866
-0.201194093997434522300628303395 0.198431485327111576456118326444
0.0 0.202578241925561272880620199968
0.201194093997434522300628303395 0.198431485327111576456118326444
0.394151347077563369897207370981 0.186161000015562211026800561866
0.570972172608538847537226737254 0.166269205816993933553200860481
0.724417731360170047416186054614 0.139570677926154314447804794511
0.848206583410427216200648320774 0.107159220467171935011869546686
0.93727339240070590430775894771 0.0703660474881081247092674164507
0.987992518020485428489565718587 0.0307532419961172683546283935772
