-1.0 0.00952380952380952380952380952381
-0.96524592650383857279585139207 0.0580298930286012490968805840253
-0.885082044222976298825401631482 0.101660070325718067603666170789
-0.763519689951815200704118475976 0.140511699802428109460446805644
-0.606253205469845711123529938637 0.172789647253600949052077099408
-0.420638054713672480921896938739 0.196987235964613356092500346507
-0.215353955363794238225679446273 0.211973585926820920127430076977
0.0 0.217048116348815649514950214251
0.215353955363794238225679446273 0.211973585926820920127430076977
0.420638054713672480921896938739 0.196987235964613356092500346507
0.606253205469845711123529938637 0.172789647253600949052077099408
0.763519689951815200704118475976 0.140511699802428109460446805644
0.885082044222976298825401631482 0.101660070325718067603666170789
0.96524592650383857279585139207 0.0580298930286012490968805840253
1.0 0.00952380952380952380952380952381
