-0.981560634246719250690549090149 0.047175336386511827194615961485
-0.904117256370474856678465866119 0.106939325995318430960254718194
-0.769902674194304687036893833213 0.160078328543346226334652529543
-0.587317954286617447296702418941 0.20316742672306592174906445581
-0.367831498998180193752691536644 0.233492536538354808760849898925
-0.125233408511468915472441369464 0.249147045813402785000562436043
0.125233408511468915472441369464 0.249147045813402785000562436043
0.367831498998180193752691536644 0.233492536538354808760849898925
0.587317954286617447296702418941 0.20316742672306592174906445581
0.769902674194304687036893833213 0.160078328543346226334652529543
0.904117256370474856678465866119 0.106939325995318430960254718194
0.981560634246719250690549090149 0.047175336386511827194615961485
