-1.0 0.00584795321637426900584795321637
-0.97861176622208009515263406311 0.0357933651861764771154255690351
-0.928901528152586243717940258797 0.0633818917626297368516956904183
-0.852460577796646093085955970041 0.0891317570992070844480087905562
-0.751494202552613014163637489634 0.112315341477305044070910015464
-0.628908137265220497766832306229 0.13226728044875077692604673391
-0.488229285680713502777909637625 0.148413942595938885009680643668
-0.333504847824498610298500103845 0.160290924044061241979910968184
-0.169186023409281571375154153445 0.16755658452714286727013727774
0.0 0.170001919284827234644672715617
0.169186023409281571375154153445 0.16755658452714286727013727774
0.333504847824498610298500103845 0.160290924044061241979910968184
0.488229285680713502777909637625 0.148413942595938885009680643668
0.628908137265220497766832306229 0.13226728044875077692604673391
0.751494202552613014163637489634 0.112315341477305044070910015464
0.852460577796646093085955970041 0.0891317570992070844480087905562
0.928901528152586243717940258797 0.0633818917626297368516956904183
0.97861176622208009515263406311 0.0357933651861764771154255690351
1.0 0.00584795321637426900584795321637
