-1.0 0.00833333333333333333333333333333
-0.969568046270217932952242738367 0.0508503610059199054032449195655
-0.89920053309347209299462826152 0.0893936973259308009910520801661
-0.792008291861815063931088270963 0.124255382132514098349536332657
-0.652388702882493089467883219641 0.154026980807164280815644940485
-0.486059421887137611781890785847 0.177491913391704125301075669528
-0.299830468900763208098353454722 0.193690023825203584316913598854
-0.101326273521949447843033005046 0.201958308178229871489199125411
0.101326273521949447843033005046 0.201958308178229871489199125411
0.299830468900763208098353454722 0.193690023825203584316913598854
0.486059421887137611781890785847 0.177491913391704125301075669528
0.652388702882493089467883219641 0.154026980807164280815644940485
0.792008291861815063931088270963 0.124255382132514098349536332657
0.89920053309347209299462826152 0.0893936973259308009910520801661
0.969568046270217932952242738367 0.0508503610059199054032449195655
1.0 0.00833333333333333333333333333333
