-1.0 0.0151515151515151515151515151515
-0.944899272222882223407580138303 0.0916845174131961306683425941341
-0.819279321644006678348641581717 0.1579747055643701151646710627
-0.632876153031860677662404854444 0.212508417761021145358302077367
-0.399530940965348932264349791567 0.251275603199201280293244412148
-0.13655293285492755486406185574 0.2714052409106961770002883385
0.13655293285492755486406185574 0.2714052409106961770002883385
0.399530940965348932264349791567 0.251275603199201280293244412148
0.632876153031860677662404854444 0.212508417761021145358302077367
0.819279321644006678348641581717 0.1579747055643701151646710627
0.944899272222882223407580138303 0.0916845174131961306683425941341
1.0 0.0151515151515151515151515151515
