-1.0 0.010989010989010989010989010989
-0.959935045267260901355100162015 0.0668372844976812846340706607461
-0.867801053830347251000220202908 0.116586655898711651540996670655
-0.728868599091326140584672400521 0.160021851762952142412820997988
-0.550639402928647055316622705859 0.194826149373416118640331778376
-0.342724013342712845043903403642 0.219126253009770754871162523954
-0.116331868883703867658776709736 0.231612794468457058889628357293
0.116331868883703867658776709736 0.231612794468457058889628357293
0.342724013342712845043903403642 0.219126253009770754871162523954
0.550639402928647055316622705859 0.194826149373416118640331778376
0.728868599091326140584672400521 0.160021851762952142412820997988
0.867801053830347251000220202908 0.116586655898711651540996670655
0.959935045267260901355100162015 0.0668372844976812846340706607461
1.0 0.010989010989010989010989010989
