-0.978228658146056992803938001123 0.0556685671161736664827537204425
-0.887062599768095299075157769304 0.125580369464904624634694299224
-0.730152005574049324093416252031 0.186290210927734251426097641432
-0.519096129206811815925725669459 0.233193764591990479918523704843
-0.269543155952344972331531985401 0.262804544510246662180688869891
0.0 0.272925086777900630714483528336
0.269543155952344972331531985401 0.262804544510246662180688869891
0.519096129206811815925725669459 0.233193764591990479918523704843
0.730152005574049324093416252031 0.186290210927734251426097641432
0.887062599768095299075157769304 0.125580369464904624634694299224
0.978228658146056992803938001123 0.0556685671161736664827537204425
