-0.98940093499164993259615417345 0.027152459411754094851780572456
-0.944575023073232576077988415535 0.0622535239386478928628438369944
-0.865631202387831743880467897712 0.0951585116824927848099251076022
-0.755404408355003033895101194847 0.124628971255533872052476282192
-0.617876244402643748446671764049 0.149595988816576732081501730547
-0.458016777657227386342419442984 0.16915651939500253818931207903
-0.28160355077925891323046050146 0.182603415044923588866763667969
-0.095012509837637440185319335425 0.189450610455068496285396723208
0.095012509837637440185319335425 0.189450610455068496285396723208
0.28160355077925891323046050146 0.182603415044923588866763667969
0.458016777657227386342419442984 0.16915651939500253818931207903
0.617876244402643748446671764049 0.149595988816576732081501730547
0.755404408355003033895101194847 0.124628971255533872052476282192
0.865631202387831743880467897712 0.0951585116824927848099251076022
0.944575023073232576077988415535 0.0622535239386478928628438369944
0.98940093499164993259615417345 0.027152459411754094851780572456
