-1.0 0.0181818181818181818181818181818
-0.934001430408059134332274136099 0.10961227326699486446140344958
-0.784483473663144418622417816108 0.187169881780305204108141521899
-0.565235326996205006470963969478 0.248048104264028314040084866422
-0.295758135586939391431911515559 0.286879124779008088679222403332
0.0 0.30021759545569069378593188117
0.295758135586939391431911515559 0.286879124779008088679222403332
0.565235326996205006470963969478 0.248048104264028314040084866422
0.784483473663144418622417816108 0.187169881780305204108141521899
0.934001430408059134332274136099 0.10961227326699486446140344958
1.0 0.0181818181818181818181818181818
