-1.0 0.00653594771241830065359477124183
-0.976105557412198542864518924342 0.0399706288109140661375991764101
-0.920649185347533873837854625431 0.0706371668856336649992229601678
-0.835593535218090213713646362328 0.0990162717175028023944236053187
-0.723679329283242681306210365302 0.124210533132967100263396358897
-0.588504834318661761173535893194 0.145411961573802267983003210494
-0.434415036912123975342287136741 0.1619395172376024892643267067
-0.266362652878280984167665332026 0.173262109489456226010614403827
-0.0897490934846521110226450100886 0.179015863439703082293818806944
0.0897490934846521110226450100886 0.179015863439703082293818806944
0.266362652878280984167665332026 0.173262109489456226010614403827
0.434415036912123975342287136741 0.1619395172376024892643267067
0.588504834318661761173535893194 0.145411961573802267983003210494
0.723679329283242681306210365302 0.124210533132967100263396358897
0.835593535218090213713646362328 0.0990162717175028023944236053187
0.920649185347533873837854625431 0.0706371668856336649992229601678
0.976105557412198542864518924342 0.0399706288109140661375991764101
1.0 0.00653594771241830065359477124183
