-0.973906528517171720077964012084 0.0666713443086881375935688098933
-0.865063366688984510732096688423 0.149451349150580593145776339658
-0.679409568299024406234327365115 0.219086362515982043995534934228
-0.433395394129247190799265943166 0.269266719309996355091226921569
-0.14887433898163121088482600113 0.295524224714752870173892994651
0.14887433898163121088482600113 0.295524224714752870173892994651
0.433395394129247190799265943166 0.269266719309996355091226921569
0.679409568299024406234327365115 0.219086362515982043995534934228
0.865063366688984510732096688423 0.149451349150580593145776339658
0.973906528517171720077964012084 0.0666713443086881375935688098933
