-1.0 0.00526315789473684210526315789474
-0.980743704893914171925446438584 0.0322371231884889414916050281173
-0.935934498812665435716181584931 0.0571818021275668260047536271732
-0.866877978089950141309847214616 0.0806317639961196031447768461137
-0.775368260952055870414317527595 0.101991499699450815683781205733
-0.663776402290311289846403322971 0.120709227628674725099429705002
-0.534992864031886261648135961829 0.136300482358724184489780792989
-0.392353183713909299386474703816 0.148361554070916825814713013734
-0.239551705922986495182401356927 0.156580102647475487158169896794
-0.0805459372388218379759445181596 0.160743286387845749007726726449
0.0805459372388218379759445181596 0.160743286387845749007726726449
0.239551705922986495182401356927 0.156580102647475487158169896794
0.392353183713909299386474703816 0.148361554070916825814713013734
0.534992864031886261648135961829 0.136300482358724184489780792989
0.663776402290311289846403322971 0.120709227628674725099429705002
0.775368260952055870414317527595 0.101991499699450815683781205733
0.866877978089950141309847214616 0.0806317639961196031447768461137
0.935934498812665435716181584931 0.0571818021275668260047536271732
0.980743704893914171925446438584 0.0322371231884889414916050281173
1.0 0.00526315789473684210526315789474
