-0.993128599185094924786122388471 0.0176140071391521183118619623519
-0.963971927277913791267666131197 0.0406014298003869413310399522749
-0.912234428251325905867752441203 0.062672048334109063569506535187
-0.839116971822218823394529061702 0.083276741576704748724758143222
-0.746331906460150792614305070356 0.10193011981724043503675013548
-0.636053680726515025452836696226 0.118194531961518417312377377711
-0.510867001950827098004364050955 0.131688638449176626898494499748
-0.373706088715419560672548177025 0.142096109318382051329298325067
-0.227785851141645078080496195369 0.149172986472603746787828737002
-0.0765265211334973337546404093988 0.152753387130725850698084331955
0.0765265211334973337546404093988 0.152753387130725850698084331955
0.227785851141645078080496195369 0.149172986472603746787828737002
0.373706088715419560672548177025 0.142096109318382051329298325067
0.510867001950827098004364050955 0.131688638449176626898494499748
0.636053680726515025452836696226 0.118194531961518417312377377711
0.746331906460150792614305070356 0.10193011981724043503675013548
0.839116971822218823394529061702 0.083276741576704748724758143222
0.912234428251325905867752441203 0.062672048334109063569506535187
0.963971927277913791267666131197 0.0406014298003869413310399522749
0.993128599185094924786122388471 0.0176140071391521183118619623519
