-0.990575475314417335675434019941 0.0241483028685479319601100262876
-0.950675521768767761222716957896 0.0554595293739872011294401653582
-0.880239153726985902122955694488 0.0850361483171791808835353701911
-0.78151400389680140692523005552 0.111883847193403971094788385626
-0.657671159216690765850302216643 0.135136368468525473286319981702
-0.51269053708647696788624656863 0.154045761076810288081431594802
-0.351231763453876315297185517095 0.168004102156450044509970663788
-0.178484181495847855850677493654 0.176562705366992646325270990113
0.0 0.179446470356206525458265644262
0.178484181495847855850677493654 0.176562705366992646325270990113
0.351231763453876315297185517095 0.168004102156450044509970663788
0.51269053708647696788624656863 0.154045761076810288081431594802
0.657671159216690765850302216643 0.135136368468525473286319981702
0.78151400389680140692523005552 0.111883847193403971094788385626
0.880239153726985902122955694488 0.0850361483171791808835353701911
0.950675521768767761222716957896 0.0554595293739872011294401653582
0.990575475314417335675434019941 0.0241483028685479319601100262876
