-0.991565168420930946730016004706 0.0216160135264833103133427102665
-0.95582394957139775518119589293 0.0497145488949697964533349462026
-0.892602466497555739206060591127 0.0764257302548890565291296776166
-0.803704958972523115682417455015 0.100942044106287165562813984925
-0.691687043060353207874891081289 0.1225552067114784601845191268
-0.559770831073947534607871548525 0.140642914670650651204731303752
-0.411751161462842646035931793833 0.154684675126265244925418003836
-0.251886225691505509588972854878 0.164276483745832722986053776466
-0.0847750130417353012422618529358 0.169142382963143591840656470135
0.0847750130417353012422618529358 0.169142382963143591840656470135
0.251886225691505509588972854878 0.164276483745832722986053776466
0.411751161462842646035931793833 0.154684675126265244925418003836
0.559770831073947534607871548525 0.140642914670650651204731303752
0.691687043060353207874891081289 0.1225552067114784601845191268
0.803704958972523115682417455015 0.100942044106287165562813984925
0.892602466497555739206060591127 0.0764257302548890565291296776166
0.95582394957139775518119589293 0.0497145488949697964533349462026
0.991565168420930946730016004706 0.0216160135264833103133427102665
