-0.992406843843584403189017670253 0.0194617882297264770363120414644
-0.960208152134830030852778840688 0.044814226765699600332838157402
-0.903155903614817901642660928532 0.069044542737641226580708258006
-0.822714656537142824978922486713 0.0914900216224499994644620941238
-0.720966177335229378617095860824 0.111566645547333994716023901682
-0.600545304661681023469638164946 0.128753962539336227675515784857
-0.464570741375960945717267148104 0.142606702173606611775746109442
-0.31656409996362983199011732885 0.152766042065859666778855400898
-0.160358645640225375868096115741 0.158968843393954347649956439465
0.0 0.161054449848783695979163625321
0.160358645640225375868096115741 0.158968843393954347649956439465
0.31656409996362983199011732885 0.152766042065859666778855400898
0.464570741375960945717267148104 0.142606702173606611775746109442
0.600545304661681023469638164946 0.128753962539336227675515784857
0.720966177335229378617095860824 0.111566645547333994716023901682
0.822714656537142824978922486713 0.0914900216224499994644620941238
0.903155903614817901642660928532 0.069044542737641226580708258006
0.960208152134830030852778840688 0.044814226765699600332838157402
0.992406843843584403189017670253 0.0194617882297264770363120414644
