-0.984183054718588149472829448807 0.040484004765315879520021592201
-0.917598399222977965206547836501 0.0921214998377284479144217759538
-0.801578090733309912794206489583 0.138873510219787238463601776869
-0.642349339440340220643984606996 0.178145980761945738280046691996
-0.448492751036446852877912852128 0.207816047536888502312523219306
-0.230458315955134794065528121098 0.22628318026289723841209018604
0.0 0.232551553230873910194589515269
0.230458315955134794065528121098 0.22628318026289723841209018604
0.448492751036446852877912852128 0.207816047536888502312523219306
0.642349339440340220643984606996 0.178145980761945738280046691996
0.801578090733309912794206489583 0.138873510219787238463601776869
0.917598399222977965206547836501 0.0921214998377284479144217759538
0.984183054718588149472829448807 0.040484004765315879520021592201
