-0.986283808696812338841597266704 0.0351194603317518630318328761382
-0.928434883663573517336391139378 0.0801580871597602098056332770629
-0.82720131506976499318979474265 0.121518570687903184689414809072
-0.687292904811685470148019803019 0.157203167158193534569601938624
-0.515248636358154091965290718551 0.185538397477937813741716590125
-0.319112368927889760435671824168 0.205198463721295603965924065661
-0.10805494870734366206624465022 0.215263853463157790195876443316
0.10805494870734366206624465022 0.215263853463157790195876443316
0.319112368927889760435671824168 0.205198463721295603965924065661
0.515248636358154091965290718551 0.185538397477937813741716590125
0.687292904811685470148019803019 0.157203167158193534569601938624
0.82720131506976499318979474265 0.121518570687903184689414809072
0.928434883663573517336391139378 0.0801580871597602098056332770629
0.986283808696812338841597266704 0.0351194603317518630318328761382
