-1.0 0.0222222222222222222222222222222
-0.919533908166458813828932660822 0.133305990851070111126227170755
-0.73877386510550507500310617486 0.224889342063126452119457821731
-0.477924949810444495661175092731 0.292042683679683757875582257374
-0.165278957666387024626219765958 0.327539761183897456656510527917
0.165278957666387024626219765958 0.327539761183897456656510527917
0.477924949810444495661175092731 0.292042683679683757875582257374
0.73877386510550507500310617486 0.224889342063126452119457821731
0.919533908166458813828932660822 0.133305990851070111126227170755
1.0 0.0222222222222222222222222222222
