-1.0 0.0128205128205128205128205128205
-0.953309846642163911896905464755 0.0778016867468189277935889883331
-0.846347564651872316865925607099 0.134981926689608349119914762589
-0.686188469081757426072759039566 0.183646865203550092007494258747
-0.482909821091336201746937233637 0.220767793566110086085534008379
-0.249286930106239992568673700374 0.24401579030667635645857814836
0.0 0.251930849333446736044138641541
0.249286930106239992568673700374 0.24401579030667635645857814836
0.482909821091336201746937233637 0.220767793566110086085534008379
0.686188469081757426072759039566 0.183646865203550092007494258747
0.846347564651872316865925607099 0.134981926689608349119914762589
0.953309846642163911896905464755 0.0778016867468189277935889883331
1.0 0.0128205128205128205128205128205
