-1.0 0.00735294117647058823529411764706
-0.973132176631418314156979501874 0.0449219405432542096474009546232
-0.910879995915573595623802506398 0.0791982705036871191902644299528
-0.815696251221770307106750553238 0.11059290900702816137577270522
-0.691028980627684705394919357372 0.137987746201926559056201574954
-0.541385399330101539123733407504 0.160394661997621539516328365865
-0.372174433565477041907234680735 0.177004253515657870436945745363
-0.189511973518317388304263014753 0.187216339677619235892088482861
0.0 0.190661874753469433299407247028
0.189511973518317388304263014753 0.187216339677619235892088482861
0.372174433565477041907234680735 0.177004253515657870436945745363
0.541385399330101539123733407504 0.160394661997621539516328365865
0.691028980627684705394919357372 0.137987746201926559056201574954
0.815696251221770307106750553238 0.11059290900702816137577270522
0.910879995915573595623802506398 0.0791982705036871191902644299528
0.973132176631418314156979501874 0.0449219405432542096474009546232
1.0 0.00735294117647058823529411764706
