-1 -1 -1
-0.765055323929465 -1 -1
-0.285231516480645 -1 -1
0.285231516480645 -1 -1
0.765055323929465 -1 -1
1 -1 -1
-1 -0.765055323929465 -1
-0.68854346464994 -0.68854346464994 -1
-0.165752193680209 -0.668495612639582 -1
0.377086929299879 -0.68854346464994 -1
0.765055323929465 -0.765055323929465 -1
-1 -0.285231516480645 -1
-0.668495612639582 -0.165752193680209 -1
-0.165752193680209 -0.165752193680209 -1
0.285231516480645 -0.285231516480645 -1
-1 0.285231516480645 -1
-0.68854346464994 0.377086929299879 -1
-0.285231516480645 0.285231516480645 -1
-1 0.765055323929465 -1
-0.765055323929465 0.765055323929465 -1
-1 1 -1
-1 -1 -0.765055323929465
-0.68854346464994 -1 -0.68854346464994
-0.165752193680209 -1 -0.668495612639582
0.377086929299879 -1 -0.68854346464994
0.765055323929465 -1 -0.765055323929465
-1 -0.68854346464994 -0.68854346464994
-0.622331815219382 -0.622331815219382 -0.622331815219382
-0.133004554341855 -0.622331815219382 -0.622331815219382
0.377086929299879 -0.68854346464994 -0.68854346464994
-1 -0.165752193680209 -0.668495612639582
-0.622331815219382 -0.133004554341855 -0.622331815219382
-0.165752193680209 -0.165752193680209 -0.668495612639582
-1 0.377086929299879 -0.68854346464994
-0.68854346464994 0.377086929299879 -0.68854346464994
-1 0.765055323929465 -0.765055323929465
-1 -1 -0.285231516480645
-0.668495612639582 -1 -0.165752193680209
-0.165752193680209 -1 -0.165752193680209
0.285231516480645 -1 -0.285231516480645
-1 -0.668495612639582 -0.165752193680209
-0.622331815219382 -0.622331815219382 -0.133004554341855
-0.165752193680209 -0.668495612639582 -0.165752193680209
-1 -0.165752193680209 -0.165752193680209
-0.668495612639582 -0.165752193680209 -0.165752193680209
-1 0.285231516480645 -0.285231516480645
-1 -1 0.285231516480645
-0.68854346464994 -1 0.377086929299879
-0.285231516480645 -1 0.285231516480645
-1 -0.68854346464994 0.377086929299879
-0.68854346464994 -0.68854346464994 0.377086929299879
-1 -0.285231516480645 0.285231516480645
-1 -1 0.765055323929465
-0.765055323929465 -1 0.765055323929465
-1 -0.765055323929465 0.765055323929465
-1 -1 1
