-1 -1 -1
-0.871740148509607 -1 -1
-0.591700181433142 -1 -1
-0.209299217902479 -1 -1
0.209299217902479 -1 -1
0.591700181433142 -1 -1
0.871740148509607 -1 -1
1 -1 -1
-1 -0.871740148509607 -1
-0.825283816702066 -0.825283816702066 -1
-0.502211370361115 -0.806699305454614 -1
-0.0989582963347835 -0.802083407330433 -1
0.30891067581573 -0.806699305454614 -1
0.650567633404132 -0.825283816702066 -1
0.871740148509607 -0.871740148509607 -1
-1 -0.591700181433142 -1
-0.806699305454614 -0.502211370361115 -1
-0.466671445131973 -0.466671445131973 -1
-0.0666571097360546 -0.466671445131973 -1
0.30891067581573 -0.502211370361115 -1
0.591700181433142 -0.591700181433142 -1
-1 -0.209299217902479 -1
-0.802083407330433 -0.0989582963347835 -1
-0.466671445131973 -0.0666571097360546 -1
-0.0989582963347835 -0.0989582963347835 -1
0.209299217902479 -0.209299217902479 -1
-1 0.209299217902479 -1
-0.806699305454614 0.30891067581573 -1
-0.502211370361115 0.30891067581573 -1
-0.209299217902479 0.209299217902479 -1
-1 0.591700181433142 -1
-0.825283816702066 0.650567633404132 -1
-0.591700181433142 0.591700181433142 -1
-1 0.871740148509607 -1
-0.871740148509607 0.871740148509607 -1
-1 1 -1
-1 -1 -0.871740148509607
-0.825283816702066 -1 -0.825283816702066
-0.502211370361115 -1 -0.806699305454614
-0.0989582963347835 -1 -0.802083407330433
0.30891067581573 -1 -0.806699305454614
0.650567633404132 -1 -0.825283816702066
0.871740148509607 -1 -0.871740148509607
-1 -0.825283816702066 -0.825283816702066
-0.769697876091516 -0.769697876091516 -0.769697876091516
-0.444458691747614 -0.747954425801985 -0.747954425801985
-0.0596324566484165 -0.747954425801985 -0.747954425801985
0.309093628274547 -0.769697876091516 -0.769697876091516
0.650567633404132 -0.825283816702066 -0.825283816702066
-1 -0.502211370361115 -0.806699305454614
-0.747954425801985 -0.444458691747614 -0.747954425801985
-0.42209801484566 -0.42209801484566 -0.733705955463021
-0.0596324566484165 -0.444458691747614 -0.747954425801985
0.30891067581573 -0.502211370361115 -0.806699305454614
-1 -0.0989582963347835 -0.802083407330433
-0.747954425801985 -0.0596324566484165 -0.747954425801985
-0.444458691747614 -0.0596324566484165 -0.747954425801985
-0.0989582963347835 -0.0989582963347835 -0.802083407330433
-1 0.30891067581573 -0.806699305454614
-0.769697876091516 0.309093628274547 -0.769697876091516
-0.502211370361115 0.30891067581573 -0.806699305454614
-1 0.650567633404132 -0.825283816702066
-0.825283816702066 0.650567633404132 -0.825283816702066
-1 0.871740148509607 -0.871740148509607
-1 -1 -0.591700181433142
-0.806699305454614 -1 -0.502211370361115
-0.466671445131973 -1 -0.466671445131973
-0.0666571097360546 -1 -0.466671445131973
0.30891067581573 -1 -0.502211370361115
0.591700181433142 -1 -0.591700181433142
-1 -0.806699305454614 -0.502211370361115
-0.747954425801985 -0.747954425801985 -0.444458691747614
-0.42209801484566 -0.733705955463021 -0.42209801484566
-0.0596324566484165 -0.747954425801985 -0.444458691747614
0.30891067581573 -0.806699305454614 -0.502211370361115
-1 -0.466671445131973 -0.466671445131973
-0.733705955463021 -0.42209801484566 -0.42209801484566
-0.42209801484566 -0.42209801484566 -0.42209801484566
-0.0666571097360546 -0.466671445131973 -0.466671445131973
-1 -0.0666571097360546 -0.466671445131973
-0.747954425801985 -0.0596324566484165 -0.444458691747614
-0.466671445131973 -0.0666571097360546 -0.466671445131973
-1 0.30891067581573 -0.502211370361115
-0.806699305454614 0.30891067581573 -0.502211370361115
-1 0.591700181433142 -0.591700181433142
-1 -1 -0.209299217902479
-0.802083407330433 -1 -0.0989582963347835
-0.466671445131973 -1 -0.0666571097360546
-0.0989582963347835 -1 -0.0989582963347835
0.209299217902479 -1 -0.209299217902479
-1 -0.802083407330433 -0.0989582963347835
-0.747954425801985 -0.747954425801985 -0.0596324566484165
-0.444458691747614 -0.747954425801985 -0.0596324566484165
-0.0989582963347835 -0.802083407330433 -0.0989582963347835
-1 -0.466671445131973 -0.0666571097360546
-0.747954425801985 -0.444458691747614 -0.0596324566484165
-0.466671445131973 -0.466671445131973 -0.0666571097360546
-1 -0.0989582963347835 -0.0989582963347835
-0.802083407330433 -0.0989582963347835 -0.0989582963347835
-1 0.209299217902479 -0.209299217902479
-1 -1 0.209299217902479
-0.806699305454614 -1 0.30891067581573
-0.502211370361115 -1 0.30891067581573
-0.209299217902479 -1 0.209299217902479
-1 -0.806699305454614 0.30891067581573
-0.769697876091516 -0.769697876091516 0.309093628274547
-0.502211370361115 -0.806699305454614 0.30891067581573
-1 -0.502211370361115 0.30891067581573
-0.806699305454614 -0.502211370361115 0.30891067581573
-1 -0.209299217902479 0.209299217902479
-1 -1 0.591700181433142
-0.825283816702066 -1 0.650567633404132
-0.591700181433142 -1 0.591700181433142
-1 -0.825283816702066 0.650567633404132
-0.825283816702066 -0.825283816702066 0.650567633404132
-1 -0.591700181433142 0.591700181433142
-1 -1 0.871740148509607
-0.871740148509607 -1 0.871740148509607
-1 -0.871740148509607 0.871740148509607
-1 -1 1
