-1 -1 -1
-0.919533908166458 -1 -1
-0.738773865105505 -1 -1
-0.477924949810444 -1 -1
-0.165278957666387 -1 -1
0.165278957666387 -1 -1
0.477924949810444 -1 -1
0.738773865105505 -1 -1
0.919533908166458 -1 -1
1 -1 -1
-1 -0.919533908166458 -1
-0.887821287666183 -0.887821287666183 -1
-0.676262561659657 -0.870178295305142 -1
-0.392677923311438 -0.861634259105177 -1
-0.070434757253211 -0.859130485493578 -1
0.254312182416615 -0.861634259105177 -1
0.546440856964798 -0.870178295305142 -1
0.775642575332365 -0.887821287666183 -1
0.919533908166458 -0.919533908166458 -1
-1 -0.738773865105505 -1
-0.870178295305142 -0.676262561659657 -1
-0.641224783582206 -0.641224783582206 -1
-0.347422918114106 -0.62573097059544 -1
-0.0268461112904544 -0.62573097059544 -1
0.282449567164412 -0.641224783582206 -1
0.546440856964798 -0.676262561659657 -1
0.738773865105505 -0.738773865105505 -1
-1 -0.477924949810444 -1
-0.861634259105177 -0.392677923311438 -1
-0.62573097059544 -0.347422918114106 -1
-0.333333333333333 -0.333333333333333 -1
-0.0268461112904544 -0.347422918114106 -1
0.254312182416615 -0.392677923311438 -1
0.477924949810444 -0.477924949810444 -1
-1 -0.165278957666387 -1
-0.859130485493578 -0.070434757253211 -1
-0.62573097059544 -0.0268461112904544 -1
-0.347422918114106 -0.0268461112904544 -1
-0.070434757253211 -0.070434757253211 -1
0.165278957666387 -0.165278957666387 -1
-1 0.165278957666387 -1
-0.861634259105177 0.254312182416615 -1
-0.641224783582206 0.282449567164412 -1
-0.392677923311438 0.254312182416615 -1
-0.165278957666387 0.165278957666387 -1
-1 0.477924949810444 -1
-0.870178295305142 0.546440856964798 -1
-0.676262561659657 0.546440856964798 -1
-0.477924949810444 0.477924949810444 -1
-1 0.738773865105505 -1
-0.887821287666183 0.775642575332365 -1
-0.738773865105505 0.738773865105505 -1
-1 0.919533908166458 -1
-0.919533908166458 0.919533908166458 -1
-1 1 -1
-1 -1 -0.919533908166458
-0.887821287666183 -1 -0.887821287666183
-0.676262561659657 -1 -0.870178295305142
-0.392677923311438 -1 -0.861634259105177
-0.070434757253211 -1 -0.859130485493578
0.254312182416615 -1 -0.861634259105177
0.546440856964798 -1 -0.870178295305142
0.775642575332365 -1 -0.887821287666183
0.919533908166458 -1 -0.919533908166458
-1 -0.887821287666183 -0.887821287666183
-0.844365714647196 -0.844365714647196 -0.844365714647196
-0.627936465478926 -0.821688020740451 -0.821688020740451
-0.34352508237476 -0.81318719011147 -0.81318719011147
-0.0301005374023005 -0.81318719011147 -0.81318719011147
0.271312506959828 -0.821688020740451 -0.821688020740451
0.533097143941589 -0.844365714647196 -0.844365714647196
0.775642575332365 -0.887821287666183 -0.887821287666183
-1 -0.676262561659657 -0.870178295305142
-0.821688020740451 -0.627936465478926 -0.821688020740451
-0.592085314292486 -0.592085314292486 -0.802388181132131
-0.310674503826222 -0.581486807229951 -0.797164185117606
-0.0134411902828976 -0.592085314292486 -0.802388181132131
0.271312506959828 -0.627936465478926 -0.821688020740451
0.546440856964798 -0.676262561659657 -0.870178295305142
-1 -0.392677923311438 -0.861634259105177
-0.81318719011147 -0.34352508237476 -0.81318719011147
-0.581486807229951 -0.310674503826222 -0.797164185117606
-0.310674503826222 -0.310674503826222 -0.797164185117606
-0.0301005374023005 -0.34352508237476 -0.81318719011147
0.254312182416615 -0.392677923311438 -0.861634259105177
-1 -0.070434757253211 -0.859130485493578
-0.81318719011147 -0.0301005374023005 -0.81318719011147
-0.592085314292486 -0.0134411902828976 -0.802388181132131
-0.34352508237476 -0.0301005374023005 -0.81318719011147
-0.070434757253211 -0.070434757253211 -0.859130485493578
-1 0.254312182416615 -0.861634259105177
-0.821688020740451 0.271312506959828 -0.821688020740451
-0.627936465478926 0.271312506959828 -0.821688020740451
-0.392677923311438 0.254312182416615 -0.861634259105177
-1 0.546440856964798 -0.870178295305142
-0.844365714647196 0.533097143941589 -0.844365714647196
-0.676262561659657 0.546440856964798 -0.870178295305142
-1 0.775642575332365 -0.887821287666183
-0.887821287666183 0.775642575332365 -0.887821287666183
-1 0.919533908166458 -0.919533908166458
-1 -1 -0.738773865105505
-0.870178295305142 -1 -0.676262561659657
-0.641224783582206 -1 -0.641224783582206
-0.347422918114106 -1 -0.62573097059544
-0.0268461112904544 -1 -0.62573097059544
0.282449567164412 -1 -0.641224783582206
0.546440856964798 -1 -0.676262561659657
0.738773865105505 -1 -0.738773865105505
-1 -0.870178295305142 -0.676262561659657
-0.821688020740451 -0.821688020740451 -0.627936465478926
-0.592085314292486 -0.802388181132131 -0.592085314292486
-0.310674503826222 -0.797164185117606 -0.581486807229951
-0.0134411902828976 -0.802388181132131 -0.592085314292486
0.271312506959828 -0.821688020740451 -0.627936465478926
0.546440856964798 -0.870178295305142 -0.676262561659657
-1 -0.641224783582206 -0.641224783582206
-0.802388181132131 -0.592085314292486 -0.592085314292486
-0.567877523008694 -0.567877523008694 -0.567877523008694
-0.296367430973918 -0.567877523008694 -0.567877523008694
-0.0134411902828976 -0.592085314292486 -0.592085314292486
0.282449567164412 -0.641224783582206 -0.641224783582206
-1 -0.347422918114106 -0.62573097059544
-0.797164185117606 -0.310674503826222 -0.581486807229951
-0.567877523008694 -0.296367430973918 -0.567877523008694
-0.310674503826222 -0.310674503826222 -0.581486807229951
-0.0268461112904544 -0.347422918114106 -0.62573097059544
-1 -0.0268461112904544 -0.62573097059544
-0.802388181132131 -0.0134411902828976 -0.592085314292486
-0.592085314292486 -0.0134411902828976 -0.592085314292486
-0.347422918114106 -0.0268461112904544 -0.62573097059544
-1 0.282449567164412 -0.641224783582206
-0.821688020740451 0.271312506959828 -0.627936465478926
-0.641224783582206 0.282449567164412 -0.641224783582206
-1 0.546440856964798 -0.676262561659657
-0.870178295305142 0.546440856964798 -0.676262561659657
-1 0.738773865105505 -0.738773865105505
-1 -1 -0.477924949810444
-0.861634259105177 -1 -0.392677923311438
-0.62573097059544 -1 -0.347422918114106
-0.333333333333333 -1 -0.333333333333333
-0.0268461112904544 -1 -0.347422918114106
0.254312182416615 -1 -0.392677923311438
0.477924949810444 -1 -0.477924949810444
-1 -0.861634259105177 -0.392677923311438
-0.81318719011147 -0.81318719011147 -0.34352508237476
-0.581486807229951 -0.797164185117606 -0.310674503826222
-0.310674503826222 -0.797164185117606 -0.310674503826222
-0.0301005374023005 -0.81318719011147 -0.34352508237476
0.254312182416615 -0.861634259105177 -0.392677923311438
-1 -0.62573097059544 -0.347422918114106
-0.797164185117606 -0.581486807229951 -0.310674503826222
-0.567877523008694 -0.567877523008694 -0.296367430973918
-0.310674503826222 -0.581486807229951 -0.310674503826222
-0.0268461112904544 -0.62573097059544 -0.347422918114106
-1 -0.333333333333333 -0.333333333333333
-0.797164185117606 -0.310674503826222 -0.310674503826222
-0.581486807229951 -0.310674503826222 -0.310674503826222
-0.333333333333333 -0.333333333333333 -0.333333333333333
-1 -0.0268461112904544 -0.347422918114106
-0.81318719011147 -0.0301005374023005 -0.34352508237476
-0.62573097059544 -0.0268461112904544 -0.347422918114106
-1 0.254312182416615 -0.392677923311438
-0.861634259105177 0.254312182416615 -0.392677923311438
-1 0.477924949810444 -0.477924949810444
-1 -1 -0.165278957666387
-0.859130485493578 -1 -0.070434757253211
-0.62573097059544 -1 -0.0268461112904544
-0.347422918114106 -1 -0.0268461112904544
-0.070434757253211 -1 -0.070434757253211
0.165278957666387 -1 -0.165278957666387
-1 -0.859130485493578 -0.070434757253211
-0.81318719011147 -0.81318719011147 -0.0301005374023005
-0.592085314292486 -0.802388181132131 -0.0134411902828976
-0.34352508237476 -0.81318719011147 -0.0301005374023005
-0.070434757253211 -0.859130485493578 -0.070434757253211
-1 -0.62573097059544 -0.0268461112904544
-0.802388181132131 -0.592085314292486 -0.0134411902828976
-0.592085314292486 -0.592085314292486 -0.0134411902828976
-0.347422918114106 -0.62573097059544 -0.0268461112904544
-1 -0.347422918114106 -0.0268461112904544
-0.81318719011147 -0.34352508237476 -0.0301005374023005
-0.62573097059544 -0.347422918114106 -0.0268461112904544
-1 -0.070434757253211 -0.070434757253211
-0.859130485493578 -0.070434757253211 -0.070434757253211
-1 0.165278957666387 -0.165278957666387
-1 -1 0.165278957666387
-0.861634259105177 -1 0.254312182416615
-0.641224783582206 -1 0.282449567164412
-0.392677923311438 -1 0.254312182416615
-0.165278957666387 -1 0.165278957666387
-1 -0.861634259105177 0.254312182416615
-0.821688020740451 -0.821688020740451 0.271312506959828
-0.627936465478926 -0.821688020740451 0.271312506959828
-0.392677923311438 -0.861634259105177 0.254312182416615
-1 -0.641224783582206 0.282449567164412
-0.821688020740451 -0.627936465478926 0.271312506959828
-0.641224783582206 -0.641224783582206 0.282449567164412
-1 -0.392677923311438 0.254312182416615
-0.861634259105177 -0.392677923311438 0.254312182416615
-1 -0.165278957666387 0.165278957666387
-1 -1 0.477924949810444
-0.870178295305142 -1 0.546440856964798
-0.676262561659657 -1 0.546440856964798
-0.477924949810444 -1 0.477924949810444
-1 -0.870178295305142 0.546440856964798
-0.844365714647196 -0.844365714647196 0.533097143941589
-0.676262561659657 -0.870178295305142 0.546440856964798
-1 -0.676262561659657 0.546440856964798
-0.870178295305142 -0.676262561659657 0.546440856964798
-1 -0.477924949810444 0.477924949810444
-1 -1 0.738773865105505
-0.887821287666183 -1 0.775642575332365
-0.738773865105505 -1 0.738773865105505
-1 -0.887821287666183 0.775642575332365
-0.887821287666183 -0.887821287666183 0.775642575332365
-1 -0.738773865105505 0.738773865105505
-1 -1 0.919533908166458
-0.919533908166458 -1 0.919533908166458
-1 -0.919533908166458 0.919533908166458
-1 -1 1
