-1 -1 -1
-0.654653670707977 -1 -1
0 -1 -1
0.654653670707977 -1 -1
1 -1 -1
-1 -0.654653670707977 -1
-0.551583572090994 -0.551583572090994 -1
0.103167144181987 -0.551583572090994 -1
0.654653670707977 -0.654653670707977 -1
-1 0 -1
-0.551583572090994 0.103167144181987 -1
0 0 -1
-1 0.654653670707977 -1
-0.654653670707977 0.654653670707977 -1
-1 1 -1
-1 -1 -0.654653670707977
-0.551583572090994 -1 -0.551583572090994
0.103167144181987 -1 -0.551583572090994
0.654653670707977 -1 -0.654653670707977
-1 -0.551583572090994 -0.551583572090994
-0.5 -0.5 -0.5
0.103167144181987 -0.551583572090994 -0.551583572090994
-1 0.103167144181987 -0.551583572090994
-0.551583572090994 0.103167144181987 -0.551583572090994
-1 0.654653670707977 -0.654653670707977
-1 -1 0
-0.551583572090994 -1 0.103167144181987
0 -1 0
-1 -0.551583572090994 0.103167144181987
-0.551583572090994 -0.551583572090994 0.103167144181987
-1 0 0
-1 -1 0.654653670707977
-0.654653670707977 -1 0.654653670707977
-1 -0.654653670707977 0.654653670707977
-1 -1 1
