-1 -1 -1
-0.447213595499958 -1 -1
0.447213595499958 -1 -1
1 -1 -1
-1 -0.447213595499958 -1
-0.333333333333333 -0.333333333333333 -1
0.447213595499958 -0.447213595499958 -1
-1 0.447213595499958 -1
-0.447213595499958 0.447213595499958 -1
-1 1 -1
-1 -1 -0.447213595499958
-0.333333333333333 -1 -0.333333333333333
0.447213595499958 -1 -0.447213595499958
-1 -0.333333333333333 -0.333333333333333
-0.333333333333333 -0.333333333333333 -0.333333333333333
-1 0.447213595499958 -0.447213595499958
-1 -1 0.447213595499958
-0.447213595499958 -1 0.447213595499958
-1 -0.447213595499958 0.447213595499958
-1 -1 1
