-1 -1 -1
-0.89975799541146 -1 -1
-0.677186279510738 -1 -1
-0.363117463826178 -1 -1
0 -1 -1
0.363117463826178 -1 -1
0.677186279510738 -1 -1
0.89975799541146 -1 -1
1 -1 -1
-1 -0.89975799541146 -1
-0.861709494494173 -0.861709494494173 -1
-0.602621886086653 -0.843392748647346 -1
-0.265044207129911 -0.836392678593849 -1
0.10143688572376 -0.836392678593849 -1
0.446014634733999 -0.843392748647346 -1
0.723418988988347 -0.861709494494173 -1
0.89975799541146 -0.89975799541146 -1
-1 -0.677186279510738 -1
-0.843392748647346 -0.602621886086653 -1
-0.566293655878678 -0.566293655878678 -1
-0.222195622530102 -0.555608754939795 -1
0.132587311757356 -0.566293655878678 -1
0.446014634733999 -0.602621886086653 -1
0.677186279510738 -0.677186279510738 -1
-1 -0.363117463826178 -1
-0.836392678593849 -0.265044207129911 -1
-0.555608754939795 -0.222195622530102 -1
-0.222195622530102 -0.222195622530102 -1
0.10143688572376 -0.265044207129911 -1
0.363117463826178 -0.363117463826178 -1
-1 0 -1
-0.836392678593849 0.10143688572376 -1
-0.566293655878678 0.132587311757356 -1
-0.265044207129911 0.10143688572376 -1
0 0 -1
-1 0.363117463826178 -1
-0.843392748647346 0.446014634733999 -1
-0.602621886086653 0.446014634733999 -1
-0.363117463826178 0.363117463826178 -1
-1 0.677186279510738 -1
-0.861709494494173 0.723418988988347 -1
-0.677186279510738 0.677186279510738 -1
-1 0.89975799541146 -1
-0.89975799541146 0.89975799541146 -1
-1 1 -1
-1 -1 -0.89975799541146
-0.861709494494173 -1 -0.861709494494173
-0.602621886086653 -1 -0.843392748647346
-0.265044207129911 -1 -0.836392678593849
0.10143688572376 -1 -0.836392678593849
0.446014634733999 -1 -0.843392748647346
0.723418988988347 -1 -0.861709494494173
0.89975799541146 -1 -0.89975799541146
-1 -0.861709494494173 -0.861709494494173
-0.812644144069609 -0.812644144069609 -0.812644144069609
-0.54857984257542 -0.789781651803931 -0.789781651803931
-0.216193164886725 -0.783806835113275 -0.783806835113275
0.128143146183281 -0.789781651803931 -0.789781651803931
0.437932432208828 -0.812644144069609 -0.812644144069609
0.723418988988347 -0.861709494494173 -0.861709494494173
-1 -0.602621886086653 -0.843392748647346
-0.789781651803931 -0.54857984257542 -0.789781651803931
-0.516576159488909 -0.516576159488909 -0.771411550227146
-0.195436130795035 -0.516576159488909 -0.771411550227146
0.128143146183281 -0.54857984257542 -0.789781651803931
0.446014634733999 -0.602621886086653 -0.843392748647346
-1 -0.265044207129911 -0.836392678593849
-0.783806835113275 -0.216193164886725 -0.783806835113275
-0.516576159488909 -0.195436130795035 -0.771411550227146
-0.216193164886725 -0.216193164886725 -0.783806835113275
0.10143688572376 -0.265044207129911 -0.836392678593849
-1 0.10143688572376 -0.836392678593849
-0.789781651803931 0.128143146183281 -0.789781651803931
-0.54857984257542 0.128143146183281 -0.789781651803931
-0.265044207129911 0.10143688572376 -0.836392678593849
-1 0.446014634733999 -0.843392748647346
-0.812644144069609 0.437932432208828 -0.812644144069609
-0.602621886086653 0.446014634733999 -0.843392748647346
-1 0.723418988988347 -0.861709494494173
-0.861709494494173 0.723418988988347 -0.861709494494173
-1 0.89975799541146 -0.89975799541146
-1 -1 -0.677186279510738
-0.843392748647346 -1 -0.602621886086653
-0.566293655878678 -1 -0.566293655878678
-0.222195622530102 -1 -0.555608754939795
0.132587311757356 -1 -0.566293655878678
0.446014634733999 -1 -0.602621886086653
0.677186279510738 -1 -0.677186279510738
-1 -0.843392748647346 -0.602621886086653
-0.789781651803931 -0.789781651803931 -0.54857984257542
-0.516576159488909 -0.771411550227146 -0.516576159488909
-0.195436130795035 -0.771411550227146 -0.516576159488909
0.128143146183281 -0.789781651803931 -0.54857984257542
0.446014634733999 -0.843392748647346 -0.602621886086653
-1 -0.566293655878678 -0.566293655878678
-0.771411550227146 -0.516576159488909 -0.516576159488909
-0.5 -0.5 -0.5
-0.195436130795035 -0.516576159488909 -0.516576159488909
0.132587311757356 -0.566293655878678 -0.566293655878678
-1 -0.222195622530102 -0.555608754939795
-0.771411550227146 -0.195436130795035 -0.516576159488909
-0.516576159488909 -0.195436130795035 -0.516576159488909
-0.222195622530102 -0.222195622530102 -0.555608754939795
-1 0.132587311757356 -0.566293655878678
-0.789781651803931 0.128143146183281 -0.54857984257542
-0.566293655878678 0.132587311757356 -0.566293655878678
-1 0.446014634733999 -0.602621886086653
-0.843392748647346 0.446014634733999 -0.602621886086653
-1 0.677186279510738 -0.677186279510738
-1 -1 -0.363117463826178
-0.836392678593849 -1 -0.265044207129911
-0.555608754939795 -1 -0.222195622530102
-0.222195622530102 -1 -0.222195622530102
0.10143688572376 -1 -0.265044207129911
0.363117463826178 -1 -0.363117463826178
-1 -0.836392678593849 -0.265044207129911
-0.783806835113275 -0.783806835113275 -0.216193164886725
-0.516576159488909 -0.771411550227146 -0.195436130795035
-0.216193164886725 -0.783806835113275 -0.216193164886725
0.10143688572376 -0.836392678593849 -0.265044207129911
-1 -0.555608754939795 -0.222195622530102
-0.771411550227146 -0.516576159488909 -0.195436130795035
-0.516576159488909 -0.516576159488909 -0.195436130795035
-0.222195622530102 -0.555608754939795 -0.222195622530102
-1 -0.222195622530102 -0.222195622530102
-0.783806835113275 -0.216193164886725 -0.216193164886725
-0.555608754939795 -0.222195622530102 -0.222195622530102
-1 0.10143688572376 -0.265044207129911
-0.836392678593849 0.10143688572376 -0.265044207129911
-1 0.363117463826178 -0.363117463826178
-1 -1 0
-0.836392678593849 -1 0.10143688572376
-0.566293655878678 -1 0.132587311757356
-0.265044207129911 -1 0.10143688572376
0 -1 0
-1 -0.836392678593849 0.10143688572376
-0.789781651803931 -0.789781651803931 0.128143146183281
-0.54857984257542 -0.789781651803931 0.128143146183281
-0.265044207129911 -0.836392678593849 0.10143688572376
-1 -0.566293655878678 0.132587311757356
-0.789781651803931 -0.54857984257542 0.128143146183281
-0.566293655878678 -0.566293655878678 0.132587311757356
-1 -0.265044207129911 0.10143688572376
-0.836392678593849 -0.265044207129911 0.10143688572376
-1 0 0
-1 -1 0.363117463826178
-0.843392748647346 -1 0.446014634733999
-0.602621886086653 -1 0.446014634733999
-0.363117463826178 -1 0.363117463826178
-1 -0.843392748647346 0.446014634733999
-0.812644144069609 -0.812644144069609 0.437932432208828
-0.602621886086653 -0.843392748647346 0.446014634733999
-1 -0.602621886086653 0.446014634733999
-0.843392748647346 -0.602621886086653 0.446014634733999
-1 -0.363117463826178 0.363117463826178
-1 -1 0.677186279510738
-0.861709494494173 -1 0.723418988988347
-0.677186279510738 -1 0.677186279510738
-1 -0.861709494494173 0.723418988988347
-0.861709494494173 -0.861709494494173 0.723418988988347
-1 -0.677186279510738 0.677186279510738
-1 -1 0.89975799541146
-0.89975799541146 -1 0.89975799541146
-1 -0.89975799541146 0.89975799541146
-1 -1 1
