-1 -1 -1
-0.830223896278567 -1 -1
-0.468848793470714 -1 -1
0 -1 -1
0.468848793470714 -1 -1
0.830223896278567 -1 -1
1 -1 -1
-1 -0.830223896278567 -1
-0.773622922202284 -0.773622922202284 -1
-0.360567121835569 -0.758731085969035 -1
0.119298207804603 -0.758731085969035 -1
0.547245844404568 -0.773622922202284 -1
0.830223896278567 -0.830223896278567 -1
-1 -0.468848793470714 -1
-0.758731085969035 -0.360567121835569 -1
-0.333333333333333 -0.333333333333333 -1
0.119298207804603 -0.360567121835569 -1
0.468848793470714 -0.468848793470714 -1
-1 0 -1
-0.758731085969035 0.119298207804603 -1
-0.360567121835569 0.119298207804603 -1
0 0 -1
-1 0.468848793470714 -1
-0.773622922202284 0.547245844404568 -1
-0.468848793470714 0.468848793470714 -1
-1 0.830223896278567 -1
-0.830223896278567 0.830223896278567 -1
-1 1 -1
-1 -1 -0.830223896278567
-0.773622922202284 -1 -0.773622922202284
-0.360567121835569 -1 -0.758731085969035
0.119298207804603 -1 -0.758731085969035
0.547245844404568 -1 -0.773622922202284
0.830223896278567 -1 -0.830223896278567
-1 -0.773622922202284 -0.773622922202284
-0.710802806967777 -0.710802806967777 -0.710802806967777
-0.305827490438019 -0.694172509561981 -0.694172509561981
0.132408420903329 -0.710802806967777 -0.710802806967777
0.547245844404568 -0.773622922202284 -0.773622922202284
-1 -0.360567121835569 -0.758731085969035
-0.694172509561981 -0.305827490438019 -0.694172509561981
-0.305827490438019 -0.305827490438019 -0.694172509561981
0.119298207804603 -0.360567121835569 -0.758731085969035
-1 0.119298207804603 -0.758731085969035
-0.710802806967777 0.132408420903329 -0.710802806967777
-0.360567121835569 0.119298207804603 -0.758731085969035
-1 0.547245844404568 -0.773622922202284
-0.773622922202284 0.547245844404568 -0.773622922202284
-1 0.830223896278567 -0.830223896278567
-1 -1 -0.468848793470714
-0.758731085969035 -1 -0.360567121835569
-0.333333333333333 -1 -0.333333333333333
0.119298207804603 -1 -0.360567121835569
0.468848793470714 -1 -0.468848793470714
-1 -0.758731085969035 -0.360567121835569
-0.694172509561981 -0.694172509561981 -0.305827490438019
-0.305827490438019 -0.694172509561981 -0.305827490438019
0.119298207804603 -0.758731085969035 -0.360567121835569
-1 -0.333333333333333 -0.333333333333333
-0.694172509561981 -0.305827490438019 -0.305827490438019
-0.333333333333333 -0.333333333333333 -0.333333333333333
-1 0.119298207804603 -0.360567121835569
-0.758731085969035 0.119298207804603 -0.360567121835569
-1 0.468848793470714 -0.468848793470714
-1 -1 0
-0.758731085969035 -1 0.119298207804603
-0.360567121835569 -1 0.119298207804603
0 -1 0
-1 -0.758731085969035 0.119298207804603
-0.710802806967777 -0.710802806967777 0.132408420903329
-0.360567121835569 -0.758731085969035 0.119298207804603
-1 -0.360567121835569 0.119298207804603
-0.758731085969035 -0.360567121835569 0.119298207804603
-1 0 0
-1 -1 0.468848793470714
-0.773622922202284 -1 0.547245844404568
-0.468848793470714 -1 0.468848793470714
-1 -0.773622922202284 0.547245844404568
-0.773622922202284 -0.773622922202284 0.547245844404568
-1 -0.468848793470714 0.468848793470714
-1 -1 0.830223896278567
-0.830223896278567 -1 0.830223896278567
-1 -0.830223896278567 0.830223896278567
-1 -1 1
