-0.9352948105455122 -0.9352948105455122 0.8058844316365366 0.005300306095852125
0.8058844316365366 -0.9352948105455122 -0.9352948105455122 0.005300306095852125
-0.9352948105455122 0.8058844316365366 -0.9352948105455122 0.005300306095852125
-0.9352948105455122 -0.9352948105455122 -0.9352948105455122 0.005300306095852125
-0.380461391454276 -0.380461391454276 -0.858615825637172 0.076452688717401
-0.858615825637172 -0.380461391454276 -0.380461391454276 0.076452688717401
-0.380461391454276 -0.858615825637172 -0.380461391454276 0.076452688717401
-0.380461391454276 -0.380461391454276 -0.380461391454276 0.076452688717401
0.2331930661238736 -0.8792791169497158 -0.474634832224442 0.035249001728915775
0.2331930661238736 -0.8792791169497158 -0.8792791169497158 0.035249001728915775
-0.8792791169497158 -0.8792791169497158 0.2331930661238736 0.035249001728915775
-0.474634832224442 0.2331930661238736 -0.8792791169497158 0.035249001728915775
-0.8792791169497158 -0.474634832224442 0.2331930661238736 0.035249001728915775
-0.8792791169497158 0.2331930661238736 -0.8792791169497158 0.035249001728915775
-0.474634832224442 -0.8792791169497158 0.2331930661238736 0.035249001728915775
-0.8792791169497158 -0.474634832224442 -0.8792791169497158 0.035249001728915775
-0.8792791169497158 -0.8792791169497158 -0.474634832224442 0.035249001728915775
-0.8792791169497158 0.2331930661238736 -0.474634832224442 0.035249001728915775
-0.474634832224442 -0.8792791169497158 -0.8792791169497158 0.035249001728915775
0.2331930661238736 -0.474634832224442 -0.8792791169497158 0.035249001728915775
