-0.9700958696938816 -0.9700958696938816 0.9102876090816448 0.0007779834252105
0.9102876090816448 -0.9700958696938816 -0.9700958696938816 0.0007779834252105
-0.9700958696938816 0.9102876090816448 -0.9700958696938816 0.0007779834252105
-0.9700958696938816 -0.9700958696938816 -0.9700958696938816 0.0007779834252105
-0.731043330414012 -0.731043330414012 0.193129991242036 0.0274718524803831
0.193129991242036 -0.731043330414012 -0.731043330414012 0.0274718524803831
-0.731043330414012 0.193129991242036 -0.731043330414012 0.0274718524803831
-0.731043330414012 -0.731043330414012 -0.731043330414012 0.0274718524803831
0.55995201688308 -0.931807957607477 -0.696336101668126 0.007201248404961
0.55995201688308 -0.931807957607477 -0.931807957607477 0.007201248404961
-0.931807957607477 -0.931807957607477 0.55995201688308 0.007201248404961
-0.696336101668126 0.55995201688308 -0.931807957607477 0.007201248404961
-0.931807957607477 -0.696336101668126 0.55995201688308 0.007201248404961
-0.931807957607477 0.55995201688308 -0.931807957607477 0.007201248404961
-0.696336101668126 -0.931807957607477 0.55995201688308 0.007201248404961
-0.931807957607477 -0.696336101668126 -0.931807957607477 0.007201248404961
-0.931807957607477 -0.931807957607477 -0.696336101668126 0.007201248404961
-0.931807957607477 0.55995201688308 -0.696336101668126 0.007201248404961
-0.696336101668126 -0.931807957607477 -0.931807957607477 0.007201248404961
0.55995201688308 -0.696336101668126 -0.931807957607477 0.007201248404961
0.1053112862120352 -0.9075896991699966 -0.290131887872042 0.0123370482598674
0.1053112862120352 -0.9075896991699966 -0.9075896991699966 0.0123370482598674
-0.9075896991699966 -0.9075896991699966 0.1053112862120352 0.0123370482598674
-0.290131887872042 0.1053112862120352 -0.9075896991699966 0.0123370482598674
-0.9075896991699966 -0.290131887872042 0.1053112862120352 0.0123370482598674
-0.9075896991699966 0.1053112862120352 -0.9075896991699966 0.0123370482598674
-0.290131887872042 -0.9075896991699966 0.1053112862120352 0.0123370482598674
-0.9075896991699966 -0.290131887872042 -0.9075896991699966 0.0123370482598674
-0.9075896991699966 -0.9075896991699966 -0.290131887872042 0.0123370482598674
-0.9075896991699966 0.1053112862120352 -0.290131887872042 0.0123370482598674
-0.290131887872042 -0.9075896991699966 -0.9075896991699966 0.0123370482598674
0.1053112862120352 -0.290131887872042 -0.9075896991699966 0.0123370482598674
0.076208645776001 -0.543619077862478 -0.988970490051045 0.01153108248849825
0.076208645776001 -0.543619077862478 -0.543619077862478 0.01153108248849825
-0.543619077862478 -0.543619077862478 0.076208645776001 0.01153108248849825
-0.988970490051045 0.076208645776001 -0.543619077862478 0.01153108248849825
-0.543619077862478 -0.988970490051045 0.076208645776001 0.01153108248849825
-0.543619077862478 0.076208645776001 -0.543619077862478 0.01153108248849825
-0.988970490051045 -0.543619077862478 0.076208645776001 0.01153108248849825
-0.543619077862478 -0.988970490051045 -0.543619077862478 0.01153108248849825
-0.543619077862478 -0.543619077862478 -0.988970490051045 0.01153108248849825
-0.543619077862478 0.076208645776001 -0.988970490051045 0.01153108248849825
-0.988970490051045 -0.543619077862478 -0.543619077862478 0.01153108248849825
0.076208645776001 -0.988970490051045 -0.543619077862478 0.01153108248849825
-0.607632480850882 -0.295389479824012 -0.801588559501094 0.02201400887814225
-0.607632480850882 -0.295389479824012 -0.295389479824012 0.02201400887814225
-0.295389479824012 -0.295389479824012 -0.607632480850882 0.02201400887814225
-0.801588559501094 -0.607632480850882 -0.295389479824012 0.02201400887814225
-0.295389479824012 -0.801588559501094 -0.607632480850882 0.02201400887814225
-0.295389479824012 -0.607632480850882 -0.295389479824012 0.02201400887814225
-0.801588559501094 -0.295389479824012 -0.607632480850882 0.02201400887814225
-0.295389479824012 -0.801588559501094 -0.295389479824012 0.02201400887814225
-0.295389479824012 -0.295389479824012 -0.801588559501094 0.02201400887814225
-0.295389479824012 -0.607632480850882 -0.801588559501094 0.02201400887814225
-0.801588559501094 -0.295389479824012 -0.295389479824012 0.02201400887814225
-0.607632480850882 -0.801588559501094 -0.295389479824012 0.02201400887814225
