-0.946243051170366 -0.946243051170366 0.838729153511098 0.001608701358237
0.838729153511098 -0.946243051170366 -0.946243051170366 0.001608701358237
-0.946243051170366 0.838729153511098 -0.946243051170366 0.001608701358237
-0.946243051170366 -0.946243051170366 -0.946243051170366 0.001608701358237
-0.62571864839306 -0.62571864839306 -0.12284405482082 0.01561998126807675
-0.12284405482082 -0.62571864839306 -0.62571864839306 0.01561998126807675
-0.62571864839306 -0.12284405482082 -0.62571864839306 0.01561998126807675
-0.62571864839306 -0.62571864839306 -0.62571864839306 0.01561998126807675
-0.355777136338286 -0.355777136338286 -0.932668590985142 0.0172505112519645
-0.932668590985142 -0.355777136338286 -0.355777136338286 0.0172505112519645
-0.355777136338286 -0.932668590985142 -0.355777136338286 0.0172505112519645
-0.355777136338286 -0.355777136338286 -0.355777136338286 0.0172505112519645
-0.947151670255874 -0.052848329744126 -0.947151670255874 0.00540760204834125
-0.052848329744126 -0.947151670255874 -0.947151670255874 0.00540760204834125
-0.947151670255874 -0.052848329744126 -0.052848329744126 0.00540760204834125
-0.052848329744126 -0.947151670255874 -0.052848329744126 0.00540760204834125
-0.052848329744126 -0.052848329744126 -0.947151670255874 0.00540760204834125
-0.947151670255874 -0.947151670255874 -0.052848329744126 0.00540760204834125
-0.704090524054712 -0.295909475945288 -0.704090524054712 0.023099189369784
-0.295909475945288 -0.704090524054712 -0.704090524054712 0.023099189369784
-0.704090524054712 -0.295909475945288 -0.295909475945288 0.023099189369784
-0.295909475945288 -0.704090524054712 -0.295909475945288 0.023099189369784
-0.295909475945288 -0.295909475945288 -0.704090524054712 0.023099189369784
-0.704090524054712 -0.704090524054712 -0.295909475945288 0.023099189369784
0.464619819385896 -0.958093115559888 -0.54843358826612 0.003268383610398
0.464619819385896 -0.958093115559888 -0.958093115559888 0.003268383610398
-0.958093115559888 -0.958093115559888 0.464619819385896 0.003268383610398
-0.54843358826612 0.464619819385896 -0.958093115559888 0.003268383610398
-0.958093115559888 -0.54843358826612 0.464619819385896 0.003268383610398
-0.958093115559888 0.464619819385896 -0.958093115559888 0.003268383610398
-0.54843358826612 -0.958093115559888 0.464619819385896 0.003268383610398
-0.958093115559888 -0.54843358826612 -0.958093115559888 0.003268383610398
-0.958093115559888 -0.958093115559888 -0.54843358826612 0.003268383610398
-0.958093115559888 0.464619819385896 -0.54843358826612 0.003268383610398
-0.54843358826612 -0.958093115559888 -0.958093115559888 0.003268383610398
0.464619819385896 -0.54843358826612 -0.958093115559888 0.003268383610398
0.295115188173952 -0.806020533753068 -0.683074120667816 0.00644514800837475
0.295115188173952 -0.806020533753068 -0.806020533753068 0.00644514800837475
-0.806020533753068 -0.806020533753068 0.295115188173952 0.00644514800837475
-0.683074120667816 0.295115188173952 -0.806020533753068 0.00644514800837475
-0.806020533753068 -0.683074120667816 0.295115188173952 0.00644514800837475
-0.806020533753068 0.295115188173952 -0.806020533753068 0.00644514800837475
-0.683074120667816 -0.806020533753068 0.295115188173952 0.00644514800837475
-0.806020533753068 -0.683074120667816 -0.806020533753068 0.00644514800837475
-0.806020533753068 -0.806020533753068 -0.683074120667816 0.00644514800837475
-0.806020533753068 0.295115188173952 -0.683074120667816 0.00644514800837475
-0.683074120667816 -0.806020533753068 -0.806020533753068 0.00644514800837475
0.295115188173952 -0.683074120667816 -0.806020533753068 0.00644514800837475
0.585878512939236 -0.804783674219116 -0.976311164501004 0.003647297928684
0.585878512939236 -0.804783674219116 -0.804783674219116 0.003647297928684
-0.804783674219116 -0.804783674219116 0.585878512939236 0.003647297928684
-0.976311164501004 0.585878512939236 -0.804783674219116 0.003647297928684
-0.804783674219116 -0.976311164501004 0.585878512939236 0.003647297928684
-0.804783674219116 0.585878512939236 -0.804783674219116 0.003647297928684
-0.976311164501004 -0.804783674219116 0.585878512939236 0.003647297928684
-0.804783674219116 -0.976311164501004 -0.804783674219116 0.003647297928684
-0.804783674219116 -0.804783674219116 -0.976311164501004 0.003647297928684
-0.804783674219116 0.585878512939236 -0.976311164501004 0.003647297928684
-0.976311164501004 -0.804783674219116 -0.804783674219116 0.003647297928684
0.585878512939236 -0.976311164501004 -0.804783674219116 0.003647297928684
0.082368825600474 -0.732883678592864 -0.406997958913752 0.01169635505869425
-0.732883678592864 -0.406997958913752 0.082368825600474 0.01169635505869425
-0.732883678592864 0.082368825600474 -0.406997958913752 0.01169635505869425
-0.406997958913752 0.082368825600474 -0.942487188093858 0.01169635505869425
-0.406997958913752 0.082368825600474 -0.732883678592864 0.01169635505869425
-0.942487188093858 0.082368825600474 -0.406997958913752 0.01169635505869425
-0.406997958913752 -0.732883678592864 -0.942487188093858 0.01169635505869425
-0.406997958913752 -0.942487188093858 0.082368825600474 0.01169635505869425
-0.942487188093858 -0.732883678592864 -0.406997958913752 0.01169635505869425
0.082368825600474 -0.732883678592864 -0.942487188093858 0.01169635505869425
-0.942487188093858 0.082368825600474 -0.732883678592864 0.01169635505869425
-0.406997958913752 -0.732883678592864 0.082368825600474 0.01169635505869425
-0.942487188093858 -0.732883678592864 0.082368825600474 0.01169635505869425
0.082368825600474 -0.942487188093858 -0.406997958913752 0.01169635505869425
-0.406997958913752 -0.942487188093858 -0.732883678592864 0.01169635505869425
-0.732883678592864 -0.942487188093858 -0.406997958913752 0.01169635505869425
0.082368825600474 -0.942487188093858 -0.732883678592864 0.01169635505869425
-0.732883678592864 -0.942487188093858 0.082368825600474 0.01169635505869425
-0.732883678592864 0.082368825600474 -0.942487188093858 0.01169635505869425
-0.942487188093858 -0.406997958913752 0.082368825600474 0.01169635505869425
0.082368825600474 -0.406997958913752 -0.942487188093858 0.01169635505869425
0.082368825600474 -0.406997958913752 -0.732883678592864 0.01169635505869425
-0.732883678592864 -0.406997958913752 -0.942487188093858 0.01169635505869425
-0.942487188093858 -0.406997958913752 -0.732883678592864 0.01169635505869425
