-0.5 -0.5 -0.5 0.0698809298396505
-0.946526448891253 -0.946526448891253 0.839579346673759 0.0016425347974041
0.839579346673759 -0.946526448891253 -0.946526448891253 0.0016425347974041
-0.946526448891253 0.839579346673759 -0.946526448891253 0.0016425347974041
-0.946526448891253 -0.946526448891253 -0.946526448891253 0.0016425347974041
-0.9095091999689656 -0.0904908000310344 -0.9095091999689656 0.01877290467650595
-0.0904908000310344 -0.9095091999689656 -0.9095091999689656 0.01877290467650595
-0.9095091999689656 -0.0904908000310344 -0.0904908000310344 0.01877290467650595
-0.0904908000310344 -0.9095091999689656 -0.0904908000310344 0.01877290467650595
-0.0904908000310344 -0.0904908000310344 -0.9095091999689656 0.01877290467650595
-0.9095091999689656 -0.9095091999689656 -0.0904908000310344 0.01877290467650595
0.4955197769636168 -0.9217955187287024 -0.651928739506212 0.010754675263324875
0.4955197769636168 -0.9217955187287024 -0.9217955187287024 0.010754675263324875
-0.9217955187287024 -0.9217955187287024 0.4955197769636168 0.010754675263324875
-0.651928739506212 0.4955197769636168 -0.9217955187287024 0.010754675263324875
-0.9217955187287024 -0.651928739506212 0.4955197769636168 0.010754675263324875
-0.9217955187287024 0.4955197769636168 -0.9217955187287024 0.010754675263324875
-0.651928739506212 -0.9217955187287024 0.4955197769636168 0.010754675263324875
-0.9217955187287024 -0.651928739506212 -0.9217955187287024 0.010754675263324875
-0.9217955187287024 -0.9217955187287024 -0.651928739506212 0.010754675263324875
-0.9217955187287024 0.4955197769636168 -0.651928739506212 0.010754675263324875
-0.651928739506212 -0.9217955187287024 -0.9217955187287024 0.010754675263324875
0.4955197769636168 -0.651928739506212 -0.9217955187287024 0.010754675263324875
0.006237290029196 -0.55359792407537 -0.899041441878456 0.03598794997931655
0.006237290029196 -0.55359792407537 -0.55359792407537 0.03598794997931655
-0.55359792407537 -0.55359792407537 0.006237290029196 0.03598794997931655
-0.899041441878456 0.006237290029196 -0.55359792407537 0.03598794997931655
-0.55359792407537 -0.899041441878456 0.006237290029196 0.03598794997931655
-0.55359792407537 0.006237290029196 -0.55359792407537 0.03598794997931655
-0.899041441878456 -0.55359792407537 0.006237290029196 0.03598794997931655
-0.55359792407537 -0.899041441878456 -0.55359792407537 0.03598794997931655
-0.55359792407537 -0.55359792407537 -0.899041441878456 0.03598794997931655
-0.55359792407537 0.006237290029196 -0.899041441878456 0.03598794997931655
-0.899041441878456 -0.55359792407537 -0.55359792407537 0.03598794997931655
0.006237290029196 -0.899041441878456 -0.55359792407537 0.03598794997931655
