-0.8523301965475532 -0.8523301965475532 0.5569905896426596 0.035724851132406675
0.5569905896426596 -0.8523301965475532 -0.8523301965475532 0.035724851132406675
-0.8523301965475532 0.5569905896426596 -0.8523301965475532 0.035724851132406675
-0.8523301965475532 -0.8523301965475532 -0.8523301965475532 0.035724851132406675
-0.187511312231898 -0.812488687768102 -0.187511312231898 0.10118343257839575
-0.812488687768102 -0.187511312231898 -0.187511312231898 0.10118343257839575
-0.187511312231898 -0.812488687768102 -0.812488687768102 0.10118343257839575
-0.812488687768102 -0.187511312231898 -0.812488687768102 0.10118343257839575
-0.812488687768102 -0.812488687768102 -0.187511312231898 0.10118343257839575
-0.187511312231898 -0.187511312231898 -0.812488687768102 0.10118343257839575
