                                      -0.5                                        -0.5                                        -0.5   0.029907321813020100424856899358076893867
 -0.96248989747337446659845223411101851745   -0.96248989747337446659845223411101851745    0.88746969242012339979535670233305555235  0.0011415679895723610325888738165901336756
 -0.96248989747337446659845223411101851745    0.88746969242012339979535670233305555235   -0.96248989747337446659845223411101851745  0.0011415679895723610325888738165901336756
  0.88746969242012339979535670233305555235   -0.96248989747337446659845223411101851745   -0.96248989747337446659845223411101851745  0.0011415679895723610325888738165901336756
 -0.96248989747337446659845223411101851745   -0.96248989747337446659845223411101851745   -0.96248989747337446659845223411101851745  0.0011415679895723610325888738165901336756
 -0.78374092615907474430603916172223217624   -0.78374092615907474430603916172223217624    0.35122277847722423291811748516669652873    0.01768811060181172017232028173697332654
 -0.78374092615907474430603916172223217624    0.35122277847722423291811748516669652873   -0.78374092615907474430603916172223217624    0.01768811060181172017232028173697332654
  0.35122277847722423291811748516669652873   -0.78374092615907474430603916172223217624   -0.78374092615907474430603916172223217624    0.01768811060181172017232028173697332654
 -0.78374092615907474430603916172223217624   -0.78374092615907474430603916172223217624   -0.78374092615907474430603916172223217624    0.01768811060181172017232028173697332654
 -0.59973664635490999671130865798476763385   -0.59973664635490999671130865798476763385   -0.20079006093527000986607402604569709846  0.0082173049473418886423627365441362367752
 -0.59973664635490999671130865798476763385   -0.20079006093527000986607402604569709846   -0.59973664635490999671130865798476763385  0.0082173049473418886423627365441362367752
 -0.20079006093527000986607402604569709846   -0.59973664635490999671130865798476763385   -0.59973664635490999671130865798476763385  0.0082173049473418886423627365441362367752
 -0.59973664635490999671130865798476763385   -0.59973664635490999671130865798476763385   -0.59973664635490999671130865798476763385  0.0082173049473418886423627365441362367752
 -0.39829141292384687101885894016442846645   -0.39829141292384687101885894016442846645   -0.80512576122845938694342317950671460064   0.030770205770487727893004629784319172416
 -0.39829141292384687101885894016442846645   -0.80512576122845938694342317950671460064   -0.39829141292384687101885894016442846645   0.030770205770487727893004629784319172416
 -0.80512576122845938694342317950671460064   -0.39829141292384687101885894016442846645   -0.39829141292384687101885894016442846645   0.030770205770487727893004629784319172416
 -0.39829141292384687101885894016442846645   -0.39829141292384687101885894016442846645   -0.39829141292384687101885894016442846645   0.030770205770487727893004629784319172416
 -0.33333333333333348086984124149512595264   -0.33333333333333348086984124149512595264   -0.99999999999999955739047627551462214207  0.0031461078420798664919925098566727146383
 -0.33333333333333348086984124149512595264   -0.99999999999999955739047627551462214207   -0.33333333333333348086984124149512595264  0.0031461078420798664919925098566727146383
 -0.99999999999999955739047627551462214207   -0.33333333333333348086984124149512595264   -0.33333333333333348086984124149512595264  0.0031461078420798664919925098566727146383
 -0.33333333333333348086984124149512595264   -0.33333333333333348086984124149512595264   -0.33333333333333348086984124149512595264  0.0031461078420798664919925098566727146383
 -0.92331990042888419363702065067233297627  -0.076680099571115806362979349327667023727  -0.076680099571115806362979349327667023727  0.0029149825274895088853574652351452764586
-0.076680099571115806362979349327667023727   -0.92331990042888419363702065067233297627  -0.076680099571115806362979349327667023727  0.0029149825274895088853574652351452764586
 -0.92331990042888419363702065067233297627   -0.92331990042888419363702065067233297627  -0.076680099571115806362979349327667023727  0.0029149825274895088853574652351452764586
 -0.92331990042888419363702065067233297627  -0.076680099571115806362979349327667023727   -0.92331990042888419363702065067233297627  0.0029149825274895088853574652351452764586
-0.076680099571115806362979349327667023727   -0.92331990042888419363702065067233297627   -0.92331990042888419363702065067233297627  0.0029149825274895088853574652351452764586
-0.076680099571115806362979349327667023727  -0.076680099571115806362979349327667023727   -0.92331990042888419363702065067233297627  0.0029149825274895088853574652351452764586
  0.62565023880767304982580502838071806903   -0.97105849016247635437322477528067949342   -0.68353325848272034107935547781935908218  0.0022258254646638055626715447502649283136
  0.62565023880767304982580502838071806903   -0.97105849016247635437322477528067949342   -0.97105849016247635437322477528067949342  0.0022258254646638055626715447502649283136
 -0.97105849016247635437322477528067949342   -0.97105849016247635437322477528067949342    0.62565023880767304982580502838071806903  0.0022258254646638055626715447502649283136
 -0.68353325848272034107935547781935908218    0.62565023880767304982580502838071806903   -0.97105849016247635437322477528067949342  0.0022258254646638055626715447502649283136
 -0.97105849016247635437322477528067949342   -0.68353325848272034107935547781935908218    0.62565023880767304982580502838071806903  0.0022258254646638055626715447502649283136
 -0.97105849016247635437322477528067949342    0.62565023880767304982580502838071806903   -0.97105849016247635437322477528067949342  0.0022258254646638055626715447502649283136
 -0.68353325848272034107935547781935908218   -0.97105849016247635437322477528067949342    0.62565023880767304982580502838071806903  0.0022258254646638055626715447502649283136
 -0.97105849016247635437322477528067949342   -0.68353325848272034107935547781935908218   -0.97105849016247635437322477528067949342  0.0022258254646638055626715447502649283136
 -0.97105849016247635437322477528067949342   -0.97105849016247635437322477528067949342   -0.68353325848272034107935547781935908218  0.0022258254646638055626715447502649283136
 -0.97105849016247635437322477528067949342    0.62565023880767304982580502838071806903   -0.68353325848272034107935547781935908218  0.0022258254646638055626715447502649283136
 -0.68353325848272034107935547781935908218   -0.97105849016247635437322477528067949342   -0.97105849016247635437322477528067949342  0.0022258254646638055626715447502649283136
  0.62565023880767304982580502838071806903   -0.68353325848272034107935547781935908218   -0.97105849016247635437322477528067949342  0.0022258254646638055626715447502649283136
  0.20285748599306034965913527894844593692   -0.96129132020244602969067402472445917266   -0.28027484558816829027778722949952759159  0.0043579548699885775473033015028888014296
  0.20285748599306034965913527894844593692   -0.96129132020244602969067402472445917266   -0.96129132020244602969067402472445917266  0.0043579548699885775473033015028888014296
 -0.96129132020244602969067402472445917266   -0.96129132020244602969067402472445917266    0.20285748599306034965913527894844593692  0.0043579548699885775473033015028888014296
 -0.28027484558816829027778722949952759159    0.20285748599306034965913527894844593692   -0.96129132020244602969067402472445917266  0.0043579548699885775473033015028888014296
 -0.96129132020244602969067402472445917266   -0.28027484558816829027778722949952759159    0.20285748599306034965913527894844593692  0.0043579548699885775473033015028888014296
 -0.96129132020244602969067402472445917266    0.20285748599306034965913527894844593692   -0.96129132020244602969067402472445917266  0.0043579548699885775473033015028888014296
 -0.28027484558816829027778722949952759159   -0.96129132020244602969067402472445917266    0.20285748599306034965913527894844593692  0.0043579548699885775473033015028888014296
 -0.96129132020244602969067402472445917266   -0.28027484558816829027778722949952759159   -0.96129132020244602969067402472445917266  0.0043579548699885775473033015028888014296
 -0.96129132020244602969067402472445917266   -0.96129132020244602969067402472445917266   -0.28027484558816829027778722949952759159  0.0043579548699885775473033015028888014296
 -0.96129132020244602969067402472445917266    0.20285748599306034965913527894844593692   -0.28027484558816829027778722949952759159  0.0043579548699885775473033015028888014296
 -0.28027484558816829027778722949952759159   -0.96129132020244602969067402472445917266   -0.96129132020244602969067402472445917266  0.0043579548699885775473033015028888014296
  0.20285748599306034965913527894844593692   -0.28027484558816829027778722949952759159   -0.96129132020244602969067402472445917266  0.0043579548699885775473033015028888014296
  0.65528503890404279969142588232069872691    -0.8441444742935383281715279331489111778   -0.96699609031696614334837001602287637132  0.0039728288566819262045826003744923137997
  0.65528503890404279969142588232069872691    -0.8441444742935383281715279331489111778    -0.8441444742935383281715279331489111778  0.0039728288566819262045826003744923137997
  -0.8441444742935383281715279331489111778    -0.8441444742935383281715279331489111778    0.65528503890404279969142588232069872691  0.0039728288566819262045826003744923137997
 -0.96699609031696614334837001602287637132    0.65528503890404279969142588232069872691    -0.8441444742935383281715279331489111778  0.0039728288566819262045826003744923137997
  -0.8441444742935383281715279331489111778   -0.96699609031696614334837001602287637132    0.65528503890404279969142588232069872691  0.0039728288566819262045826003744923137997
  -0.8441444742935383281715279331489111778    0.65528503890404279969142588232069872691    -0.8441444742935383281715279331489111778  0.0039728288566819262045826003744923137997
 -0.96699609031696614334837001602287637132    -0.8441444742935383281715279331489111778    0.65528503890404279969142588232069872691  0.0039728288566819262045826003744923137997
  -0.8441444742935383281715279331489111778   -0.96699609031696614334837001602287637132    -0.8441444742935383281715279331489111778  0.0039728288566819262045826003744923137997
  -0.8441444742935383281715279331489111778    -0.8441444742935383281715279331489111778   -0.96699609031696614334837001602287637132  0.0039728288566819262045826003744923137997
  -0.8441444742935383281715279331489111778    0.65528503890404279969142588232069872691   -0.96699609031696614334837001602287637132  0.0039728288566819262045826003744923137997
 -0.96699609031696614334837001602287637132    -0.8441444742935383281715279331489111778    -0.8441444742935383281715279331489111778  0.0039728288566819262045826003744923137997
  0.65528503890404279969142588232069872691   -0.96699609031696614334837001602287637132    -0.8441444742935383281715279331489111778  0.0039728288566819262045826003744923137997
-0.044386959915367494951363257666885332518   -0.75588825850651672975644504221538756549    -0.4438365230715990455357466579023395365    0.02802020789690231390453751232336264761
-0.044386959915367494951363257666885332518   -0.75588825850651672975644504221538756549   -0.75588825850651672975644504221538756549    0.02802020789690231390453751232336264761
 -0.75588825850651672975644504221538756549   -0.75588825850651672975644504221538756549  -0.044386959915367494951363257666885332518    0.02802020789690231390453751232336264761
  -0.4438365230715990455357466579023395365  -0.044386959915367494951363257666885332518   -0.75588825850651672975644504221538756549    0.02802020789690231390453751232336264761
 -0.75588825850651672975644504221538756549    -0.4438365230715990455357466579023395365  -0.044386959915367494951363257666885332518    0.02802020789690231390453751232336264761
 -0.75588825850651672975644504221538756549  -0.044386959915367494951363257666885332518   -0.75588825850651672975644504221538756549    0.02802020789690231390453751232336264761
  -0.4438365230715990455357466579023395365   -0.75588825850651672975644504221538756549  -0.044386959915367494951363257666885332518    0.02802020789690231390453751232336264761
 -0.75588825850651672975644504221538756549    -0.4438365230715990455357466579023395365   -0.75588825850651672975644504221538756549    0.02802020789690231390453751232336264761
 -0.75588825850651672975644504221538756549   -0.75588825850651672975644504221538756549    -0.4438365230715990455357466579023395365    0.02802020789690231390453751232336264761
 -0.75588825850651672975644504221538756549  -0.044386959915367494951363257666885332518    -0.4438365230715990455357466579023395365    0.02802020789690231390453751232336264761
  -0.4438365230715990455357466579023395365   -0.75588825850651672975644504221538756549   -0.75588825850651672975644504221538756549    0.02802020789690231390453751232336264761
-0.044386959915367494951363257666885332518    -0.4438365230715990455357466579023395365   -0.75588825850651672975644504221538756549    0.02802020789690231390453751232336264761
-0.044476401767411850483356741730124007844    -0.5042585212556041851928325868659999927   -0.94700655572137977913097808453787600676   0.015436155800642411730193907770832482687
-0.044476401767411850483356741730124007844    -0.5042585212556041851928325868659999927    -0.5042585212556041851928325868659999927   0.015436155800642411730193907770832482687
  -0.5042585212556041851928325868659999927    -0.5042585212556041851928325868659999927  -0.044476401767411850483356741730124007844   0.015436155800642411730193907770832482687
 -0.94700655572137977913097808453787600676  -0.044476401767411850483356741730124007844    -0.5042585212556041851928325868659999927   0.015436155800642411730193907770832482687
  -0.5042585212556041851928325868659999927   -0.94700655572137977913097808453787600676  -0.044476401767411850483356741730124007844   0.015436155800642411730193907770832482687
  -0.5042585212556041851928325868659999927  -0.044476401767411850483356741730124007844    -0.5042585212556041851928325868659999927   0.015436155800642411730193907770832482687
 -0.94700655572137977913097808453787600676    -0.5042585212556041851928325868659999927  -0.044476401767411850483356741730124007844   0.015436155800642411730193907770832482687
  -0.5042585212556041851928325868659999927   -0.94700655572137977913097808453787600676    -0.5042585212556041851928325868659999927   0.015436155800642411730193907770832482687
  -0.5042585212556041851928325868659999927    -0.5042585212556041851928325868659999927   -0.94700655572137977913097808453787600676   0.015436155800642411730193907770832482687
  -0.5042585212556041851928325868659999927  -0.044476401767411850483356741730124007844   -0.94700655572137977913097808453787600676   0.015436155800642411730193907770832482687
 -0.94700655572137977913097808453787600676    -0.5042585212556041851928325868659999927    -0.5042585212556041851928325868659999927   0.015436155800642411730193907770832482687
-0.044476401767411850483356741730124007844   -0.94700655572137977913097808453787600676    -0.5042585212556041851928325868659999927   0.015436155800642411730193907770832482687
  -0.7645051281977977405944507453356614137    -0.1405369808223906142282226184171181921   -0.95442091015742103094910401783010220209   0.012756640058598761350663690803873285093
  -0.7645051281977977405944507453356614137    -0.1405369808223906142282226184171181921    -0.1405369808223906142282226184171181921   0.012756640058598761350663690803873285093
  -0.1405369808223906142282226184171181921    -0.1405369808223906142282226184171181921    -0.7645051281977977405944507453356614137   0.012756640058598761350663690803873285093
 -0.95442091015742103094910401783010220209    -0.7645051281977977405944507453356614137    -0.1405369808223906142282226184171181921   0.012756640058598761350663690803873285093
  -0.1405369808223906142282226184171181921   -0.95442091015742103094910401783010220209    -0.7645051281977977405944507453356614137   0.012756640058598761350663690803873285093
  -0.1405369808223906142282226184171181921    -0.7645051281977977405944507453356614137    -0.1405369808223906142282226184171181921   0.012756640058598761350663690803873285093
 -0.95442091015742103094910401783010220209    -0.1405369808223906142282226184171181921    -0.7645051281977977405944507453356614137   0.012756640058598761350663690803873285093
  -0.1405369808223906142282226184171181921   -0.95442091015742103094910401783010220209    -0.1405369808223906142282226184171181921   0.012756640058598761350663690803873285093
  -0.1405369808223906142282226184171181921    -0.1405369808223906142282226184171181921   -0.95442091015742103094910401783010220209   0.012756640058598761350663690803873285093
  -0.1405369808223906142282226184171181921    -0.7645051281977977405944507453356614137   -0.95442091015742103094910401783010220209   0.012756640058598761350663690803873285093
 -0.95442091015742103094910401783010220209    -0.1405369808223906142282226184171181921    -0.1405369808223906142282226184171181921   0.012756640058598761350663690803873285093
  -0.7645051281977977405944507453356614137   -0.95442091015742103094910401783010220209    -0.1405369808223906142282226184171181921   0.012756640058598761350663690803873285093
  0.30607561793661206909148633755185854365    -0.8045300367935431377789810882076504259   -0.95509906046073084857898676473599288591   0.010035315515852848627826034387543539056
  -0.8045300367935431377789810882076504259   -0.95509906046073084857898676473599288591    0.30607561793661206909148633755185854365   0.010035315515852848627826034387543539056
  -0.8045300367935431377789810882076504259    0.30607561793661206909148633755185854365   -0.95509906046073084857898676473599288591   0.010035315515852848627826034387543539056
 -0.95509906046073084857898676473599288591    0.30607561793661206909148633755185854365   -0.54644652068233808273351848460821523184   0.010035315515852848627826034387543539056
 -0.95509906046073084857898676473599288591    0.30607561793661206909148633755185854365    -0.8045300367935431377789810882076504259   0.010035315515852848627826034387543539056
 -0.54644652068233808273351848460821523184    0.30607561793661206909148633755185854365   -0.95509906046073084857898676473599288591   0.010035315515852848627826034387543539056
 -0.95509906046073084857898676473599288591    -0.8045300367935431377789810882076504259   -0.54644652068233808273351848460821523184   0.010035315515852848627826034387543539056
 -0.95509906046073084857898676473599288591   -0.54644652068233808273351848460821523184    0.30607561793661206909148633755185854365   0.010035315515852848627826034387543539056
 -0.54644652068233808273351848460821523184    -0.8045300367935431377789810882076504259   -0.95509906046073084857898676473599288591   0.010035315515852848627826034387543539056
  0.30607561793661206909148633755185854365    -0.8045300367935431377789810882076504259   -0.54644652068233808273351848460821523184   0.010035315515852848627826034387543539056
 -0.54644652068233808273351848460821523184    0.30607561793661206909148633755185854365    -0.8045300367935431377789810882076504259   0.010035315515852848627826034387543539056
 -0.95509906046073084857898676473599288591    -0.8045300367935431377789810882076504259    0.30607561793661206909148633755185854365   0.010035315515852848627826034387543539056
 -0.54644652068233808273351848460821523184    -0.8045300367935431377789810882076504259    0.30607561793661206909148633755185854365   0.010035315515852848627826034387543539056
  0.30607561793661206909148633755185854365   -0.54644652068233808273351848460821523184   -0.95509906046073084857898676473599288591   0.010035315515852848627826034387543539056
 -0.95509906046073084857898676473599288591   -0.54644652068233808273351848460821523184    -0.8045300367935431377789810882076504259   0.010035315515852848627826034387543539056
  -0.8045300367935431377789810882076504259   -0.54644652068233808273351848460821523184   -0.95509906046073084857898676473599288591   0.010035315515852848627826034387543539056
  0.30607561793661206909148633755185854365   -0.54644652068233808273351848460821523184    -0.8045300367935431377789810882076504259   0.010035315515852848627826034387543539056
  -0.8045300367935431377789810882076504259   -0.54644652068233808273351848460821523184    0.30607561793661206909148633755185854365   0.010035315515852848627826034387543539056
  -0.8045300367935431377789810882076504259    0.30607561793661206909148633755185854365   -0.54644652068233808273351848460821523184   0.010035315515852848627826034387543539056
 -0.54644652068233808273351848460821523184   -0.95509906046073084857898676473599288591    0.30607561793661206909148633755185854365   0.010035315515852848627826034387543539056
  0.30607561793661206909148633755185854365   -0.95509906046073084857898676473599288591   -0.54644652068233808273351848460821523184   0.010035315515852848627826034387543539056
  0.30607561793661206909148633755185854365   -0.95509906046073084857898676473599288591    -0.8045300367935431377789810882076504259   0.010035315515852848627826034387543539056
  -0.8045300367935431377789810882076504259   -0.95509906046073084857898676473599288591   -0.54644652068233808273351848460821523184   0.010035315515852848627826034387543539056
 -0.54644652068233808273351848460821523184   -0.95509906046073084857898676473599288591    -0.8045300367935431377789810882076504259   0.010035315515852848627826034387543539056

