                                       -0.5                                         -0.5                                         -0.5    0.010433256475634415657711533876164685219
  -0.94865231301841899217181416249373913441    -0.94865231301841899217181416249373913441     0.84595693905525697651544248748121740324   0.0009768531861637524281949760027507634749
  -0.94865231301841899217181416249373913441     0.84595693905525697651544248748121740324    -0.94865231301841899217181416249373913441   0.0009768531861637524281949760027507634749
   0.84595693905525697651544248748121740324    -0.94865231301841899217181416249373913441    -0.94865231301841899217181416249373913441   0.0009768531861637524281949760027507634749
  -0.94865231301841899217181416249373913441    -0.94865231301841899217181416249373913441    -0.94865231301841899217181416249373913441   0.0009768531861637524281949760027507634749
  -0.70050685350260696499529965201040145109    -0.70050685350260696499529965201040145109     0.10152056050782089498589895603120435328   0.0079301213798743263558356805033827108498
  -0.70050685350260696499529965201040145109     0.10152056050782089498589895603120435328    -0.70050685350260696499529965201040145109   0.0079301213798743263558356805033827108498
   0.10152056050782089498589895603120435328    -0.70050685350260696499529965201040145109    -0.70050685350260696499529965201040145109   0.0079301213798743263558356805033827108498
  -0.70050685350260696499529965201040145109    -0.70050685350260696499529965201040145109    -0.70050685350260696499529965201040145109   0.0079301213798743263558356805033827108498
  -0.59446759742546338788625238863117290279    -0.59446759742546338788625238863117290279    -0.21659720772360983634124283410648129162    0.010661927240295004544182115179186105549
  -0.59446759742546338788625238863117290279    -0.21659720772360983634124283410648129162    -0.59446759742546338788625238863117290279    0.010661927240295004544182115179186105549
  -0.21659720772360983634124283410648129162    -0.59446759742546338788625238863117290279    -0.59446759742546338788625238863117290279    0.010661927240295004544182115179186105549
  -0.59446759742546338788625238863117290279    -0.59446759742546338788625238863117290279    -0.59446759742546338788625238863117290279    0.010661927240295004544182115179186105549
  -0.42428183064169488538162266829863633726    -0.42428183064169488538162266829863633726    -0.72715450807491534385513199510409098822    0.012597750696992748393920058421600947706
  -0.42428183064169488538162266829863633726    -0.72715450807491534385513199510409098822    -0.42428183064169488538162266829863633726    0.012597750696992748393920058421600947706
  -0.72715450807491534385513199510409098822    -0.42428183064169488538162266829863633726    -0.42428183064169488538162266829863633726    0.012597750696992748393920058421600947706
  -0.42428183064169488538162266829863633726    -0.42428183064169488538162266829863633726    -0.42428183064169488538162266829863633726    0.012597750696992748393920058421600947706
  -0.36304521430458386755128151666170830336    -0.36304521430458386755128151666170830336    -0.91086435708624839734615545001487508991   0.0063714589907336221574509227114508989702
  -0.36304521430458386755128151666170830336    -0.91086435708624839734615545001487508991    -0.36304521430458386755128151666170830336   0.0063714589907336221574509227114508989702
  -0.91086435708624839734615545001487508991    -0.36304521430458386755128151666170830336    -0.36304521430458386755128151666170830336   0.0063714589907336221574509227114508989702
  -0.36304521430458386755128151666170830336    -0.36304521430458386755128151666170830336    -0.36304521430458386755128151666170830336   0.0063714589907336221574509227114508989702
  -0.99075452455266080681164986536448291085  -0.0092454754473391931883501346355170891464  -0.0092454754473391931883501346355170891464  0.00031198835204054042784960608839130710756
-0.0092454754473391931883501346355170891464    -0.99075452455266080681164986536448291085  -0.0092454754473391931883501346355170891464  0.00031198835204054042784960608839130710756
  -0.99075452455266080681164986536448291085    -0.99075452455266080681164986536448291085  -0.0092454754473391931883501346355170891464  0.00031198835204054042784960608839130710756
  -0.99075452455266080681164986536448291085  -0.0092454754473391931883501346355170891464    -0.99075452455266080681164986536448291085  0.00031198835204054042784960608839130710756
-0.0092454754473391931883501346355170891464    -0.99075452455266080681164986536448291085    -0.99075452455266080681164986536448291085  0.00031198835204054042784960608839130710756
-0.0092454754473391931883501346355170891464  -0.0092454754473391931883501346355170891464    -0.99075452455266080681164986536448291085  0.00031198835204054042784960608839130710756
  -0.94394447691815869057417175103955590668   -0.056055523081841309425828248960444093321   -0.056055523081841309425828248960444093321    0.002553876542715138698866549444517365073
 -0.056055523081841309425828248960444093321    -0.94394447691815869057417175103955590668   -0.056055523081841309425828248960444093321    0.002553876542715138698866549444517365073
  -0.94394447691815869057417175103955590668    -0.94394447691815869057417175103955590668   -0.056055523081841309425828248960444093321    0.002553876542715138698866549444517365073
  -0.94394447691815869057417175103955590668   -0.056055523081841309425828248960444093321    -0.94394447691815869057417175103955590668    0.002553876542715138698866549444517365073
 -0.056055523081841309425828248960444093321    -0.94394447691815869057417175103955590668    -0.94394447691815869057417175103955590668    0.002553876542715138698866549444517365073
 -0.056055523081841309425828248960444093321   -0.056055523081841309425828248960444093321    -0.94394447691815869057417175103955590668    0.002553876542715138698866549444517365073
  -0.84485689723909815060584490288874430415    -0.15514310276090184939415509711125569585    -0.15514310276090184939415509711125569585   0.0062256113790658309951147956397117985101
  -0.15514310276090184939415509711125569585    -0.84485689723909815060584490288874430415    -0.15514310276090184939415509711125569585   0.0062256113790658309951147956397117985101
  -0.84485689723909815060584490288874430415    -0.84485689723909815060584490288874430415    -0.15514310276090184939415509711125569585   0.0062256113790658309951147956397117985101
  -0.84485689723909815060584490288874430415    -0.15514310276090184939415509711125569585    -0.84485689723909815060584490288874430415   0.0062256113790658309951147956397117985101
  -0.15514310276090184939415509711125569585    -0.84485689723909815060584490288874430415    -0.84485689723909815060584490288874430415   0.0062256113790658309951147956397117985101
  -0.15514310276090184939415509711125569585    -0.15514310276090184939415509711125569585    -0.84485689723909815060584490288874430415   0.0062256113790658309951147956397117985101
   0.93177303519727538735312956618450161628    -0.99999999999999947918400259935027738451    -0.93177303519727642898512436748394684726  6.3962599169801393386241282601752274586e-05
   0.93177303519727538735312956618450161628    -0.99999999999999947918400259935027738451    -0.99999999999999947918400259935027738451  6.3962599169801393386241282601752274586e-05
  -0.99999999999999947918400259935027738451    -0.99999999999999947918400259935027738451     0.93177303519727538735312956618450161628  6.3962599169801393386241282601752274586e-05
  -0.93177303519727642898512436748394684726     0.93177303519727538735312956618450161628    -0.99999999999999947918400259935027738451  6.3962599169801393386241282601752274586e-05
  -0.99999999999999947918400259935027738451    -0.93177303519727642898512436748394684726     0.93177303519727538735312956618450161628  6.3962599169801393386241282601752274586e-05
  -0.99999999999999947918400259935027738451     0.93177303519727538735312956618450161628    -0.99999999999999947918400259935027738451  6.3962599169801393386241282601752274586e-05
  -0.93177303519727642898512436748394684726    -0.99999999999999947918400259935027738451     0.93177303519727538735312956618450161628  6.3962599169801393386241282601752274586e-05
  -0.99999999999999947918400259935027738451    -0.93177303519727642898512436748394684726    -0.99999999999999947918400259935027738451  6.3962599169801393386241282601752274586e-05
  -0.99999999999999947918400259935027738451    -0.99999999999999947918400259935027738451    -0.93177303519727642898512436748394684726  6.3962599169801393386241282601752274586e-05
  -0.99999999999999947918400259935027738451     0.93177303519727538735312956618450161628    -0.93177303519727642898512436748394684726  6.3962599169801393386241282601752274586e-05
  -0.93177303519727642898512436748394684726    -0.99999999999999947918400259935027738451    -0.99999999999999947918400259935027738451  6.3962599169801393386241282601752274586e-05
   0.93177303519727538735312956618450161628    -0.93177303519727642898512436748394684726    -0.99999999999999947918400259935027738451  6.3962599169801393386241282601752274586e-05
   0.65474281846388206034349197763147169659    -0.98297912911555715258259451217526496774    -0.68878456023276775517830295328094176111  0.00044737602609672092312270724937292524447
   0.65474281846388206034349197763147169659    -0.98297912911555715258259451217526496774    -0.98297912911555715258259451217526496774  0.00044737602609672092312270724937292524447
  -0.98297912911555715258259451217526496774    -0.98297912911555715258259451217526496774     0.65474281846388206034349197763147169659  0.00044737602609672092312270724937292524447
  -0.68878456023276775517830295328094176111     0.65474281846388206034349197763147169659    -0.98297912911555715258259451217526496774  0.00044737602609672092312270724937292524447
  -0.98297912911555715258259451217526496774    -0.68878456023276775517830295328094176111     0.65474281846388206034349197763147169659  0.00044737602609672092312270724937292524447
  -0.98297912911555715258259451217526496774     0.65474281846388206034349197763147169659    -0.98297912911555715258259451217526496774  0.00044737602609672092312270724937292524447
  -0.68878456023276775517830295328094176111    -0.98297912911555715258259451217526496774     0.65474281846388206034349197763147169659  0.00044737602609672092312270724937292524447
  -0.98297912911555715258259451217526496774    -0.68878456023276775517830295328094176111    -0.98297912911555715258259451217526496774  0.00044737602609672092312270724937292524447
  -0.98297912911555715258259451217526496774    -0.98297912911555715258259451217526496774    -0.68878456023276775517830295328094176111  0.00044737602609672092312270724937292524447
  -0.98297912911555715258259451217526496774     0.65474281846388206034349197763147169659    -0.68878456023276775517830295328094176111  0.00044737602609672092312270724937292524447
  -0.68878456023276775517830295328094176111    -0.98297912911555715258259451217526496774    -0.98297912911555715258259451217526496774  0.00044737602609672092312270724937292524447
   0.65474281846388206034349197763147169659    -0.68878456023276775517830295328094176111    -0.98297912911555715258259451217526496774  0.00044737602609672092312270724937292524447
   0.39728134447209555820181139274678876195    -0.98148801983613805191948975185403337915    -0.43430530479981945436283188903872200365  0.00060962463224892500385942813698093492436
   0.39728134447209555820181139274678876195    -0.98148801983613805191948975185403337915    -0.98148801983613805191948975185403337915  0.00060962463224892500385942813698093492436
  -0.98148801983613805191948975185403337915    -0.98148801983613805191948975185403337915     0.39728134447209555820181139274678876195  0.00060962463224892500385942813698093492436
  -0.43430530479981945436283188903872200365     0.39728134447209555820181139274678876195    -0.98148801983613805191948975185403337915  0.00060962463224892500385942813698093492436
  -0.98148801983613805191948975185403337915    -0.43430530479981945436283188903872200365     0.39728134447209555820181139274678876195  0.00060962463224892500385942813698093492436
  -0.98148801983613805191948975185403337915     0.39728134447209555820181139274678876195    -0.98148801983613805191948975185403337915  0.00060962463224892500385942813698093492436
  -0.43430530479981945436283188903872200365    -0.98148801983613805191948975185403337915     0.39728134447209555820181139274678876195  0.00060962463224892500385942813698093492436
  -0.98148801983613805191948975185403337915    -0.43430530479981945436283188903872200365    -0.98148801983613805191948975185403337915  0.00060962463224892500385942813698093492436
  -0.98148801983613805191948975185403337915    -0.98148801983613805191948975185403337915    -0.43430530479981945436283188903872200365  0.00060962463224892500385942813698093492436
  -0.98148801983613805191948975185403337915     0.39728134447209555820181139274678876195    -0.43430530479981945436283188903872200365  0.00060962463224892500385942813698093492436
  -0.43430530479981945436283188903872200365    -0.98148801983613805191948975185403337915    -0.98148801983613805191948975185403337915  0.00060962463224892500385942813698093492436
   0.39728134447209555820181139274678876195    -0.43430530479981945436283188903872200365    -0.98148801983613805191948975185403337915  0.00060962463224892500385942813698093492436
   0.46547863751181732413400738041866421104    -0.94360167946344691663608078750039794974    -0.57827527858492349086184580541786831155   0.0014010518575210197539603022806218865265
   0.46547863751181732413400738041866421104    -0.94360167946344691663608078750039794974    -0.94360167946344691663608078750039794974   0.0014010518575210197539603022806218865265
  -0.94360167946344691663608078750039794974    -0.94360167946344691663608078750039794974     0.46547863751181732413400738041866421104   0.0014010518575210197539603022806218865265
  -0.57827527858492349086184580541786831155     0.46547863751181732413400738041866421104    -0.94360167946344691663608078750039794974   0.0014010518575210197539603022806218865265
  -0.94360167946344691663608078750039794974    -0.57827527858492349086184580541786831155     0.46547863751181732413400738041866421104   0.0014010518575210197539603022806218865265
  -0.94360167946344691663608078750039794974     0.46547863751181732413400738041866421104    -0.94360167946344691663608078750039794974   0.0014010518575210197539603022806218865265
  -0.57827527858492349086184580541786831155    -0.94360167946344691663608078750039794974     0.46547863751181732413400738041866421104   0.0014010518575210197539603022806218865265
  -0.94360167946344691663608078750039794974    -0.57827527858492349086184580541786831155    -0.94360167946344691663608078750039794974   0.0014010518575210197539603022806218865265
  -0.94360167946344691663608078750039794974    -0.94360167946344691663608078750039794974    -0.57827527858492349086184580541786831155   0.0014010518575210197539603022806218865265
  -0.94360167946344691663608078750039794974     0.46547863751181732413400738041866421104    -0.57827527858492349086184580541786831155   0.0014010518575210197539603022806218865265
  -0.57827527858492349086184580541786831155    -0.94360167946344691663608078750039794974    -0.94360167946344691663608078750039794974   0.0014010518575210197539603022806218865265
   0.46547863751181732413400738041866421104    -0.57827527858492349086184580541786831155    -0.94360167946344691663608078750039794974   0.0014010518575210197539603022806218865265
   0.19013260148089454787651777575308454957     -0.9191269875612265477575825046866234467    -0.35187862635844145236135276637983765617   0.0037939117840576361035839748496287623052
   0.19013260148089454787651777575308454957     -0.9191269875612265477575825046866234467     -0.9191269875612265477575825046866234467   0.0037939117840576361035839748496287623052
   -0.9191269875612265477575825046866234467     -0.9191269875612265477575825046866234467     0.19013260148089454787651777575308454957   0.0037939117840576361035839748496287623052
  -0.35187862635844145236135276637983765617     0.19013260148089454787651777575308454957     -0.9191269875612265477575825046866234467   0.0037939117840576361035839748496287623052
   -0.9191269875612265477575825046866234467    -0.35187862635844145236135276637983765617     0.19013260148089454787651777575308454957   0.0037939117840576361035839748496287623052
   -0.9191269875612265477575825046866234467     0.19013260148089454787651777575308454957     -0.9191269875612265477575825046866234467   0.0037939117840576361035839748496287623052
  -0.35187862635844145236135276637983765617     -0.9191269875612265477575825046866234467     0.19013260148089454787651777575308454957   0.0037939117840576361035839748496287623052
   -0.9191269875612265477575825046866234467    -0.35187862635844145236135276637983765617     -0.9191269875612265477575825046866234467   0.0037939117840576361035839748496287623052
   -0.9191269875612265477575825046866234467     -0.9191269875612265477575825046866234467    -0.35187862635844145236135276637983765617   0.0037939117840576361035839748496287623052
   -0.9191269875612265477575825046866234467     0.19013260148089454787651777575308454957    -0.35187862635844145236135276637983765617   0.0037939117840576361035839748496287623052
  -0.35187862635844145236135276637983765617     -0.9191269875612265477575825046866234467     -0.9191269875612265477575825046866234467   0.0037939117840576361035839748496287623052
   0.19013260148089454787651777575308454957    -0.35187862635844145236135276637983765617     -0.9191269875612265477575825046866234467   0.0037939117840576361035839748496287623052
   0.62441629379579632575756723589716086264    -0.91536238323772744815192616058077030793    -0.79369152732034142945371491473562024678   0.0025469314521850567071393116867324723384
   0.62441629379579632575756723589716086264    -0.91536238323772744815192616058077030793    -0.91536238323772744815192616058077030793   0.0025469314521850567071393116867324723384
  -0.91536238323772744815192616058077030793    -0.91536238323772744815192616058077030793     0.62441629379579632575756723589716086264   0.0025469314521850567071393116867324723384
  -0.79369152732034142945371491473562024678     0.62441629379579632575756723589716086264    -0.91536238323772744815192616058077030793   0.0025469314521850567071393116867324723384
  -0.91536238323772744815192616058077030793    -0.79369152732034142945371491473562024678     0.62441629379579632575756723589716086264   0.0025469314521850567071393116867324723384
  -0.91536238323772744815192616058077030793     0.62441629379579632575756723589716086264    -0.91536238323772744815192616058077030793   0.0025469314521850567071393116867324723384
  -0.79369152732034142945371491473562024678    -0.91536238323772744815192616058077030793     0.62441629379579632575756723589716086264   0.0025469314521850567071393116867324723384
  -0.91536238323772744815192616058077030793    -0.79369152732034142945371491473562024678    -0.91536238323772744815192616058077030793   0.0025469314521850567071393116867324723384
  -0.91536238323772744815192616058077030793    -0.91536238323772744815192616058077030793    -0.79369152732034142945371491473562024678   0.0025469314521850567071393116867324723384
  -0.91536238323772744815192616058077030793     0.62441629379579632575756723589716086264    -0.79369152732034142945371491473562024678   0.0025469314521850567071393116867324723384
  -0.79369152732034142945371491473562024678    -0.91536238323772744815192616058077030793    -0.91536238323772744815192616058077030793   0.0025469314521850567071393116867324723384
   0.62441629379579632575756723589716086264    -0.79369152732034142945371491473562024678    -0.91536238323772744815192616058077030793   0.0025469314521850567071393116867324723384
   0.53403841162992574972022070947993496878    -0.77977305902265807657841326645520184323    -0.97449229358460959656339417656953128233   0.0021216866660696609206501161229600396213
   0.53403841162992574972022070947993496878    -0.77977305902265807657841326645520184323    -0.77977305902265807657841326645520184323   0.0021216866660696609206501161229600396213
  -0.77977305902265807657841326645520184323    -0.77977305902265807657841326645520184323     0.53403841162992574972022070947993496878   0.0021216866660696609206501161229600396213
  -0.97449229358460959656339417656953128233     0.53403841162992574972022070947993496878    -0.77977305902265807657841326645520184323   0.0021216866660696609206501161229600396213
  -0.77977305902265807657841326645520184323    -0.97449229358460959656339417656953128233     0.53403841162992574972022070947993496878   0.0021216866660696609206501161229600396213
  -0.77977305902265807657841326645520184323     0.53403841162992574972022070947993496878    -0.77977305902265807657841326645520184323   0.0021216866660696609206501161229600396213
  -0.97449229358460959656339417656953128233    -0.77977305902265807657841326645520184323     0.53403841162992574972022070947993496878   0.0021216866660696609206501161229600396213
  -0.77977305902265807657841326645520184323    -0.97449229358460959656339417656953128233    -0.77977305902265807657841326645520184323   0.0021216866660696609206501161229600396213
  -0.77977305902265807657841326645520184323    -0.77977305902265807657841326645520184323    -0.97449229358460959656339417656953128233   0.0021216866660696609206501161229600396213
  -0.77977305902265807657841326645520184323     0.53403841162992574972022070947993496878    -0.97449229358460959656339417656953128233   0.0021216866660696609206501161229600396213
  -0.97449229358460959656339417656953128233    -0.77977305902265807657841326645520184323    -0.77977305902265807657841326645520184323   0.0021216866660696609206501161229600396213
   0.53403841162992574972022070947993496878    -0.97449229358460959656339417656953128233    -0.77977305902265807657841326645520184323   0.0021216866660696609206501161229600396213
   0.39393514285258549369729844424447976559    -0.77779989337774780717838833897891793924    -0.83833535609708987934052176628664388711   0.0023029654357812349682196272294982947035
   0.39393514285258549369729844424447976559    -0.77779989337774780717838833897891793924    -0.77779989337774780717838833897891793924   0.0023029654357812349682196272294982947035
  -0.77779989337774780717838833897891793924    -0.77779989337774780717838833897891793924     0.39393514285258549369729844424447976559   0.0023029654357812349682196272294982947035
  -0.83833535609708987934052176628664388711     0.39393514285258549369729844424447976559    -0.77779989337774780717838833897891793924   0.0023029654357812349682196272294982947035
  -0.77779989337774780717838833897891793924    -0.83833535609708987934052176628664388711     0.39393514285258549369729844424447976559   0.0023029654357812349682196272294982947035
  -0.77779989337774780717838833897891793924     0.39393514285258549369729844424447976559    -0.77779989337774780717838833897891793924   0.0023029654357812349682196272294982947035
  -0.83833535609708987934052176628664388711    -0.77779989337774780717838833897891793924     0.39393514285258549369729844424447976559   0.0023029654357812349682196272294982947035
  -0.77779989337774780717838833897891793924    -0.83833535609708987934052176628664388711    -0.77779989337774780717838833897891793924   0.0023029654357812349682196272294982947035
  -0.77779989337774780717838833897891793924    -0.77779989337774780717838833897891793924    -0.83833535609708987934052176628664388711   0.0023029654357812349682196272294982947035
  -0.77779989337774780717838833897891793924     0.39393514285258549369729844424447976559    -0.83833535609708987934052176628664388711   0.0023029654357812349682196272294982947035
  -0.83833535609708987934052176628664388711    -0.77779989337774780717838833897891793924    -0.77779989337774780717838833897891793924   0.0023029654357812349682196272294982947035
   0.39393514285258549369729844424447976559    -0.83833535609708987934052176628664388711    -0.77779989337774780717838833897891793924   0.0023029654357812349682196272294982947035
  0.071638785614660910241821422086657861372    -0.77777295193443810136014686775183274667    -0.51609288174578470752152768658299236804   0.0062302569371374695097658871573797789201
  0.071638785614660910241821422086657861372    -0.77777295193443810136014686775183274667    -0.77777295193443810136014686775183274667   0.0062302569371374695097658871573797789201
  -0.77777295193443810136014686775183274667    -0.77777295193443810136014686775183274667    0.071638785614660910241821422086657861372   0.0062302569371374695097658871573797789201
  -0.51609288174578470752152768658299236804    0.071638785614660910241821422086657861372    -0.77777295193443810136014686775183274667   0.0062302569371374695097658871573797789201
  -0.77777295193443810136014686775183274667    -0.51609288174578470752152768658299236804    0.071638785614660910241821422086657861372   0.0062302569371374695097658871573797789201
  -0.77777295193443810136014686775183274667    0.071638785614660910241821422086657861372    -0.77777295193443810136014686775183274667   0.0062302569371374695097658871573797789201
  -0.51609288174578470752152768658299236804    -0.77777295193443810136014686775183274667    0.071638785614660910241821422086657861372   0.0062302569371374695097658871573797789201
  -0.77777295193443810136014686775183274667    -0.51609288174578470752152768658299236804    -0.77777295193443810136014686775183274667   0.0062302569371374695097658871573797789201
  -0.77777295193443810136014686775183274667    -0.77777295193443810136014686775183274667    -0.51609288174578470752152768658299236804   0.0062302569371374695097658871573797789201
  -0.77777295193443810136014686775183274667    0.071638785614660910241821422086657861372    -0.51609288174578470752152768658299236804   0.0062302569371374695097658871573797789201
  -0.51609288174578470752152768658299236804    -0.77777295193443810136014686775183274667    -0.77777295193443810136014686775183274667   0.0062302569371374695097658871573797789201
  0.071638785614660910241821422086657861372    -0.51609288174578470752152768658299236804    -0.77777295193443810136014686775183274667   0.0062302569371374695097658871573797789201
  -0.20346594983353584957707664258322700685    -0.70730431655757345067063407466479982103    -0.38192541705131724908165520808717335109   0.0083773956166575475996739174373131084563
  -0.20346594983353584957707664258322700685    -0.70730431655757345067063407466479982103    -0.70730431655757345067063407466479982103   0.0083773956166575475996739174373131084563
  -0.70730431655757345067063407466479982103    -0.70730431655757345067063407466479982103    -0.20346594983353584957707664258322700685   0.0083773956166575475996739174373131084563
  -0.38192541705131724908165520808717335109    -0.20346594983353584957707664258322700685    -0.70730431655757345067063407466479982103   0.0083773956166575475996739174373131084563
  -0.70730431655757345067063407466479982103    -0.38192541705131724908165520808717335109    -0.20346594983353584957707664258322700685   0.0083773956166575475996739174373131084563
  -0.70730431655757345067063407466479982103    -0.20346594983353584957707664258322700685    -0.70730431655757345067063407466479982103   0.0083773956166575475996739174373131084563
  -0.38192541705131724908165520808717335109    -0.70730431655757345067063407466479982103    -0.20346594983353584957707664258322700685   0.0083773956166575475996739174373131084563
  -0.70730431655757345067063407466479982103    -0.38192541705131724908165520808717335109    -0.70730431655757345067063407466479982103   0.0083773956166575475996739174373131084563
  -0.70730431655757345067063407466479982103    -0.70730431655757345067063407466479982103    -0.38192541705131724908165520808717335109   0.0083773956166575475996739174373131084563
  -0.70730431655757345067063407466479982103    -0.20346594983353584957707664258322700685    -0.38192541705131724908165520808717335109   0.0083773956166575475996739174373131084563
  -0.38192541705131724908165520808717335109    -0.70730431655757345067063407466479982103    -0.70730431655757345067063407466479982103   0.0083773956166575475996739174373131084563
  -0.20346594983353584957707664258322700685    -0.38192541705131724908165520808717335109    -0.70730431655757345067063407466479982103   0.0083773956166575475996739174373131084563
   0.25466036198267125053343911876164801181    -0.63480543187416199427083836090111155228    -0.98504949823434726199176239695942490724   0.0023706402880491921397866780433805672378
   0.25466036198267125053343911876164801181    -0.63480543187416199427083836090111155228    -0.63480543187416199427083836090111155228   0.0023706402880491921397866780433805672378
  -0.63480543187416199427083836090111155228    -0.63480543187416199427083836090111155228     0.25466036198267125053343911876164801181   0.0023706402880491921397866780433805672378
  -0.98504949823434726199176239695942490724     0.25466036198267125053343911876164801181    -0.63480543187416199427083836090111155228   0.0023706402880491921397866780433805672378
  -0.63480543187416199427083836090111155228    -0.98504949823434726199176239695942490724     0.25466036198267125053343911876164801181   0.0023706402880491921397866780433805672378
  -0.63480543187416199427083836090111155228     0.25466036198267125053343911876164801181    -0.63480543187416199427083836090111155228   0.0023706402880491921397866780433805672378
  -0.98504949823434726199176239695942490724    -0.63480543187416199427083836090111155228     0.25466036198267125053343911876164801181   0.0023706402880491921397866780433805672378
  -0.63480543187416199427083836090111155228    -0.98504949823434726199176239695942490724    -0.63480543187416199427083836090111155228   0.0023706402880491921397866780433805672378
  -0.63480543187416199427083836090111155228    -0.63480543187416199427083836090111155228    -0.98504949823434726199176239695942490724   0.0023706402880491921397866780433805672378
  -0.63480543187416199427083836090111155228     0.25466036198267125053343911876164801181    -0.98504949823434726199176239695942490724   0.0023706402880491921397866780433805672378
  -0.98504949823434726199176239695942490724    -0.63480543187416199427083836090111155228    -0.63480543187416199427083836090111155228   0.0023706402880491921397866780433805672378
   0.25466036198267125053343911876164801181    -0.98504949823434726199176239695942490724    -0.63480543187416199427083836090111155228   0.0023706402880491921397866780433805672378
   0.14359435486403286441432510420535925045    -0.62491455655697254971281668116774334304    -0.89376524175008776498869174186987256437   0.0049975761347670378089994662825634860683
   0.14359435486403286441432510420535925045    -0.62491455655697254971281668116774334304    -0.62491455655697254971281668116774334304   0.0049975761347670378089994662825634860683
  -0.62491455655697254971281668116774334304    -0.62491455655697254971281668116774334304     0.14359435486403286441432510420535925045   0.0049975761347670378089994662825634860683
  -0.89376524175008776498869174186987256437     0.14359435486403286441432510420535925045    -0.62491455655697254971281668116774334304   0.0049975761347670378089994662825634860683
  -0.62491455655697254971281668116774334304    -0.89376524175008776498869174186987256437     0.14359435486403286441432510420535925045   0.0049975761347670378089994662825634860683
  -0.62491455655697254971281668116774334304     0.14359435486403286441432510420535925045    -0.62491455655697254971281668116774334304   0.0049975761347670378089994662825634860683
  -0.89376524175008776498869174186987256437    -0.62491455655697254971281668116774334304     0.14359435486403286441432510420535925045   0.0049975761347670378089994662825634860683
  -0.62491455655697254971281668116774334304    -0.89376524175008776498869174186987256437    -0.62491455655697254971281668116774334304   0.0049975761347670378089994662825634860683
  -0.62491455655697254971281668116774334304    -0.62491455655697254971281668116774334304    -0.89376524175008776498869174186987256437   0.0049975761347670378089994662825634860683
  -0.62491455655697254971281668116774334304     0.14359435486403286441432510420535925045    -0.89376524175008776498869174186987256437   0.0049975761347670378089994662825634860683
  -0.89376524175008776498869174186987256437    -0.62491455655697254971281668116774334304    -0.62491455655697254971281668116774334304   0.0049975761347670378089994662825634860683
   0.14359435486403286441432510420535925045    -0.89376524175008776498869174186987256437    -0.62491455655697254971281668116774334304   0.0049975761347670378089994662825634860683
  -0.12654452991327607361593985565898447191    -0.52483594675669006467292104959185310215    -0.82378357657334379703821804515730932378   0.0087257964633230039158048499064651364345
  -0.12654452991327607361593985565898447191    -0.52483594675669006467292104959185310215    -0.52483594675669006467292104959185310215   0.0087257964633230039158048499064651364345
  -0.52483594675669006467292104959185310215    -0.52483594675669006467292104959185310215    -0.12654452991327607361593985565898447191   0.0087257964633230039158048499064651364345
  -0.82378357657334379703821804515730932378    -0.12654452991327607361593985565898447191    -0.52483594675669006467292104959185310215   0.0087257964633230039158048499064651364345
  -0.52483594675669006467292104959185310215    -0.82378357657334379703821804515730932378    -0.12654452991327607361593985565898447191   0.0087257964633230039158048499064651364345
  -0.52483594675669006467292104959185310215    -0.12654452991327607361593985565898447191    -0.52483594675669006467292104959185310215   0.0087257964633230039158048499064651364345
  -0.82378357657334379703821804515730932378    -0.52483594675669006467292104959185310215    -0.12654452991327607361593985565898447191   0.0087257964633230039158048499064651364345
  -0.52483594675669006467292104959185310215    -0.82378357657334379703821804515730932378    -0.52483594675669006467292104959185310215   0.0087257964633230039158048499064651364345
  -0.52483594675669006467292104959185310215    -0.52483594675669006467292104959185310215    -0.82378357657334379703821804515730932378   0.0087257964633230039158048499064651364345
  -0.52483594675669006467292104959185310215    -0.12654452991327607361593985565898447191    -0.82378357657334379703821804515730932378   0.0087257964633230039158048499064651364345
  -0.82378357657334379703821804515730932378    -0.52483594675669006467292104959185310215    -0.52483594675669006467292104959185310215   0.0087257964633230039158048499064651364345
  -0.12654452991327607361593985565898447191    -0.82378357657334379703821804515730932378    -0.52483594675669006467292104959185310215   0.0087257964633230039158048499064651364345
 -0.030751493189579529886606394966590276796    -0.50743945071478461462127940997996621469    -0.95436960538085124087083478507347729382   0.0035061257635871507787362461334537441535
 -0.030751493189579529886606394966590276796    -0.50743945071478461462127940997996621469    -0.50743945071478461462127940997996621469   0.0035061257635871507787362461334537441535
  -0.50743945071478461462127940997996621469    -0.50743945071478461462127940997996621469   -0.030751493189579529886606394966590276796   0.0035061257635871507787362461334537441535
  -0.95436960538085124087083478507347729382   -0.030751493189579529886606394966590276796    -0.50743945071478461462127940997996621469   0.0035061257635871507787362461334537441535
  -0.50743945071478461462127940997996621469    -0.95436960538085124087083478507347729382   -0.030751493189579529886606394966590276796   0.0035061257635871507787362461334537441535
  -0.50743945071478461462127940997996621469   -0.030751493189579529886606394966590276796    -0.50743945071478461462127940997996621469   0.0035061257635871507787362461334537441535
  -0.95436960538085124087083478507347729382    -0.50743945071478461462127940997996621469   -0.030751493189579529886606394966590276796   0.0035061257635871507787362461334537441535
  -0.50743945071478461462127940997996621469    -0.95436960538085124087083478507347729382    -0.50743945071478461462127940997996621469   0.0035061257635871507787362461334537441535
  -0.50743945071478461462127940997996621469    -0.50743945071478461462127940997996621469    -0.95436960538085124087083478507347729382   0.0035061257635871507787362461334537441535
  -0.50743945071478461462127940997996621469   -0.030751493189579529886606394966590276796    -0.95436960538085124087083478507347729382   0.0035061257635871507787362461334537441535
  -0.95436960538085124087083478507347729382    -0.50743945071478461462127940997996621469    -0.50743945071478461462127940997996621469   0.0035061257635871507787362461334537441535
 -0.030751493189579529886606394966590276796    -0.95436960538085124087083478507347729382    -0.50743945071478461462127940997996621469   0.0035061257635871507787362461334537441535
  -0.39394741658036431727448394127314461028    -0.31124261583127110790033598800948195236    -0.98356735175709346692484408270789148501   0.0011760345810725494569694663370187755471
  -0.39394741658036431727448394127314461028    -0.31124261583127110790033598800948195236    -0.31124261583127110790033598800948195236   0.0011760345810725494569694663370187755471
  -0.31124261583127110790033598800948195236    -0.31124261583127110790033598800948195236    -0.39394741658036431727448394127314461028   0.0011760345810725494569694663370187755471
  -0.98356735175709346692484408270789148501    -0.39394741658036431727448394127314461028    -0.31124261583127110790033598800948195236   0.0011760345810725494569694663370187755471
  -0.31124261583127110790033598800948195236    -0.98356735175709346692484408270789148501    -0.39394741658036431727448394127314461028   0.0011760345810725494569694663370187755471
  -0.31124261583127110790033598800948195236    -0.39394741658036431727448394127314461028    -0.31124261583127110790033598800948195236   0.0011760345810725494569694663370187755471
  -0.98356735175709346692484408270789148501    -0.31124261583127110790033598800948195236    -0.39394741658036431727448394127314461028   0.0011760345810725494569694663370187755471
  -0.31124261583127110790033598800948195236    -0.98356735175709346692484408270789148501    -0.31124261583127110790033598800948195236   0.0011760345810725494569694663370187755471
  -0.31124261583127110790033598800948195236    -0.31124261583127110790033598800948195236    -0.98356735175709346692484408270789148501   0.0011760345810725494569694663370187755471
  -0.31124261583127110790033598800948195236    -0.39394741658036431727448394127314461028    -0.98356735175709346692484408270789148501   0.0011760345810725494569694663370187755471
  -0.98356735175709346692484408270789148501    -0.31124261583127110790033598800948195236    -0.31124261583127110790033598800948195236   0.0011760345810725494569694663370187755471
  -0.39394741658036431727448394127314461028    -0.98356735175709346692484408270789148501    -0.31124261583127110790033598800948195236   0.0011760345810725494569694663370187755471
   -0.6132658625068053511112920514491492201    -0.24881472210837057424873932406335931833    -0.88910469327645350039122930042413214324   0.0074711109238571143946839240636637919174
   -0.6132658625068053511112920514491492201    -0.24881472210837057424873932406335931833    -0.24881472210837057424873932406335931833   0.0074711109238571143946839240636637919174
  -0.24881472210837057424873932406335931833    -0.24881472210837057424873932406335931833     -0.6132658625068053511112920514491492201   0.0074711109238571143946839240636637919174
  -0.88910469327645350039122930042413214324     -0.6132658625068053511112920514491492201    -0.24881472210837057424873932406335931833   0.0074711109238571143946839240636637919174
  -0.24881472210837057424873932406335931833    -0.88910469327645350039122930042413214324     -0.6132658625068053511112920514491492201   0.0074711109238571143946839240636637919174
  -0.24881472210837057424873932406335931833     -0.6132658625068053511112920514491492201    -0.24881472210837057424873932406335931833   0.0074711109238571143946839240636637919174
  -0.88910469327645350039122930042413214324    -0.24881472210837057424873932406335931833     -0.6132658625068053511112920514491492201   0.0074711109238571143946839240636637919174
  -0.24881472210837057424873932406335931833    -0.88910469327645350039122930042413214324    -0.24881472210837057424873932406335931833   0.0074711109238571143946839240636637919174
  -0.24881472210837057424873932406335931833    -0.24881472210837057424873932406335931833    -0.88910469327645350039122930042413214324   0.0074711109238571143946839240636637919174
  -0.24881472210837057424873932406335931833     -0.6132658625068053511112920514491492201    -0.88910469327645350039122930042413214324   0.0074711109238571143946839240636637919174
  -0.88910469327645350039122930042413214324    -0.24881472210837057424873932406335931833    -0.24881472210837057424873932406335931833   0.0074711109238571143946839240636637919174
   -0.6132658625068053511112920514491492201    -0.88910469327645350039122930042413214324    -0.24881472210837057424873932406335931833   0.0074711109238571143946839240636637919174
  -0.81322467098545244986916787202845173117    -0.10594113569179502637946126065754304081    -0.97489305763095749737190960665646218721   0.0032984306519107497622167159490995597916
  -0.81322467098545244986916787202845173117    -0.10594113569179502637946126065754304081    -0.10594113569179502637946126065754304081   0.0032984306519107497622167159490995597916
  -0.10594113569179502637946126065754304081    -0.10594113569179502637946126065754304081    -0.81322467098545244986916787202845173117   0.0032984306519107497622167159490995597916
  -0.97489305763095749737190960665646218721    -0.81322467098545244986916787202845173117    -0.10594113569179502637946126065754304081   0.0032984306519107497622167159490995597916
  -0.10594113569179502637946126065754304081    -0.97489305763095749737190960665646218721    -0.81322467098545244986916787202845173117   0.0032984306519107497622167159490995597916
  -0.10594113569179502637946126065754304081    -0.81322467098545244986916787202845173117    -0.10594113569179502637946126065754304081   0.0032984306519107497622167159490995597916
  -0.97489305763095749737190960665646218721    -0.10594113569179502637946126065754304081    -0.81322467098545244986916787202845173117   0.0032984306519107497622167159490995597916
  -0.10594113569179502637946126065754304081    -0.97489305763095749737190960665646218721    -0.10594113569179502637946126065754304081   0.0032984306519107497622167159490995597916
  -0.10594113569179502637946126065754304081    -0.10594113569179502637946126065754304081    -0.97489305763095749737190960665646218721   0.0032984306519107497622167159490995597916
  -0.10594113569179502637946126065754304081    -0.81322467098545244986916787202845173117    -0.97489305763095749737190960665646218721   0.0032984306519107497622167159490995597916
  -0.97489305763095749737190960665646218721    -0.10594113569179502637946126065754304081    -0.10594113569179502637946126065754304081   0.0032984306519107497622167159490995597916
  -0.81322467098545244986916787202845173117    -0.97489305763095749737190960665646218721    -0.10594113569179502637946126065754304081   0.0032984306519107497622167159490995597916
   0.18040356463821795979809137712600807809    -0.93299205382814134573095208777966332083    -0.99813246726089824473991573028319784852  0.00070330248877633076326291886401239754071
  -0.93299205382814134573095208777966332083    -0.99813246726089824473991573028319784852     0.18040356463821795979809137712600807809  0.00070330248877633076326291886401239754071
  -0.93299205382814134573095208777966332083     0.18040356463821795979809137712600807809    -0.99813246726089824473991573028319784852  0.00070330248877633076326291886401239754071
  -0.99813246726089824473991573028319784852     0.18040356463821795979809137712600807809    -0.24927904354917836932722355906314690874  0.00070330248877633076326291886401239754071
  -0.99813246726089824473991573028319784852     0.18040356463821795979809137712600807809    -0.93299205382814134573095208777966332083  0.00070330248877633076326291886401239754071
  -0.24927904354917836932722355906314690874     0.18040356463821795979809137712600807809    -0.99813246726089824473991573028319784852  0.00070330248877633076326291886401239754071
  -0.99813246726089824473991573028319784852    -0.93299205382814134573095208777966332083    -0.24927904354917836932722355906314690874  0.00070330248877633076326291886401239754071
  -0.99813246726089824473991573028319784852    -0.24927904354917836932722355906314690874     0.18040356463821795979809137712600807809  0.00070330248877633076326291886401239754071
  -0.24927904354917836932722355906314690874    -0.93299205382814134573095208777966332083    -0.99813246726089824473991573028319784852  0.00070330248877633076326291886401239754071
   0.18040356463821795979809137712600807809    -0.93299205382814134573095208777966332083    -0.24927904354917836932722355906314690874  0.00070330248877633076326291886401239754071
  -0.24927904354917836932722355906314690874     0.18040356463821795979809137712600807809    -0.93299205382814134573095208777966332083  0.00070330248877633076326291886401239754071
  -0.99813246726089824473991573028319784852    -0.93299205382814134573095208777966332083     0.18040356463821795979809137712600807809  0.00070330248877633076326291886401239754071
  -0.24927904354917836932722355906314690874    -0.93299205382814134573095208777966332083     0.18040356463821795979809137712600807809  0.00070330248877633076326291886401239754071
   0.18040356463821795979809137712600807809    -0.24927904354917836932722355906314690874    -0.99813246726089824473991573028319784852  0.00070330248877633076326291886401239754071
  -0.99813246726089824473991573028319784852    -0.24927904354917836932722355906314690874    -0.93299205382814134573095208777966332083  0.00070330248877633076326291886401239754071
  -0.93299205382814134573095208777966332083    -0.24927904354917836932722355906314690874    -0.99813246726089824473991573028319784852  0.00070330248877633076326291886401239754071
   0.18040356463821795979809137712600807809    -0.24927904354917836932722355906314690874    -0.93299205382814134573095208777966332083  0.00070330248877633076326291886401239754071
  -0.93299205382814134573095208777966332083    -0.24927904354917836932722355906314690874     0.18040356463821795979809137712600807809  0.00070330248877633076326291886401239754071
  -0.93299205382814134573095208777966332083     0.18040356463821795979809137712600807809    -0.24927904354917836932722355906314690874  0.00070330248877633076326291886401239754071
  -0.24927904354917836932722355906314690874    -0.99813246726089824473991573028319784852     0.18040356463821795979809137712600807809  0.00070330248877633076326291886401239754071
   0.18040356463821795979809137712600807809    -0.99813246726089824473991573028319784852    -0.24927904354917836932722355906314690874  0.00070330248877633076326291886401239754071
   0.18040356463821795979809137712600807809    -0.99813246726089824473991573028319784852    -0.93299205382814134573095208777966332083  0.00070330248877633076326291886401239754071
  -0.93299205382814134573095208777966332083    -0.99813246726089824473991573028319784852    -0.24927904354917836932722355906314690874  0.00070330248877633076326291886401239754071
  -0.24927904354917836932722355906314690874    -0.99813246726089824473991573028319784852    -0.93299205382814134573095208777966332083  0.00070330248877633076326291886401239754071
   0.75621131949060694478334548772154835227    -0.93278758538906486136982711172440405203     -0.9920629394286690148131131478910743656  0.00053759848233530350476466458228414136753
  -0.93278758538906486136982711172440405203     -0.9920629394286690148131131478910743656     0.75621131949060694478334548772154835227  0.00053759848233530350476466458228414136753
  -0.93278758538906486136982711172440405203     0.75621131949060694478334548772154835227     -0.9920629394286690148131131478910743656  0.00053759848233530350476466458228414136753
   -0.9920629394286690148131131478910743656     0.75621131949060694478334548772154835227    -0.83136079467287306860040522810606993464  0.00053759848233530350476466458228414136753
   -0.9920629394286690148131131478910743656     0.75621131949060694478334548772154835227    -0.93278758538906486136982711172440405203  0.00053759848233530350476466458228414136753
  -0.83136079467287306860040522810606993464     0.75621131949060694478334548772154835227     -0.9920629394286690148131131478910743656  0.00053759848233530350476466458228414136753
   -0.9920629394286690148131131478910743656    -0.93278758538906486136982711172440405203    -0.83136079467287306860040522810606993464  0.00053759848233530350476466458228414136753
   -0.9920629394286690148131131478910743656    -0.83136079467287306860040522810606993464     0.75621131949060694478334548772154835227  0.00053759848233530350476466458228414136753
  -0.83136079467287306860040522810606993464    -0.93278758538906486136982711172440405203     -0.9920629394286690148131131478910743656  0.00053759848233530350476466458228414136753
   0.75621131949060694478334548772154835227    -0.93278758538906486136982711172440405203    -0.83136079467287306860040522810606993464  0.00053759848233530350476466458228414136753
  -0.83136079467287306860040522810606993464     0.75621131949060694478334548772154835227    -0.93278758538906486136982711172440405203  0.00053759848233530350476466458228414136753
   -0.9920629394286690148131131478910743656    -0.93278758538906486136982711172440405203     0.75621131949060694478334548772154835227  0.00053759848233530350476466458228414136753
  -0.83136079467287306860040522810606993464    -0.93278758538906486136982711172440405203     0.75621131949060694478334548772154835227  0.00053759848233530350476466458228414136753
   0.75621131949060694478334548772154835227    -0.83136079467287306860040522810606993464     -0.9920629394286690148131131478910743656  0.00053759848233530350476466458228414136753
   -0.9920629394286690148131131478910743656    -0.83136079467287306860040522810606993464    -0.93278758538906486136982711172440405203  0.00053759848233530350476466458228414136753
  -0.93278758538906486136982711172440405203    -0.83136079467287306860040522810606993464     -0.9920629394286690148131131478910743656  0.00053759848233530350476466458228414136753
   0.75621131949060694478334548772154835227    -0.83136079467287306860040522810606993464    -0.93278758538906486136982711172440405203  0.00053759848233530350476466458228414136753
  -0.93278758538906486136982711172440405203    -0.83136079467287306860040522810606993464     0.75621131949060694478334548772154835227  0.00053759848233530350476466458228414136753
  -0.93278758538906486136982711172440405203     0.75621131949060694478334548772154835227    -0.83136079467287306860040522810606993464  0.00053759848233530350476466458228414136753
  -0.83136079467287306860040522810606993464     -0.9920629394286690148131131478910743656     0.75621131949060694478334548772154835227  0.00053759848233530350476466458228414136753
   0.75621131949060694478334548772154835227     -0.9920629394286690148131131478910743656    -0.83136079467287306860040522810606993464  0.00053759848233530350476466458228414136753
   0.75621131949060694478334548772154835227     -0.9920629394286690148131131478910743656    -0.93278758538906486136982711172440405203  0.00053759848233530350476466458228414136753
  -0.93278758538906486136982711172440405203     -0.9920629394286690148131131478910743656    -0.83136079467287306860040522810606993464  0.00053759848233530350476466458228414136753
  -0.83136079467287306860040522810606993464     -0.9920629394286690148131131478910743656    -0.93278758538906486136982711172440405203  0.00053759848233530350476466458228414136753
   0.47424847683637487924422706731062911631    -0.88192010896504785599162242353456747917    -0.98815033160728709912759629055659841958    0.001143253593806008817377401642287768631
  -0.88192010896504785599162242353456747917    -0.98815033160728709912759629055659841958     0.47424847683637487924422706731062911631    0.001143253593806008817377401642287768631
  -0.88192010896504785599162242353456747917     0.47424847683637487924422706731062911631    -0.98815033160728709912759629055659841958    0.001143253593806008817377401642287768631
  -0.98815033160728709912759629055659841958     0.47424847683637487924422706731062911631    -0.60417803626403992412500835321946321755    0.001143253593806008817377401642287768631
  -0.98815033160728709912759629055659841958     0.47424847683637487924422706731062911631    -0.88192010896504785599162242353456747917    0.001143253593806008817377401642287768631
  -0.60417803626403992412500835321946321755     0.47424847683637487924422706731062911631    -0.98815033160728709912759629055659841958    0.001143253593806008817377401642287768631
  -0.98815033160728709912759629055659841958    -0.88192010896504785599162242353456747917    -0.60417803626403992412500835321946321755    0.001143253593806008817377401642287768631
  -0.98815033160728709912759629055659841958    -0.60417803626403992412500835321946321755     0.47424847683637487924422706731062911631    0.001143253593806008817377401642287768631
  -0.60417803626403992412500835321946321755    -0.88192010896504785599162242353456747917    -0.98815033160728709912759629055659841958    0.001143253593806008817377401642287768631
   0.47424847683637487924422706731062911631    -0.88192010896504785599162242353456747917    -0.60417803626403992412500835321946321755    0.001143253593806008817377401642287768631
  -0.60417803626403992412500835321946321755     0.47424847683637487924422706731062911631    -0.88192010896504785599162242353456747917    0.001143253593806008817377401642287768631
  -0.98815033160728709912759629055659841958    -0.88192010896504785599162242353456747917     0.47424847683637487924422706731062911631    0.001143253593806008817377401642287768631
  -0.60417803626403992412500835321946321755    -0.88192010896504785599162242353456747917     0.47424847683637487924422706731062911631    0.001143253593806008817377401642287768631
   0.47424847683637487924422706731062911631    -0.60417803626403992412500835321946321755    -0.98815033160728709912759629055659841958    0.001143253593806008817377401642287768631
  -0.98815033160728709912759629055659841958    -0.60417803626403992412500835321946321755    -0.88192010896504785599162242353456747917    0.001143253593806008817377401642287768631
  -0.88192010896504785599162242353456747917    -0.60417803626403992412500835321946321755    -0.98815033160728709912759629055659841958    0.001143253593806008817377401642287768631
   0.47424847683637487924422706731062911631    -0.60417803626403992412500835321946321755    -0.88192010896504785599162242353456747917    0.001143253593806008817377401642287768631
  -0.88192010896504785599162242353456747917    -0.60417803626403992412500835321946321755     0.47424847683637487924422706731062911631    0.001143253593806008817377401642287768631
  -0.88192010896504785599162242353456747917     0.47424847683637487924422706731062911631    -0.60417803626403992412500835321946321755    0.001143253593806008817377401642287768631
  -0.60417803626403992412500835321946321755    -0.98815033160728709912759629055659841958     0.47424847683637487924422706731062911631    0.001143253593806008817377401642287768631
   0.47424847683637487924422706731062911631    -0.98815033160728709912759629055659841958    -0.60417803626403992412500835321946321755    0.001143253593806008817377401642287768631
   0.47424847683637487924422706731062911631    -0.98815033160728709912759629055659841958    -0.88192010896504785599162242353456747917    0.001143253593806008817377401642287768631
  -0.88192010896504785599162242353456747917    -0.98815033160728709912759629055659841958    -0.60417803626403992412500835321946321755    0.001143253593806008817377401642287768631
  -0.60417803626403992412500835321946321755    -0.98815033160728709912759629055659841958    -0.88192010896504785599162242353456747917    0.001143253593806008817377401642287768631
  -0.07028725301336577227096083126572931169    -0.61201381201394345422568717941937551614    -0.98252978424778576168341821308038184746   0.0026997114262043678846512754567444981599
  -0.61201381201394345422568717941937551614    -0.98252978424778576168341821308038184746    -0.07028725301336577227096083126572931169   0.0026997114262043678846512754567444981599
  -0.61201381201394345422568717941937551614    -0.07028725301336577227096083126572931169    -0.98252978424778576168341821308038184746   0.0026997114262043678846512754567444981599
  -0.98252978424778576168341821308038184746    -0.07028725301336577227096083126572931169    -0.33516915072490501181993377623451332471   0.0026997114262043678846512754567444981599
  -0.98252978424778576168341821308038184746    -0.07028725301336577227096083126572931169    -0.61201381201394345422568717941937551614   0.0026997114262043678846512754567444981599
  -0.33516915072490501181993377623451332471    -0.07028725301336577227096083126572931169    -0.98252978424778576168341821308038184746   0.0026997114262043678846512754567444981599
  -0.98252978424778576168341821308038184746    -0.61201381201394345422568717941937551614    -0.33516915072490501181993377623451332471   0.0026997114262043678846512754567444981599
  -0.98252978424778576168341821308038184746    -0.33516915072490501181993377623451332471    -0.07028725301336577227096083126572931169   0.0026997114262043678846512754567444981599
  -0.33516915072490501181993377623451332471    -0.61201381201394345422568717941937551614    -0.98252978424778576168341821308038184746   0.0026997114262043678846512754567444981599
  -0.07028725301336577227096083126572931169    -0.61201381201394345422568717941937551614    -0.33516915072490501181993377623451332471   0.0026997114262043678846512754567444981599
  -0.33516915072490501181993377623451332471    -0.07028725301336577227096083126572931169    -0.61201381201394345422568717941937551614   0.0026997114262043678846512754567444981599
  -0.98252978424778576168341821308038184746    -0.61201381201394345422568717941937551614    -0.07028725301336577227096083126572931169   0.0026997114262043678846512754567444981599
  -0.33516915072490501181993377623451332471    -0.61201381201394345422568717941937551614    -0.07028725301336577227096083126572931169   0.0026997114262043678846512754567444981599
  -0.07028725301336577227096083126572931169    -0.33516915072490501181993377623451332471    -0.98252978424778576168341821308038184746   0.0026997114262043678846512754567444981599
  -0.98252978424778576168341821308038184746    -0.33516915072490501181993377623451332471    -0.61201381201394345422568717941937551614   0.0026997114262043678846512754567444981599
  -0.61201381201394345422568717941937551614    -0.33516915072490501181993377623451332471    -0.98252978424778576168341821308038184746   0.0026997114262043678846512754567444981599
  -0.07028725301336577227096083126572931169    -0.33516915072490501181993377623451332471    -0.61201381201394345422568717941937551614   0.0026997114262043678846512754567444981599
  -0.61201381201394345422568717941937551614    -0.33516915072490501181993377623451332471    -0.07028725301336577227096083126572931169   0.0026997114262043678846512754567444981599
  -0.61201381201394345422568717941937551614    -0.07028725301336577227096083126572931169    -0.33516915072490501181993377623451332471   0.0026997114262043678846512754567444981599
  -0.33516915072490501181993377623451332471    -0.98252978424778576168341821308038184746    -0.07028725301336577227096083126572931169   0.0026997114262043678846512754567444981599
  -0.07028725301336577227096083126572931169    -0.98252978424778576168341821308038184746    -0.33516915072490501181993377623451332471   0.0026997114262043678846512754567444981599
  -0.07028725301336577227096083126572931169    -0.98252978424778576168341821308038184746    -0.61201381201394345422568717941937551614   0.0026997114262043678846512754567444981599
  -0.61201381201394345422568717941937551614    -0.98252978424778576168341821308038184746    -0.33516915072490501181993377623451332471   0.0026997114262043678846512754567444981599
  -0.33516915072490501181993377623451332471    -0.98252978424778576168341821308038184746    -0.61201381201394345422568717941937551614   0.0026997114262043678846512754567444981599
   0.19387510839151486610826886062076756648     -0.7955472546223714877218853893945288652    -0.98048837177562887395669742866979207089   0.0023280245802322492767665799999860749408
   -0.7955472546223714877218853893945288652    -0.98048837177562887395669742866979207089     0.19387510839151486610826886062076756648   0.0023280245802322492767665799999860749408
   -0.7955472546223714877218853893945288652     0.19387510839151486610826886062076756648    -0.98048837177562887395669742866979207089   0.0023280245802322492767665799999860749408
  -0.98048837177562887395669742866979207089     0.19387510839151486610826886062076756648     -0.4178394819935145044296860425564466304   0.0023280245802322492767665799999860749408
  -0.98048837177562887395669742866979207089     0.19387510839151486610826886062076756648     -0.7955472546223714877218853893945288652   0.0023280245802322492767665799999860749408
   -0.4178394819935145044296860425564466304     0.19387510839151486610826886062076756648    -0.98048837177562887395669742866979207089   0.0023280245802322492767665799999860749408
  -0.98048837177562887395669742866979207089     -0.7955472546223714877218853893945288652     -0.4178394819935145044296860425564466304   0.0023280245802322492767665799999860749408
  -0.98048837177562887395669742866979207089     -0.4178394819935145044296860425564466304     0.19387510839151486610826886062076756648   0.0023280245802322492767665799999860749408
   -0.4178394819935145044296860425564466304     -0.7955472546223714877218853893945288652    -0.98048837177562887395669742866979207089   0.0023280245802322492767665799999860749408
   0.19387510839151486610826886062076756648     -0.7955472546223714877218853893945288652     -0.4178394819935145044296860425564466304   0.0023280245802322492767665799999860749408
   -0.4178394819935145044296860425564466304     0.19387510839151486610826886062076756648     -0.7955472546223714877218853893945288652   0.0023280245802322492767665799999860749408
  -0.98048837177562887395669742866979207089     -0.7955472546223714877218853893945288652     0.19387510839151486610826886062076756648   0.0023280245802322492767665799999860749408
   -0.4178394819935145044296860425564466304     -0.7955472546223714877218853893945288652     0.19387510839151486610826886062076756648   0.0023280245802322492767665799999860749408
   0.19387510839151486610826886062076756648     -0.4178394819935145044296860425564466304    -0.98048837177562887395669742866979207089   0.0023280245802322492767665799999860749408
  -0.98048837177562887395669742866979207089     -0.4178394819935145044296860425564466304     -0.7955472546223714877218853893945288652   0.0023280245802322492767665799999860749408
   -0.7955472546223714877218853893945288652     -0.4178394819935145044296860425564466304    -0.98048837177562887395669742866979207089   0.0023280245802322492767665799999860749408
   0.19387510839151486610826886062076756648     -0.4178394819935145044296860425564466304     -0.7955472546223714877218853893945288652   0.0023280245802322492767665799999860749408
   -0.7955472546223714877218853893945288652     -0.4178394819935145044296860425564466304     0.19387510839151486610826886062076756648   0.0023280245802322492767665799999860749408
   -0.7955472546223714877218853893945288652     0.19387510839151486610826886062076756648     -0.4178394819935145044296860425564466304   0.0023280245802322492767665799999860749408
   -0.4178394819935145044296860425564466304    -0.98048837177562887395669742866979207089     0.19387510839151486610826886062076756648   0.0023280245802322492767665799999860749408
   0.19387510839151486610826886062076756648    -0.98048837177562887395669742866979207089     -0.4178394819935145044296860425564466304   0.0023280245802322492767665799999860749408
   0.19387510839151486610826886062076756648    -0.98048837177562887395669742866979207089     -0.7955472546223714877218853893945288652   0.0023280245802322492767665799999860749408
   -0.7955472546223714877218853893945288652    -0.98048837177562887395669742866979207089     -0.4178394819935145044296860425564466304   0.0023280245802322492767665799999860749408
   -0.4178394819935145044296860425564466304    -0.98048837177562887395669742866979207089     -0.7955472546223714877218853893945288652   0.0023280245802322492767665799999860749408
   0.33353075127591051609269859971619114051    -0.80741765904901642410069662582262377671    -0.91174190564749890101243406232832775642   0.0040842135287447355240922771749425351614
  -0.80741765904901642410069662582262377671    -0.91174190564749890101243406232832775642     0.33353075127591051609269859971619114051   0.0040842135287447355240922771749425351614
  -0.80741765904901642410069662582262377671     0.33353075127591051609269859971619114051    -0.91174190564749890101243406232832775642   0.0040842135287447355240922771749425351614
  -0.91174190564749890101243406232832775642     0.33353075127591051609269859971619114051    -0.61437118657939519097956791156523960737   0.0040842135287447355240922771749425351614
  -0.91174190564749890101243406232832775642     0.33353075127591051609269859971619114051    -0.80741765904901642410069662582262377671   0.0040842135287447355240922771749425351614
  -0.61437118657939519097956791156523960737     0.33353075127591051609269859971619114051    -0.91174190564749890101243406232832775642   0.0040842135287447355240922771749425351614
  -0.91174190564749890101243406232832775642    -0.80741765904901642410069662582262377671    -0.61437118657939519097956791156523960737   0.0040842135287447355240922771749425351614
  -0.91174190564749890101243406232832775642    -0.61437118657939519097956791156523960737     0.33353075127591051609269859971619114051   0.0040842135287447355240922771749425351614
  -0.61437118657939519097956791156523960737    -0.80741765904901642410069662582262377671    -0.91174190564749890101243406232832775642   0.0040842135287447355240922771749425351614
   0.33353075127591051609269859971619114051    -0.80741765904901642410069662582262377671    -0.61437118657939519097956791156523960737   0.0040842135287447355240922771749425351614
  -0.61437118657939519097956791156523960737     0.33353075127591051609269859971619114051    -0.80741765904901642410069662582262377671   0.0040842135287447355240922771749425351614
  -0.91174190564749890101243406232832775642    -0.80741765904901642410069662582262377671     0.33353075127591051609269859971619114051   0.0040842135287447355240922771749425351614
  -0.61437118657939519097956791156523960737    -0.80741765904901642410069662582262377671     0.33353075127591051609269859971619114051   0.0040842135287447355240922771749425351614
   0.33353075127591051609269859971619114051    -0.61437118657939519097956791156523960737    -0.91174190564749890101243406232832775642   0.0040842135287447355240922771749425351614
  -0.91174190564749890101243406232832775642    -0.61437118657939519097956791156523960737    -0.80741765904901642410069662582262377671   0.0040842135287447355240922771749425351614
  -0.80741765904901642410069662582262377671    -0.61437118657939519097956791156523960737    -0.91174190564749890101243406232832775642   0.0040842135287447355240922771749425351614
   0.33353075127591051609269859971619114051    -0.61437118657939519097956791156523960737    -0.80741765904901642410069662582262377671   0.0040842135287447355240922771749425351614
  -0.80741765904901642410069662582262377671    -0.61437118657939519097956791156523960737     0.33353075127591051609269859971619114051   0.0040842135287447355240922771749425351614
  -0.80741765904901642410069662582262377671     0.33353075127591051609269859971619114051    -0.61437118657939519097956791156523960737   0.0040842135287447355240922771749425351614
  -0.61437118657939519097956791156523960737    -0.91174190564749890101243406232832775642     0.33353075127591051609269859971619114051   0.0040842135287447355240922771749425351614
   0.33353075127591051609269859971619114051    -0.91174190564749890101243406232832775642    -0.61437118657939519097956791156523960737   0.0040842135287447355240922771749425351614
   0.33353075127591051609269859971619114051    -0.91174190564749890101243406232832775642    -0.80741765904901642410069662582262377671   0.0040842135287447355240922771749425351614
  -0.80741765904901642410069662582262377671    -0.91174190564749890101243406232832775642    -0.61437118657939519097956791156523960737   0.0040842135287447355240922771749425351614
  -0.61437118657939519097956791156523960737    -0.91174190564749890101243406232832775642    -0.80741765904901642410069662582262377671   0.0040842135287447355240922771749425351614
  0.024858633111199058434180622290875786108    -0.75290556271153993448259447257724597962    -0.90218083583195290550795645641052821455   0.0052084058780939037182346639198734142068
  -0.75290556271153993448259447257724597962    -0.90218083583195290550795645641052821455    0.024858633111199058434180622290875786108   0.0052084058780939037182346639198734142068
  -0.75290556271153993448259447257724597962    0.024858633111199058434180622290875786108    -0.90218083583195290550795645641052821455   0.0052084058780939037182346639198734142068
  -0.90218083583195290550795645641052821455    0.024858633111199058434180622290875786108    -0.36977223456770621844362969330310159194   0.0052084058780939037182346639198734142068
  -0.90218083583195290550795645641052821455    0.024858633111199058434180622290875786108    -0.75290556271153993448259447257724597962   0.0052084058780939037182346639198734142068
  -0.36977223456770621844362969330310159194    0.024858633111199058434180622290875786108    -0.90218083583195290550795645641052821455   0.0052084058780939037182346639198734142068
  -0.90218083583195290550795645641052821455    -0.75290556271153993448259447257724597962    -0.36977223456770621844362969330310159194   0.0052084058780939037182346639198734142068
  -0.90218083583195290550795645641052821455    -0.36977223456770621844362969330310159194    0.024858633111199058434180622290875786108   0.0052084058780939037182346639198734142068
  -0.36977223456770621844362969330310159194    -0.75290556271153993448259447257724597962    -0.90218083583195290550795645641052821455   0.0052084058780939037182346639198734142068
  0.024858633111199058434180622290875786108    -0.75290556271153993448259447257724597962    -0.36977223456770621844362969330310159194   0.0052084058780939037182346639198734142068
  -0.36977223456770621844362969330310159194    0.024858633111199058434180622290875786108    -0.75290556271153993448259447257724597962   0.0052084058780939037182346639198734142068
  -0.90218083583195290550795645641052821455    -0.75290556271153993448259447257724597962    0.024858633111199058434180622290875786108   0.0052084058780939037182346639198734142068
  -0.36977223456770621844362969330310159194    -0.75290556271153993448259447257724597962    0.024858633111199058434180622290875786108   0.0052084058780939037182346639198734142068
  0.024858633111199058434180622290875786108    -0.36977223456770621844362969330310159194    -0.90218083583195290550795645641052821455   0.0052084058780939037182346639198734142068
  -0.90218083583195290550795645641052821455    -0.36977223456770621844362969330310159194    -0.75290556271153993448259447257724597962   0.0052084058780939037182346639198734142068
  -0.75290556271153993448259447257724597962    -0.36977223456770621844362969330310159194    -0.90218083583195290550795645641052821455   0.0052084058780939037182346639198734142068
  0.024858633111199058434180622290875786108    -0.36977223456770621844362969330310159194    -0.75290556271153993448259447257724597962   0.0052084058780939037182346639198734142068
  -0.75290556271153993448259447257724597962    -0.36977223456770621844362969330310159194    0.024858633111199058434180622290875786108   0.0052084058780939037182346639198734142068
  -0.75290556271153993448259447257724597962    0.024858633111199058434180622290875786108    -0.36977223456770621844362969330310159194   0.0052084058780939037182346639198734142068
  -0.36977223456770621844362969330310159194    -0.90218083583195290550795645641052821455    0.024858633111199058434180622290875786108   0.0052084058780939037182346639198734142068
  0.024858633111199058434180622290875786108    -0.90218083583195290550795645641052821455    -0.36977223456770621844362969330310159194   0.0052084058780939037182346639198734142068
  0.024858633111199058434180622290875786108    -0.90218083583195290550795645641052821455    -0.75290556271153993448259447257724597962   0.0052084058780939037182346639198734142068
  -0.75290556271153993448259447257724597962    -0.90218083583195290550795645641052821455    -0.36977223456770621844362969330310159194   0.0052084058780939037182346639198734142068
  -0.36977223456770621844362969330310159194    -0.90218083583195290550795645641052821455    -0.75290556271153993448259447257724597962   0.0052084058780939037182346639198734142068

