                                       -0.5                                         -0.5                                         -0.5   0.0087678251365380176173607407867610213117
  -0.87731092516211220631946434858758643671    -0.87731092516211220631946434858758643671     0.63193277548633661895839304576275931012   0.0048692331650839129799190733225605741241
  -0.87731092516211220631946434858758643671     0.63193277548633661895839304576275931012    -0.87731092516211220631946434858758643671   0.0048692331650839129799190733225605741241
   0.63193277548633661895839304576275931012    -0.87731092516211220631946434858758643671    -0.87731092516211220631946434858758643671   0.0048692331650839129799190733225605741241
  -0.87731092516211220631946434858758643671    -0.87731092516211220631946434858758643671    -0.87731092516211220631946434858758643671   0.0048692331650839129799190733225605741241
  -0.68676030337740678385364294259922766441    -0.68676030337740678385364294259922766441    0.060280910132220351560928827797682993238    0.012772327660837479162997198463956080237
  -0.68676030337740678385364294259922766441    0.060280910132220351560928827797682993238    -0.68676030337740678385364294259922766441    0.012772327660837479162997198463956080237
  0.060280910132220351560928827797682993238    -0.68676030337740678385364294259922766441    -0.68676030337740678385364294259922766441    0.012772327660837479162997198463956080237
  -0.68676030337740678385364294259922766441    -0.68676030337740678385364294259922766441    -0.68676030337740678385364294259922766441    0.012772327660837479162997198463956080237
  -0.58203316609838901244380242763069670438    -0.58203316609838901244380242763069670438    -0.25390050170483296266859271710790988687    0.018982243291609828879773966028458787221
  -0.58203316609838901244380242763069670438    -0.25390050170483296266859271710790988687    -0.58203316609838901244380242763069670438    0.018982243291609828879773966028458787221
  -0.25390050170483296266859271710790988687    -0.58203316609838901244380242763069670438    -0.58203316609838901244380242763069670438    0.018982243291609828879773966028458787221
  -0.58203316609838901244380242763069670438    -0.58203316609838901244380242763069670438    -0.58203316609838901244380242763069670438    0.018982243291609828879773966028458787221
  -0.39531715186212370981433563580208885166    -0.39531715186212370981433563580208885166    -0.81404854441362887055699309259373344503    0.014945986299408588249232873592386150088
  -0.39531715186212370981433563580208885166    -0.81404854441362887055699309259373344503    -0.39531715186212370981433563580208885166    0.014945986299408588249232873592386150088
  -0.81404854441362887055699309259373344503    -0.39531715186212370981433563580208885166    -0.39531715186212370981433563580208885166    0.014945986299408588249232873592386150088
  -0.39531715186212370981433563580208885166    -0.39531715186212370981433563580208885166    -0.39531715186212370981433563580208885166    0.014945986299408588249232873592386150088
  -0.34162219261191432949349829027622216957    -0.34162219261191432949349829027622216957    -0.97513342216425701151950512917133349129   0.0064011132197764284947416500085261363945
  -0.34162219261191432949349829027622216957    -0.97513342216425701151950512917133349129    -0.34162219261191432949349829027622216957   0.0064011132197764284947416500085261363945
  -0.97513342216425701151950512917133349129    -0.34162219261191432949349829027622216957    -0.34162219261191432949349829027622216957   0.0064011132197764284947416500085261363945
  -0.34162219261191432949349829027622216957    -0.34162219261191432949349829027622216957    -0.34162219261191432949349829027622216957   0.0064011132197764284947416500085261363945
  -0.96914011292077156997742262614655705443   -0.030859887079228430022577373853442945565   -0.030859887079228430022577373853442945565   0.0025694120986694639280593684598501707891
 -0.030859887079228430022577373853442945565    -0.96914011292077156997742262614655705443   -0.030859887079228430022577373853442945565   0.0025694120986694639280593684598501707891
  -0.96914011292077156997742262614655705443    -0.96914011292077156997742262614655705443   -0.030859887079228430022577373853442945565   0.0025694120986694639280593684598501707891
  -0.96914011292077156997742262614655705443   -0.030859887079228430022577373853442945565    -0.96914011292077156997742262614655705443   0.0025694120986694639280593684598501707891
 -0.030859887079228430022577373853442945565    -0.96914011292077156997742262614655705443    -0.96914011292077156997742262614655705443   0.0025694120986694639280593684598501707891
 -0.030859887079228430022577373853442945565   -0.030859887079228430022577373853442945565    -0.96914011292077156997742262614655705443   0.0025694120986694639280593684598501707891
  -0.73422625145780831888235978524165575312    -0.26577374854219168111764021475834424688    -0.26577374854219168111764021475834424688    0.018442794513194589703988220677309725495
  -0.26577374854219168111764021475834424688    -0.73422625145780831888235978524165575312    -0.26577374854219168111764021475834424688    0.018442794513194589703988220677309725495
  -0.73422625145780831888235978524165575312    -0.73422625145780831888235978524165575312    -0.26577374854219168111764021475834424688    0.018442794513194589703988220677309725495
  -0.73422625145780831888235978524165575312    -0.26577374854219168111764021475834424688    -0.73422625145780831888235978524165575312    0.018442794513194589703988220677309725495
  -0.26577374854219168111764021475834424688    -0.73422625145780831888235978524165575312    -0.73422625145780831888235978524165575312    0.018442794513194589703988220677309725495
  -0.26577374854219168111764021475834424688    -0.26577374854219168111764021475834424688    -0.73422625145780831888235978524165575312    0.018442794513194589703988220677309725495
   0.86367012807520954773101866812075927061    -0.97714918936250960050382859743774843904    -0.90937174935019034672336147324526239253  0.00053963178187222080001879757523025830114
   0.86367012807520954773101866812075927061    -0.97714918936250960050382859743774843904    -0.97714918936250960050382859743774843904  0.00053963178187222080001879757523025830114
  -0.97714918936250960050382859743774843904    -0.97714918936250960050382859743774843904     0.86367012807520954773101866812075927061  0.00053963178187222080001879757523025830114
  -0.90937174935019034672336147324526239253     0.86367012807520954773101866812075927061    -0.97714918936250960050382859743774843904  0.00053963178187222080001879757523025830114
  -0.97714918936250960050382859743774843904    -0.90937174935019034672336147324526239253     0.86367012807520954773101866812075927061  0.00053963178187222080001879757523025830114
  -0.97714918936250960050382859743774843904     0.86367012807520954773101866812075927061    -0.97714918936250960050382859743774843904  0.00053963178187222080001879757523025830114
  -0.90937174935019034672336147324526239253    -0.97714918936250960050382859743774843904     0.86367012807520954773101866812075927061  0.00053963178187222080001879757523025830114
  -0.97714918936250960050382859743774843904    -0.90937174935019034672336147324526239253    -0.97714918936250960050382859743774843904  0.00053963178187222080001879757523025830114
  -0.97714918936250960050382859743774843904    -0.97714918936250960050382859743774843904    -0.90937174935019034672336147324526239253  0.00053963178187222080001879757523025830114
  -0.97714918936250960050382859743774843904     0.86367012807520954773101866812075927061    -0.90937174935019034672336147324526239253  0.00053963178187222080001879757523025830114
  -0.90937174935019034672336147324526239253    -0.97714918936250960050382859743774843904    -0.97714918936250960050382859743774843904  0.00053963178187222080001879757523025830114
   0.86367012807520954773101866812075927061    -0.90937174935019034672336147324526239253    -0.97714918936250960050382859743774843904  0.00053963178187222080001879757523025830114
   0.34603741166612306878100923150209248613    -0.96490831233234881923425778984192342662    -0.41622078700142543031249365181824563289   0.0027493212453723342933315730084233126401
   0.34603741166612306878100923150209248613    -0.96490831233234881923425778984192342662    -0.96490831233234881923425778984192342662   0.0027493212453723342933315730084233126401
  -0.96490831233234881923425778984192342662    -0.96490831233234881923425778984192342662     0.34603741166612306878100923150209248613   0.0027493212453723342933315730084233126401
  -0.41622078700142543031249365181824563289     0.34603741166612306878100923150209248613    -0.96490831233234881923425778984192342662   0.0027493212453723342933315730084233126401
  -0.96490831233234881923425778984192342662    -0.41622078700142543031249365181824563289     0.34603741166612306878100923150209248613   0.0027493212453723342933315730084233126401
  -0.96490831233234881923425778984192342662     0.34603741166612306878100923150209248613    -0.96490831233234881923425778984192342662   0.0027493212453723342933315730084233126401
  -0.41622078700142543031249365181824563289    -0.96490831233234881923425778984192342662     0.34603741166612306878100923150209248613   0.0027493212453723342933315730084233126401
  -0.96490831233234881923425778984192342662    -0.41622078700142543031249365181824563289    -0.96490831233234881923425778984192342662   0.0027493212453723342933315730084233126401
  -0.96490831233234881923425778984192342662    -0.96490831233234881923425778984192342662    -0.41622078700142543031249365181824563289   0.0027493212453723342933315730084233126401
  -0.96490831233234881923425778984192342662     0.34603741166612306878100923150209248613    -0.41622078700142543031249365181824563289   0.0027493212453723342933315730084233126401
  -0.41622078700142543031249365181824563289    -0.96490831233234881923425778984192342662    -0.96490831233234881923425778984192342662   0.0027493212453723342933315730084233126401
   0.34603741166612306878100923150209248613    -0.41622078700142543031249365181824563289    -0.96490831233234881923425778984192342662   0.0027493212453723342933315730084233126401
   0.64155263552394831235218309361112791003    -0.96464379102529346633199521296098069522    -0.71226505347336137968819266768916651958   0.0020064961015583973312829824813273581724
   0.64155263552394831235218309361112791003    -0.96464379102529346633199521296098069522    -0.96464379102529346633199521296098069522   0.0020064961015583973312829824813273581724
  -0.96464379102529346633199521296098069522    -0.96464379102529346633199521296098069522     0.64155263552394831235218309361112791003   0.0020064961015583973312829824813273581724
  -0.71226505347336137968819266768916651958     0.64155263552394831235218309361112791003    -0.96464379102529346633199521296098069522   0.0020064961015583973312829824813273581724
  -0.96464379102529346633199521296098069522    -0.71226505347336137968819266768916651958     0.64155263552394831235218309361112791003   0.0020064961015583973312829824813273581724
  -0.96464379102529346633199521296098069522     0.64155263552394831235218309361112791003    -0.96464379102529346633199521296098069522   0.0020064961015583973312829824813273581724
  -0.71226505347336137968819266768916651958    -0.96464379102529346633199521296098069522     0.64155263552394831235218309361112791003   0.0020064961015583973312829824813273581724
  -0.96464379102529346633199521296098069522    -0.71226505347336137968819266768916651958    -0.96464379102529346633199521296098069522   0.0020064961015583973312829824813273581724
  -0.96464379102529346633199521296098069522    -0.96464379102529346633199521296098069522    -0.71226505347336137968819266768916651958   0.0020064961015583973312829824813273581724
  -0.96464379102529346633199521296098069522     0.64155263552394831235218309361112791003    -0.71226505347336137968819266768916651958   0.0020064961015583973312829824813273581724
  -0.71226505347336137968819266768916651958    -0.96464379102529346633199521296098069522    -0.96464379102529346633199521296098069522   0.0020064961015583973312829824813273581724
   0.64155263552394831235218309361112791003    -0.71226505347336137968819266768916651958    -0.96464379102529346633199521296098069522   0.0020064961015583973312829824813273581724
  0.035988539439282609170952082592461665996     -0.8787621065278007204829711201489110689     -0.2784643263836811682050098422946395282   0.0080558617997046765755309807955116815727
  0.035988539439282609170952082592461665996     -0.8787621065278007204829711201489110689     -0.8787621065278007204829711201489110689   0.0080558617997046765755309807955116815727
   -0.8787621065278007204829711201489110689     -0.8787621065278007204829711201489110689    0.035988539439282609170952082592461665996   0.0080558617997046765755309807955116815727
   -0.2784643263836811682050098422946395282    0.035988539439282609170952082592461665996     -0.8787621065278007204829711201489110689   0.0080558617997046765755309807955116815727
   -0.8787621065278007204829711201489110689     -0.2784643263836811682050098422946395282    0.035988539439282609170952082592461665996   0.0080558617997046765755309807955116815727
   -0.8787621065278007204829711201489110689    0.035988539439282609170952082592461665996     -0.8787621065278007204829711201489110689   0.0080558617997046765755309807955116815727
   -0.2784643263836811682050098422946395282     -0.8787621065278007204829711201489110689    0.035988539439282609170952082592461665996   0.0080558617997046765755309807955116815727
   -0.8787621065278007204829711201489110689     -0.2784643263836811682050098422946395282     -0.8787621065278007204829711201489110689   0.0080558617997046765755309807955116815727
   -0.8787621065278007204829711201489110689     -0.8787621065278007204829711201489110689     -0.2784643263836811682050098422946395282   0.0080558617997046765755309807955116815727
   -0.8787621065278007204829711201489110689    0.035988539439282609170952082592461665996     -0.2784643263836811682050098422946395282   0.0080558617997046765755309807955116815727
   -0.2784643263836811682050098422946395282     -0.8787621065278007204829711201489110689     -0.8787621065278007204829711201489110689   0.0080558617997046765755309807955116815727
  0.035988539439282609170952082592461665996     -0.2784643263836811682050098422946395282     -0.8787621065278007204829711201489110689   0.0080558617997046765755309807955116815727
   0.66811884841609198163079765213087311476    -0.84097777124254781017450697968973380317    -0.98616330593099636128178369275140550843   0.0016031490345585297069594130577599593225
   0.66811884841609198163079765213087311476    -0.84097777124254781017450697968973380317    -0.84097777124254781017450697968973380317   0.0016031490345585297069594130577599593225
  -0.84097777124254781017450697968973380317    -0.84097777124254781017450697968973380317     0.66811884841609198163079765213087311476   0.0016031490345585297069594130577599593225
  -0.98616330593099636128178369275140550843     0.66811884841609198163079765213087311476    -0.84097777124254781017450697968973380317   0.0016031490345585297069594130577599593225
  -0.84097777124254781017450697968973380317    -0.98616330593099636128178369275140550843     0.66811884841609198163079765213087311476   0.0016031490345585297069594130577599593225
  -0.84097777124254781017450697968973380317     0.66811884841609198163079765213087311476    -0.84097777124254781017450697968973380317   0.0016031490345585297069594130577599593225
  -0.98616330593099636128178369275140550843    -0.84097777124254781017450697968973380317     0.66811884841609198163079765213087311476   0.0016031490345585297069594130577599593225
  -0.84097777124254781017450697968973380317    -0.98616330593099636128178369275140550843    -0.84097777124254781017450697968973380317   0.0016031490345585297069594130577599593225
  -0.84097777124254781017450697968973380317    -0.84097777124254781017450697968973380317    -0.98616330593099636128178369275140550843   0.0016031490345585297069594130577599593225
  -0.84097777124254781017450697968973380317     0.66811884841609198163079765213087311476    -0.98616330593099636128178369275140550843   0.0016031490345585297069594130577599593225
  -0.98616330593099636128178369275140550843    -0.84097777124254781017450697968973380317    -0.84097777124254781017450697968973380317   0.0016031490345585297069594130577599593225
   0.66811884841609198163079765213087311476    -0.98616330593099636128178369275140550843    -0.84097777124254781017450697968973380317   0.0016031490345585297069594130577599593225
   0.34796664509671040018690540342126757517    -0.83730318462702934780290685457574379889    -0.67336027584265170458109169426977997739   0.0066540602194323403481262811365367556217
   0.34796664509671040018690540342126757517    -0.83730318462702934780290685457574379889    -0.83730318462702934780290685457574379889   0.0066540602194323403481262811365367556217
  -0.83730318462702934780290685457574379889    -0.83730318462702934780290685457574379889     0.34796664509671040018690540342126757517   0.0066540602194323403481262811365367556217
  -0.67336027584265170458109169426977997739     0.34796664509671040018690540342126757517    -0.83730318462702934780290685457574379889   0.0066540602194323403481262811365367556217
  -0.83730318462702934780290685457574379889    -0.67336027584265170458109169426977997739     0.34796664509671040018690540342126757517   0.0066540602194323403481262811365367556217
  -0.83730318462702934780290685457574379889     0.34796664509671040018690540342126757517    -0.83730318462702934780290685457574379889   0.0066540602194323403481262811365367556217
  -0.67336027584265170458109169426977997739    -0.83730318462702934780290685457574379889     0.34796664509671040018690540342126757517   0.0066540602194323403481262811365367556217
  -0.83730318462702934780290685457574379889    -0.67336027584265170458109169426977997739    -0.83730318462702934780290685457574379889   0.0066540602194323403481262811365367556217
  -0.83730318462702934780290685457574379889    -0.83730318462702934780290685457574379889    -0.67336027584265170458109169426977997739   0.0066540602194323403481262811365367556217
  -0.83730318462702934780290685457574379889     0.34796664509671040018690540342126757517    -0.67336027584265170458109169426977997739   0.0066540602194323403481262811365367556217
  -0.67336027584265170458109169426977997739    -0.83730318462702934780290685457574379889    -0.83730318462702934780290685457574379889   0.0066540602194323403481262811365367556217
   0.34796664509671040018690540342126757517    -0.67336027584265170458109169426977997739    -0.83730318462702934780290685457574379889   0.0066540602194323403481262811365367556217
  0.079598097298438291803116216317204201502    -0.54772437504160857394080320644471476851    -0.98414934721522114392150980342777466447   0.0049394645678290837155177939767691948957
  0.079598097298438291803116216317204201502    -0.54772437504160857394080320644471476851    -0.54772437504160857394080320644471476851   0.0049394645678290837155177939767691948957
  -0.54772437504160857394080320644471476851    -0.54772437504160857394080320644471476851    0.079598097298438291803116216317204201502   0.0049394645678290837155177939767691948957
  -0.98414934721522114392150980342777466447    0.079598097298438291803116216317204201502    -0.54772437504160857394080320644471476851   0.0049394645678290837155177939767691948957
  -0.54772437504160857394080320644471476851    -0.98414934721522114392150980342777466447    0.079598097298438291803116216317204201502   0.0049394645678290837155177939767691948957
  -0.54772437504160857394080320644471476851    0.079598097298438291803116216317204201502    -0.54772437504160857394080320644471476851   0.0049394645678290837155177939767691948957
  -0.98414934721522114392150980342777466447    -0.54772437504160857394080320644471476851    0.079598097298438291803116216317204201502   0.0049394645678290837155177939767691948957
  -0.54772437504160857394080320644471476851    -0.98414934721522114392150980342777466447    -0.54772437504160857394080320644471476851   0.0049394645678290837155177939767691948957
  -0.54772437504160857394080320644471476851    -0.54772437504160857394080320644471476851    -0.98414934721522114392150980342777466447   0.0049394645678290837155177939767691948957
  -0.54772437504160857394080320644471476851    0.079598097298438291803116216317204201502    -0.98414934721522114392150980342777466447   0.0049394645678290837155177939767691948957
  -0.98414934721522114392150980342777466447    -0.54772437504160857394080320644471476851    -0.54772437504160857394080320644471476851   0.0049394645678290837155177939767691948957
  0.079598097298438291803116216317204201502    -0.98414934721522114392150980342777466447    -0.54772437504160857394080320644471476851   0.0049394645678290837155177939767691948957
  -0.13516534266524221055567493225043196196    -0.51275303793711397968920004178194477313    -0.83932858146052983006592498418567849178   0.0089877747266729393482211163236048343614
  -0.13516534266524221055567493225043196196    -0.51275303793711397968920004178194477313    -0.51275303793711397968920004178194477313   0.0089877747266729393482211163236048343614
  -0.51275303793711397968920004178194477313    -0.51275303793711397968920004178194477313    -0.13516534266524221055567493225043196196   0.0089877747266729393482211163236048343614
  -0.83932858146052983006592498418567849178    -0.13516534266524221055567493225043196196    -0.51275303793711397968920004178194477313   0.0089877747266729393482211163236048343614
  -0.51275303793711397968920004178194477313    -0.83932858146052983006592498418567849178    -0.13516534266524221055567493225043196196   0.0089877747266729393482211163236048343614
  -0.51275303793711397968920004178194477313    -0.13516534266524221055567493225043196196    -0.51275303793711397968920004178194477313   0.0089877747266729393482211163236048343614
  -0.83932858146052983006592498418567849178    -0.51275303793711397968920004178194477313    -0.13516534266524221055567493225043196196   0.0089877747266729393482211163236048343614
  -0.51275303793711397968920004178194477313    -0.83932858146052983006592498418567849178    -0.51275303793711397968920004178194477313   0.0089877747266729393482211163236048343614
  -0.51275303793711397968920004178194477313    -0.51275303793711397968920004178194477313    -0.83932858146052983006592498418567849178   0.0089877747266729393482211163236048343614
  -0.51275303793711397968920004178194477313    -0.13516534266524221055567493225043196196    -0.83932858146052983006592498418567849178   0.0089877747266729393482211163236048343614
  -0.83932858146052983006592498418567849178    -0.51275303793711397968920004178194477313    -0.51275303793711397968920004178194477313   0.0089877747266729393482211163236048343614
  -0.13516534266524221055567493225043196196    -0.83932858146052983006592498418567849178    -0.51275303793711397968920004178194477313   0.0089877747266729393482211163236048343614
   -0.6330230934163247607890832687436599466    -0.20847511488424122171974365785896853701    -0.95002667681519279577142941553840297938   0.0097740294463111813381051375544241594785
   -0.6330230934163247607890832687436599466    -0.20847511488424122171974365785896853701    -0.20847511488424122171974365785896853701   0.0097740294463111813381051375544241594785
  -0.20847511488424122171974365785896853701    -0.20847511488424122171974365785896853701     -0.6330230934163247607890832687436599466   0.0097740294463111813381051375544241594785
  -0.95002667681519279577142941553840297938     -0.6330230934163247607890832687436599466    -0.20847511488424122171974365785896853701   0.0097740294463111813381051375544241594785
  -0.20847511488424122171974365785896853701    -0.95002667681519279577142941553840297938     -0.6330230934163247607890832687436599466   0.0097740294463111813381051375544241594785
  -0.20847511488424122171974365785896853701     -0.6330230934163247607890832687436599466    -0.20847511488424122171974365785896853701   0.0097740294463111813381051375544241594785
  -0.95002667681519279577142941553840297938    -0.20847511488424122171974365785896853701     -0.6330230934163247607890832687436599466   0.0097740294463111813381051375544241594785
  -0.20847511488424122171974365785896853701    -0.95002667681519279577142941553840297938    -0.20847511488424122171974365785896853701   0.0097740294463111813381051375544241594785
  -0.20847511488424122171974365785896853701    -0.20847511488424122171974365785896853701    -0.95002667681519279577142941553840297938   0.0097740294463111813381051375544241594785
  -0.20847511488424122171974365785896853701     -0.6330230934163247607890832687436599466    -0.95002667681519279577142941553840297938   0.0097740294463111813381051375544241594785
  -0.95002667681519279577142941553840297938    -0.20847511488424122171974365785896853701    -0.20847511488424122171974365785896853701   0.0097740294463111813381051375544241594785
   -0.6330230934163247607890832687436599466    -0.95002667681519279577142941553840297938    -0.20847511488424122171974365785896853701   0.0097740294463111813381051375544241594785
  0.090943080847164476658763140840479623244    -0.82376142864326114729141878329052992789    -0.98534365536194671449446472986672678848   0.0032643296601142215038876526245715467319
  -0.82376142864326114729141878329052992789    -0.98534365536194671449446472986672678848    0.090943080847164476658763140840479623244   0.0032643296601142215038876526245715467319
  -0.82376142864326114729141878329052992789    0.090943080847164476658763140840479623244    -0.98534365536194671449446472986672678848   0.0032643296601142215038876526245715467319
  -0.98534365536194671449446472986672678848    0.090943080847164476658763140840479623244    -0.28183799684195661487287962768322290687   0.0032643296601142215038876526245715467319
  -0.98534365536194671449446472986672678848    0.090943080847164476658763140840479623244    -0.82376142864326114729141878329052992789   0.0032643296601142215038876526245715467319
  -0.28183799684195661487287962768322290687    0.090943080847164476658763140840479623244    -0.98534365536194671449446472986672678848   0.0032643296601142215038876526245715467319
  -0.98534365536194671449446472986672678848    -0.82376142864326114729141878329052992789    -0.28183799684195661487287962768322290687   0.0032643296601142215038876526245715467319
  -0.98534365536194671449446472986672678848    -0.28183799684195661487287962768322290687    0.090943080847164476658763140840479623244   0.0032643296601142215038876526245715467319
  -0.28183799684195661487287962768322290687    -0.82376142864326114729141878329052992789    -0.98534365536194671449446472986672678848   0.0032643296601142215038876526245715467319
  0.090943080847164476658763140840479623244    -0.82376142864326114729141878329052992789    -0.28183799684195661487287962768322290687   0.0032643296601142215038876526245715467319
  -0.28183799684195661487287962768322290687    0.090943080847164476658763140840479623244    -0.82376142864326114729141878329052992789   0.0032643296601142215038876526245715467319
  -0.98534365536194671449446472986672678848    -0.82376142864326114729141878329052992789    0.090943080847164476658763140840479623244   0.0032643296601142215038876526245715467319
  -0.28183799684195661487287962768322290687    -0.82376142864326114729141878329052992789    0.090943080847164476658763140840479623244   0.0032643296601142215038876526245715467319
  0.090943080847164476658763140840479623244    -0.28183799684195661487287962768322290687    -0.98534365536194671449446472986672678848   0.0032643296601142215038876526245715467319
  -0.98534365536194671449446472986672678848    -0.28183799684195661487287962768322290687    -0.82376142864326114729141878329052992789   0.0032643296601142215038876526245715467319
  -0.82376142864326114729141878329052992789    -0.28183799684195661487287962768322290687    -0.98534365536194671449446472986672678848   0.0032643296601142215038876526245715467319
  0.090943080847164476658763140840479623244    -0.28183799684195661487287962768322290687    -0.82376142864326114729141878329052992789   0.0032643296601142215038876526245715467319
  -0.82376142864326114729141878329052992789    -0.28183799684195661487287962768322290687    0.090943080847164476658763140840479623244   0.0032643296601142215038876526245715467319
  -0.82376142864326114729141878329052992789    0.090943080847164476658763140840479623244    -0.28183799684195661487287962768322290687   0.0032643296601142215038876526245715467319
  -0.28183799684195661487287962768322290687    -0.98534365536194671449446472986672678848    0.090943080847164476658763140840479623244   0.0032643296601142215038876526245715467319
  0.090943080847164476658763140840479623244    -0.98534365536194671449446472986672678848    -0.28183799684195661487287962768322290687   0.0032643296601142215038876526245715467319
  0.090943080847164476658763140840479623244    -0.98534365536194671449446472986672678848    -0.82376142864326114729141878329052992789   0.0032643296601142215038876526245715467319
  -0.82376142864326114729141878329052992789    -0.98534365536194671449446472986672678848    -0.28183799684195661487287962768322290687   0.0032643296601142215038876526245715467319
  -0.28183799684195661487287962768322290687    -0.98534365536194671449446472986672678848    -0.82376142864326114729141878329052992789   0.0032643296601142215038876526245715467319
   0.38612902156232702276274660760248302061    -0.81416534847519801881439147863239092248       -0.96328414284253169046119045176840943   0.0052451238987437899767444287662729852639
  -0.81416534847519801881439147863239092248       -0.96328414284253169046119045176840943     0.38612902156232702276274660760248302061   0.0052451238987437899767444287662729852639
  -0.81416534847519801881439147863239092248     0.38612902156232702276274660760248302061       -0.96328414284253169046119045176840943   0.0052451238987437899767444287662729852639
     -0.96328414284253169046119045176840943     0.38612902156232702276274660760248302061    -0.60867953024459731348716467720168266813   0.0052451238987437899767444287662729852639
     -0.96328414284253169046119045176840943     0.38612902156232702276274660760248302061    -0.81416534847519801881439147863239092248   0.0052451238987437899767444287662729852639
  -0.60867953024459731348716467720168266813     0.38612902156232702276274660760248302061       -0.96328414284253169046119045176840943   0.0052451238987437899767444287662729852639
     -0.96328414284253169046119045176840943    -0.81416534847519801881439147863239092248    -0.60867953024459731348716467720168266813   0.0052451238987437899767444287662729852639
     -0.96328414284253169046119045176840943    -0.60867953024459731348716467720168266813     0.38612902156232702276274660760248302061   0.0052451238987437899767444287662729852639
  -0.60867953024459731348716467720168266813    -0.81416534847519801881439147863239092248       -0.96328414284253169046119045176840943   0.0052451238987437899767444287662729852639
   0.38612902156232702276274660760248302061    -0.81416534847519801881439147863239092248    -0.60867953024459731348716467720168266813   0.0052451238987437899767444287662729852639
  -0.60867953024459731348716467720168266813     0.38612902156232702276274660760248302061    -0.81416534847519801881439147863239092248   0.0052451238987437899767444287662729852639
     -0.96328414284253169046119045176840943    -0.81416534847519801881439147863239092248     0.38612902156232702276274660760248302061   0.0052451238987437899767444287662729852639
  -0.60867953024459731348716467720168266813    -0.81416534847519801881439147863239092248     0.38612902156232702276274660760248302061   0.0052451238987437899767444287662729852639
   0.38612902156232702276274660760248302061    -0.60867953024459731348716467720168266813       -0.96328414284253169046119045176840943   0.0052451238987437899767444287662729852639
     -0.96328414284253169046119045176840943    -0.60867953024459731348716467720168266813    -0.81416534847519801881439147863239092248   0.0052451238987437899767444287662729852639
  -0.81416534847519801881439147863239092248    -0.60867953024459731348716467720168266813       -0.96328414284253169046119045176840943   0.0052451238987437899767444287662729852639
   0.38612902156232702276274660760248302061    -0.60867953024459731348716467720168266813    -0.81416534847519801881439147863239092248   0.0052451238987437899767444287662729852639
  -0.81416534847519801881439147863239092248    -0.60867953024459731348716467720168266813     0.38612902156232702276274660760248302061   0.0052451238987437899767444287662729852639
  -0.81416534847519801881439147863239092248     0.38612902156232702276274660760248302061    -0.60867953024459731348716467720168266813   0.0052451238987437899767444287662729852639
  -0.60867953024459731348716467720168266813       -0.96328414284253169046119045176840943     0.38612902156232702276274660760248302061   0.0052451238987437899767444287662729852639
   0.38612902156232702276274660760248302061       -0.96328414284253169046119045176840943    -0.60867953024459731348716467720168266813   0.0052451238987437899767444287662729852639
   0.38612902156232702276274660760248302061       -0.96328414284253169046119045176840943    -0.81416534847519801881439147863239092248   0.0052451238987437899767444287662729852639
  -0.81416534847519801881439147863239092248       -0.96328414284253169046119045176840943    -0.60867953024459731348716467720168266813   0.0052451238987437899767444287662729852639
  -0.60867953024459731348716467720168266813       -0.96328414284253169046119045176840943    -0.81416534847519801881439147863239092248   0.0052451238987437899767444287662729852639
  0.068096574214864136509315568339412108473    -0.70568581892680526948179004638408778521    -0.87764031040759034913451900740688259552   0.0091110125619338885765303811568642950734
  -0.70568581892680526948179004638408778521    -0.87764031040759034913451900740688259552    0.068096574214864136509315568339412108473   0.0091110125619338885765303811568642950734
  -0.70568581892680526948179004638408778521    0.068096574214864136509315568339412108473    -0.87764031040759034913451900740688259552   0.0091110125619338885765303811568642950734
  -0.87764031040759034913451900740688259552    0.068096574214864136509315568339412108473    -0.48477044488046851789300651454844172774   0.0091110125619338885765303811568642950734
  -0.87764031040759034913451900740688259552    0.068096574214864136509315568339412108473    -0.70568581892680526948179004638408778521   0.0091110125619338885765303811568642950734
  -0.48477044488046851789300651454844172774    0.068096574214864136509315568339412108473    -0.87764031040759034913451900740688259552   0.0091110125619338885765303811568642950734
  -0.87764031040759034913451900740688259552    -0.70568581892680526948179004638408778521    -0.48477044488046851789300651454844172774   0.0091110125619338885765303811568642950734
  -0.87764031040759034913451900740688259552    -0.48477044488046851789300651454844172774    0.068096574214864136509315568339412108473   0.0091110125619338885765303811568642950734
  -0.48477044488046851789300651454844172774    -0.70568581892680526948179004638408778521    -0.87764031040759034913451900740688259552   0.0091110125619338885765303811568642950734
  0.068096574214864136509315568339412108473    -0.70568581892680526948179004638408778521    -0.48477044488046851789300651454844172774   0.0091110125619338885765303811568642950734
  -0.48477044488046851789300651454844172774    0.068096574214864136509315568339412108473    -0.70568581892680526948179004638408778521   0.0091110125619338885765303811568642950734
  -0.87764031040759034913451900740688259552    -0.70568581892680526948179004638408778521    0.068096574214864136509315568339412108473   0.0091110125619338885765303811568642950734
  -0.48477044488046851789300651454844172774    -0.70568581892680526948179004638408778521    0.068096574214864136509315568339412108473   0.0091110125619338885765303811568642950734
  0.068096574214864136509315568339412108473    -0.48477044488046851789300651454844172774    -0.87764031040759034913451900740688259552   0.0091110125619338885765303811568642950734
  -0.87764031040759034913451900740688259552    -0.48477044488046851789300651454844172774    -0.70568581892680526948179004638408778521   0.0091110125619338885765303811568642950734
  -0.70568581892680526948179004638408778521    -0.48477044488046851789300651454844172774    -0.87764031040759034913451900740688259552   0.0091110125619338885765303811568642950734
  0.068096574214864136509315568339412108473    -0.48477044488046851789300651454844172774    -0.70568581892680526948179004638408778521   0.0091110125619338885765303811568642950734
  -0.70568581892680526948179004638408778521    -0.48477044488046851789300651454844172774    0.068096574214864136509315568339412108473   0.0091110125619338885765303811568642950734
  -0.70568581892680526948179004638408778521    0.068096574214864136509315568339412108473    -0.48477044488046851789300651454844172774   0.0091110125619338885765303811568642950734
  -0.48477044488046851789300651454844172774    -0.87764031040759034913451900740688259552    0.068096574214864136509315568339412108473   0.0091110125619338885765303811568642950734
  0.068096574214864136509315568339412108473    -0.87764031040759034913451900740688259552    -0.48477044488046851789300651454844172774   0.0091110125619338885765303811568642950734
  0.068096574214864136509315568339412108473    -0.87764031040759034913451900740688259552    -0.70568581892680526948179004638408778521   0.0091110125619338885765303811568642950734
  -0.70568581892680526948179004638408778521    -0.87764031040759034913451900740688259552    -0.48477044488046851789300651454844172774   0.0091110125619338885765303811568642950734
  -0.48477044488046851789300651454844172774    -0.87764031040759034913451900740688259552    -0.70568581892680526948179004638408778521   0.0091110125619338885765303811568642950734

