 -0.37822816147339878040530853247308433401   -0.37822816147339878040530853247308433401   -0.86531551557980365878407440258074699796    0.15025056762402113439891420311104844508
 -0.37822816147339878040530853247308433401   -0.86531551557980365878407440258074699796   -0.37822816147339878040530853247308433401    0.15025056762402113439891420311104844508
 -0.86531551557980365878407440258074699796   -0.37822816147339878040530853247308433401   -0.37822816147339878040530853247308433401    0.15025056762402113439891420311104844508
 -0.37822816147339878040530853247308433401   -0.37822816147339878040530853247308433401   -0.37822816147339878040530853247308433401    0.15025056762402113439891420311104844508
 -0.81452949937821754719535217252593878951   -0.81452949937821754719535217252593878951    0.44358849813465264158605651757781636853   0.097990724155149266058280273981770004697
 -0.81452949937821754719535217252593878951    0.44358849813465264158605651757781636853   -0.81452949937821754719535217252593878951   0.097990724155149266058280273981770004697
  0.44358849813465264158605651757781636853   -0.81452949937821754719535217252593878951   -0.81452949937821754719535217252593878951   0.097990724155149266058280273981770004697
 -0.81452949937821754719535217252593878951   -0.81452949937821754719535217252593878951   -0.81452949937821754719535217252593878951   0.097990724155149266058280273981770004697
 -0.90899259174870070101623894744132112187  -0.091007408251299298983761052558678878131  -0.091007408251299298983761052558678878131    0.05672802770277528858409257082700992237
-0.091007408251299298983761052558678878131   -0.90899259174870070101623894744132112187  -0.091007408251299298983761052558678878131    0.05672802770277528858409257082700992237
 -0.90899259174870070101623894744132112187   -0.90899259174870070101623894744132112187  -0.091007408251299298983761052558678878131    0.05672802770277528858409257082700992237
 -0.90899259174870070101623894744132112187  -0.091007408251299298983761052558678878131   -0.90899259174870070101623894744132112187    0.05672802770277528858409257082700992237
-0.091007408251299298983761052558678878131   -0.90899259174870070101623894744132112187   -0.90899259174870070101623894744132112187    0.05672802770277528858409257082700992237
-0.091007408251299298983761052558678878131  -0.091007408251299298983761052558678878131   -0.90899259174870070101623894744132112187    0.05672802770277528858409257082700992237
