                                     -0.5                                       -0.5                                       -0.5   0.12731371928550779848077124815630184245
-0.36859770044359440115314000081337702315  -0.36859770044359440115314000081337702315  -0.89420689866921679654057999755986893056   0.05643944161328937210171489439806231665
-0.36859770044359440115314000081337702315  -0.89420689866921679654057999755986893056  -0.36859770044359440115314000081337702315   0.05643944161328937210171489439806231665
-0.89420689866921679654057999755986893056  -0.36859770044359440115314000081337702315  -0.36859770044359440115314000081337702315   0.05643944161328937210171489439806231665
-0.36859770044359440115314000081337702315  -0.36859770044359440115314000081337702315  -0.36859770044359440115314000081337702315   0.05643944161328937210171489439806231665
-0.89902035480320726247389235402687506805  -0.10097964519679273752610764597312493195  -0.10097964519679273752610764597312493195   0.04252923711047677324569976544392327613
-0.10097964519679273752610764597312493195  -0.89902035480320726247389235402687506805  -0.10097964519679273752610764597312493195   0.04252923711047677324569976544392327613
-0.89902035480320726247389235402687506805  -0.89902035480320726247389235402687506805  -0.10097964519679273752610764597312493195   0.04252923711047677324569976544392327613
-0.89902035480320726247389235402687506805  -0.10097964519679273752610764597312493195  -0.89902035480320726247389235402687506805   0.04252923711047677324569976544392327613
-0.10097964519679273752610764597312493195  -0.89902035480320726247389235402687506805  -0.89902035480320726247389235402687506805   0.04252923711047677324569976544392327613
-0.10097964519679273752610764597312493195  -0.10097964519679273752610764597312493195  -0.89902035480320726247389235402687506805   0.04252923711047677324569976544392327613
 0.15034327517400004696648315404461503933  -0.62233233794799790452713779229082848999  -0.90567859927800423791220756946295805935  0.049609507637779495159487414921974827082
 0.15034327517400004696648315404461503933  -0.62233233794799790452713779229082848999  -0.62233233794799790452713779229082848999  0.049609507637779495159487414921974827082
-0.62233233794799790452713779229082848999  -0.62233233794799790452713779229082848999   0.15034327517400004696648315404461503933  0.049609507637779495159487414921974827082
-0.90567859927800423791220756946295805935   0.15034327517400004696648315404461503933  -0.62233233794799790452713779229082848999  0.049609507637779495159487414921974827082
-0.62233233794799790452713779229082848999  -0.90567859927800423791220756946295805935   0.15034327517400004696648315404461503933  0.049609507637779495159487414921974827082
-0.62233233794799790452713779229082848999   0.15034327517400004696648315404461503933  -0.62233233794799790452713779229082848999  0.049609507637779495159487414921974827082
-0.90567859927800423791220756946295805935  -0.62233233794799790452713779229082848999   0.15034327517400004696648315404461503933  0.049609507637779495159487414921974827082
-0.62233233794799790452713779229082848999  -0.90567859927800423791220756946295805935  -0.62233233794799790452713779229082848999  0.049609507637779495159487414921974827082
-0.62233233794799790452713779229082848999  -0.62233233794799790452713779229082848999  -0.90567859927800423791220756946295805935  0.049609507637779495159487414921974827082
-0.62233233794799790452713779229082848999   0.15034327517400004696648315404461503933  -0.90567859927800423791220756946295805935  0.049609507637779495159487414921974827082
-0.90567859927800423791220756946295805935  -0.62233233794799790452713779229082848999  -0.62233233794799790452713779229082848999  0.049609507637779495159487414921974827082
 0.15034327517400004696648315404461503933  -0.90567859927800423791220756946295805935  -0.62233233794799790452713779229082848999  0.049609507637779495159487414921974827082
 0.62166048219709712223621075969646478759  -0.95746905491703350802232779700036011785  -0.70672237236303010619155516569574455189  0.010814361106537788754804577988128720209
 0.62166048219709712223621075969646478759  -0.95746905491703350802232779700036011785  -0.95746905491703350802232779700036011785  0.010814361106537788754804577988128720209
-0.95746905491703350802232779700036011785  -0.95746905491703350802232779700036011785   0.62166048219709712223621075969646478759  0.010814361106537788754804577988128720209
-0.70672237236303010619155516569574455189   0.62166048219709712223621075969646478759  -0.95746905491703350802232779700036011785  0.010814361106537788754804577988128720209
-0.95746905491703350802232779700036011785  -0.70672237236303010619155516569574455189   0.62166048219709712223621075969646478759  0.010814361106537788754804577988128720209
-0.95746905491703350802232779700036011785   0.62166048219709712223621075969646478759  -0.95746905491703350802232779700036011785  0.010814361106537788754804577988128720209
-0.70672237236303010619155516569574455189  -0.95746905491703350802232779700036011785   0.62166048219709712223621075969646478759  0.010814361106537788754804577988128720209
-0.95746905491703350802232779700036011785  -0.70672237236303010619155516569574455189  -0.95746905491703350802232779700036011785  0.010814361106537788754804577988128720209
-0.95746905491703350802232779700036011785  -0.95746905491703350802232779700036011785  -0.70672237236303010619155516569574455189  0.010814361106537788754804577988128720209
-0.95746905491703350802232779700036011785   0.62166048219709712223621075969646478759  -0.70672237236303010619155516569574455189  0.010814361106537788754804577988128720209
-0.70672237236303010619155516569574455189  -0.95746905491703350802232779700036011785  -0.95746905491703350802232779700036011785  0.010814361106537788754804577988128720209
 0.62166048219709712223621075969646478759  -0.70672237236303010619155516569574455189  -0.95746905491703350802232779700036011785  0.010814361106537788754804577988128720209
