 -0.78409455007557830303561343854585276851   -0.78409455007557830303561343854585276851    0.35228365022673490910684031563755830553   0.035235534544545108539097313565645827902
 -0.78409455007557830303561343854585276851    0.35228365022673490910684031563755830553   -0.78409455007557830303561343854585276851   0.035235534544545108539097313565645827902
  0.35228365022673490910684031563755830553   -0.78409455007557830303561343854585276851   -0.78409455007557830303561343854585276851   0.035235534544545108539097313565645827902
 -0.78409455007557830303561343854585276851   -0.78409455007557830303561343854585276851   -0.78409455007557830303561343854585276851   0.035235534544545108539097313565645827902
   -0.629781024434826859446183999496503797     -0.629781024434826859446183999496503797     -0.110656926695519421661448001510488609   0.069375663418318043619861410028472677606
   -0.629781024434826859446183999496503797     -0.110656926695519421661448001510488609     -0.629781024434826859446183999496503797   0.069375663418318043619861410028472677606
   -0.110656926695519421661448001510488609     -0.629781024434826859446183999496503797     -0.629781024434826859446183999496503797   0.069375663418318043619861410028472677606
   -0.629781024434826859446183999496503797     -0.629781024434826859446183999496503797     -0.629781024434826859446183999496503797   0.069375663418318043619861410028472677606
 -0.91536691263046543675183591431855057189   -0.91536691263046543675183591431855057189    0.74610073789139631025550774295565171568   0.010033674871386933040967405110292766211
 -0.91536691263046543675183591431855057189    0.74610073789139631025550774295565171568   -0.91536691263046543675183591431855057189   0.010033674871386933040967405110292766211
  0.74610073789139631025550774295565171568   -0.91536691263046543675183591431855057189   -0.91536691263046543675183591431855057189   0.010033674871386933040967405110292766211
 -0.91536691263046543675183591431855057189   -0.91536691263046543675183591431855057189   -0.91536691263046543675183591431855057189   0.010033674871386933040967405110292766211
 -0.37163658175192200927334245312373662702   -0.37163658175192200927334245312373662702   -0.88509025474423397217997264062879011895   0.055685043809246530275971813171748834223
 -0.37163658175192200927334245312373662702   -0.88509025474423397217997264062879011895   -0.37163658175192200927334245312373662702   0.055685043809246530275971813171748834223
 -0.88509025474423397217997264062879011895   -0.37163658175192200927334245312373662702   -0.37163658175192200927334245312373662702   0.055685043809246530275971813171748834223
 -0.37163658175192200927334245312373662702   -0.37163658175192200927334245312373662702   -0.37163658175192200927334245312373662702   0.055685043809246530275971813171748834223
 -0.12881734283233958954373367640680593526   -0.87118265716766041045626632359319406474   -0.87118265716766041045626632359319406474   0.048374573681745097334959362864457783412
 -0.87118265716766041045626632359319406474   -0.12881734283233958954373367640680593526   -0.87118265716766041045626632359319406474   0.048374573681745097334959362864457783412
 -0.12881734283233958954373367640680593526   -0.12881734283233958954373367640680593526   -0.87118265716766041045626632359319406474   0.048374573681745097334959362864457783412
 -0.12881734283233958954373367640680593526   -0.87118265716766041045626632359319406474   -0.12881734283233958954373367640680593526   0.048374573681745097334959362864457783412
 -0.87118265716766041045626632359319406474   -0.12881734283233958954373367640680593526   -0.12881734283233958954373367640680593526   0.048374573681745097334959362864457783412
 -0.87118265716766041045626632359319406474   -0.87118265716766041045626632359319406474   -0.12881734283233958954373367640680593526   0.048374573681745097334959362864457783412
  0.43492812685261664658005711425116290088   -0.95713213974573885031100182115353118963   -0.52066384736113894595805347194410052161  0.0095425371877925775336250150191510735196
  0.43492812685261664658005711425116290088   -0.95713213974573885031100182115353118963   -0.95713213974573885031100182115353118963  0.0095425371877925775336250150191510735196
 -0.95713213974573885031100182115353118963   -0.95713213974573885031100182115353118963    0.43492812685261664658005711425116290088  0.0095425371877925775336250150191510735196
 -0.52066384736113894595805347194410052161    0.43492812685261664658005711425116290088   -0.95713213974573885031100182115353118963  0.0095425371877925775336250150191510735196
 -0.95713213974573885031100182115353118963   -0.52066384736113894595805347194410052161    0.43492812685261664658005711425116290088  0.0095425371877925775336250150191510735196
 -0.95713213974573885031100182115353118963    0.43492812685261664658005711425116290088   -0.95713213974573885031100182115353118963  0.0095425371877925775336250150191510735196
 -0.52066384736113894595805347194410052161   -0.95713213974573885031100182115353118963    0.43492812685261664658005711425116290088  0.0095425371877925775336250150191510735196
 -0.95713213974573885031100182115353118963   -0.52066384736113894595805347194410052161   -0.95713213974573885031100182115353118963  0.0095425371877925775336250150191510735196
 -0.95713213974573885031100182115353118963   -0.95713213974573885031100182115353118963   -0.52066384736113894595805347194410052161  0.0095425371877925775336250150191510735196
 -0.95713213974573885031100182115353118963    0.43492812685261664658005711425116290088   -0.52066384736113894595805347194410052161  0.0095425371877925775336250150191510735196
 -0.52066384736113894595805347194410052161   -0.95713213974573885031100182115353118963   -0.95713213974573885031100182115353118963  0.0095425371877925775336250150191510735196
  0.43492812685261664658005711425116290088   -0.52066384736113894595805347194410052161   -0.95713213974573885031100182115353118963  0.0095425371877925775336250150191510735196
  0.16759475660428881185333950841466005283   -0.59172133224794175913941940243963088242   -0.98415209210840529357450070353539828799   0.020604648201280446418040434034344443905
  0.16759475660428881185333950841466005283   -0.59172133224794175913941940243963088242   -0.59172133224794175913941940243963088242   0.020604648201280446418040434034344443905
 -0.59172133224794175913941940243963088242   -0.59172133224794175913941940243963088242    0.16759475660428881185333950841466005283   0.020604648201280446418040434034344443905
 -0.98415209210840529357450070353539828799    0.16759475660428881185333950841466005283   -0.59172133224794175913941940243963088242   0.020604648201280446418040434034344443905
 -0.59172133224794175913941940243963088242   -0.98415209210840529357450070353539828799    0.16759475660428881185333950841466005283   0.020604648201280446418040434034344443905
 -0.59172133224794175913941940243963088242    0.16759475660428881185333950841466005283   -0.59172133224794175913941940243963088242   0.020604648201280446418040434034344443905
 -0.98415209210840529357450070353539828799   -0.59172133224794175913941940243963088242    0.16759475660428881185333950841466005283   0.020604648201280446418040434034344443905
 -0.59172133224794175913941940243963088242   -0.98415209210840529357450070353539828799   -0.59172133224794175913941940243963088242   0.020604648201280446418040434034344443905
 -0.59172133224794175913941940243963088242   -0.59172133224794175913941940243963088242   -0.98415209210840529357450070353539828799   0.020604648201280446418040434034344443905
 -0.59172133224794175913941940243963088242    0.16759475660428881185333950841466005283   -0.98415209210840529357450070353539828799   0.020604648201280446418040434034344443905
 -0.98415209210840529357450070353539828799   -0.59172133224794175913941940243963088242   -0.59172133224794175913941940243963088242   0.020604648201280446418040434034344443905
  0.16759475660428881185333950841466005283   -0.98415209210840529357450070353539828799   -0.59172133224794175913941940243963088242   0.020604648201280446418040434034344443905
