  -0.98076627884228192695510234719232429367    -0.98076627884228192695510234719232429367     0.94229883652684578086530704157697288102   0.0001439204788087049234711977786022986492
  -0.98076627884228192695510234719232429367     0.94229883652684578086530704157697288102    -0.98076627884228192695510234719232429367   0.0001439204788087049234711977786022986492
   0.94229883652684578086530704157697288102    -0.98076627884228192695510234719232429367    -0.98076627884228192695510234719232429367   0.0001439204788087049234711977786022986492
  -0.98076627884228192695510234719232429367    -0.98076627884228192695510234719232429367    -0.98076627884228192695510234719232429367   0.0001439204788087049234711977786022986492
  -0.89741273712972490412982577478961725424    -0.89741273712972490412982577478961725424     0.69223821138917471238947732436885176273   0.0020683984009654420978960956062168629244
  -0.89741273712972490412982577478961725424     0.69223821138917471238947732436885176273    -0.89741273712972490412982577478961725424   0.0020683984009654420978960956062168629244
   0.69223821138917471238947732436885176273    -0.89741273712972490412982577478961725424    -0.89741273712972490412982577478961725424   0.0020683984009654420978960956062168629244
  -0.89741273712972490412982577478961725424    -0.89741273712972490412982577478961725424    -0.89741273712972490412982577478961725424   0.0020683984009654420978960956062168629244
  -0.79322333221470992598781499106500599723    -0.79322333221470992598781499106500599723     0.37966999664412977796344497319501799169   0.0066685077799111044782103525357125615728
  -0.79322333221470992598781499106500599723     0.37966999664412977796344497319501799169    -0.79322333221470992598781499106500599723   0.0066685077799111044782103525357125615728
   0.37966999664412977796344497319501799169    -0.79322333221470992598781499106500599723    -0.79322333221470992598781499106500599723   0.0066685077799111044782103525357125615728
  -0.79322333221470992598781499106500599723    -0.79322333221470992598781499106500599723    -0.79322333221470992598781499106500599723   0.0066685077799111044782103525357125615728
  -0.66671083458906213033976797241326629128    -0.66671083458906213033976797241326629128  0.00013250376718639101930391723979887384718    0.010514196003600456772840440016211781057
  -0.66671083458906213033976797241326629128  0.00013250376718639101930391723979887384718    -0.66671083458906213033976797241326629128    0.010514196003600456772840440016211781057
0.00013250376718639101930391723979887384718    -0.66671083458906213033976797241326629128    -0.66671083458906213033976797241326629128    0.010514196003600456772840440016211781057
  -0.66671083458906213033976797241326629128    -0.66671083458906213033976797241326629128    -0.66671083458906213033976797241326629128    0.010514196003600456772840440016211781057
   -0.5471665611743024073005679126873308167     -0.5471665611743024073005679126873308167    -0.35850031647709277809829626193800754991   0.0081071095686956646602854319308828230333
   -0.5471665611743024073005679126873308167    -0.35850031647709277809829626193800754991     -0.5471665611743024073005679126873308167   0.0081071095686956646602854319308828230333
  -0.35850031647709277809829626193800754991     -0.5471665611743024073005679126873308167     -0.5471665611743024073005679126873308167   0.0081071095686956646602854319308828230333
   -0.5471665611743024073005679126873308167     -0.5471665611743024073005679126873308167     -0.5471665611743024073005679126873308167   0.0081071095686956646602854319308828230333
  -0.38406973160742114587985934996382729294    -0.38406973160742114587985934996382729294    -0.84779080517773656236042195010851812118   0.0061154055661495255734472542827106100817
  -0.38406973160742114587985934996382729294    -0.84779080517773656236042195010851812118    -0.38406973160742114587985934996382729294   0.0061154055661495255734472542827106100817
  -0.84779080517773656236042195010851812118    -0.38406973160742114587985934996382729294    -0.38406973160742114587985934996382729294   0.0061154055661495255734472542827106100817
  -0.38406973160742114587985934996382729294    -0.38406973160742114587985934996382729294    -0.38406973160742114587985934996382729294   0.0061154055661495255734472542827106100817
  -0.34356751469909117266072413605079351805    -0.34356751469909117266072413605079351805    -0.96929745590272648201782759184761944584    0.005548230092759045193307841362750316158
  -0.34356751469909117266072413605079351805    -0.96929745590272648201782759184761944584    -0.34356751469909117266072413605079351805    0.005548230092759045193307841362750316158
  -0.96929745590272648201782759184761944584    -0.34356751469909117266072413605079351805    -0.34356751469909117266072413605079351805    0.005548230092759045193307841362750316158
  -0.34356751469909117266072413605079351805    -0.34356751469909117266072413605079351805    -0.34356751469909117266072413605079351805    0.005548230092759045193307841362750316158
  -0.96959252177275094866047742484172636351   -0.030407478227249051339522575158273636493   -0.030407478227249051339522575158273636493   0.0018212076240284491488056951107957194352
 -0.030407478227249051339522575158273636493    -0.96959252177275094866047742484172636351   -0.030407478227249051339522575158273636493   0.0018212076240284491488056951107957194352
  -0.96959252177275094866047742484172636351    -0.96959252177275094866047742484172636351   -0.030407478227249051339522575158273636493   0.0018212076240284491488056951107957194352
  -0.96959252177275094866047742484172636351   -0.030407478227249051339522575158273636493    -0.96959252177275094866047742484172636351   0.0018212076240284491488056951107957194352
 -0.030407478227249051339522575158273636493    -0.96959252177275094866047742484172636351    -0.96959252177275094866047742484172636351   0.0018212076240284491488056951107957194352
 -0.030407478227249051339522575158273636493   -0.030407478227249051339522575158273636493    -0.96959252177275094866047742484172636351   0.0018212076240284491488056951107957194352
  -0.67817838728547235434778923415552862132    -0.32182161271452764565221076584447137868    -0.32182161271452764565221076584447137868   0.0091875771175800381647553350212400300981
  -0.32182161271452764565221076584447137868    -0.67817838728547235434778923415552862132    -0.32182161271452764565221076584447137868   0.0091875771175800381647553350212400300981
  -0.67817838728547235434778923415552862132    -0.67817838728547235434778923415552862132    -0.32182161271452764565221076584447137868   0.0091875771175800381647553350212400300981
  -0.67817838728547235434778923415552862132    -0.32182161271452764565221076584447137868    -0.67817838728547235434778923415552862132   0.0091875771175800381647553350212400300981
  -0.32182161271452764565221076584447137868    -0.67817838728547235434778923415552862132    -0.67817838728547235434778923415552862132   0.0091875771175800381647553350212400300981
  -0.32182161271452764565221076584447137868    -0.32182161271452764565221076584447137868    -0.67817838728547235434778923415552862132   0.0091875771175800381647553350212400300981
   0.29352992981133834546003422133034439747    -0.98456299151669846517417451331023920859     -0.3244039467779414151116851947098659803  0.00057753281361930698140042858265151618332
   0.29352992981133834546003422133034439747    -0.98456299151669846517417451331023920859    -0.98456299151669846517417451331023920859  0.00057753281361930698140042858265151618332
  -0.98456299151669846517417451331023920859    -0.98456299151669846517417451331023920859     0.29352992981133834546003422133034439747  0.00057753281361930698140042858265151618332
   -0.3244039467779414151116851947098659803     0.29352992981133834546003422133034439747    -0.98456299151669846517417451331023920859  0.00057753281361930698140042858265151618332
  -0.98456299151669846517417451331023920859     -0.3244039467779414151116851947098659803     0.29352992981133834546003422133034439747  0.00057753281361930698140042858265151618332
  -0.98456299151669846517417451331023920859     0.29352992981133834546003422133034439747    -0.98456299151669846517417451331023920859  0.00057753281361930698140042858265151618332
   -0.3244039467779414151116851947098659803    -0.98456299151669846517417451331023920859     0.29352992981133834546003422133034439747  0.00057753281361930698140042858265151618332
  -0.98456299151669846517417451331023920859     -0.3244039467779414151116851947098659803    -0.98456299151669846517417451331023920859  0.00057753281361930698140042858265151618332
  -0.98456299151669846517417451331023920859    -0.98456299151669846517417451331023920859     -0.3244039467779414151116851947098659803  0.00057753281361930698140042858265151618332
  -0.98456299151669846517417451331023920859     0.29352992981133834546003422133034439747     -0.3244039467779414151116851947098659803  0.00057753281361930698140042858265151618332
   -0.3244039467779414151116851947098659803    -0.98456299151669846517417451331023920859    -0.98456299151669846517417451331023920859  0.00057753281361930698140042858265151618332
   0.29352992981133834546003422133034439747     -0.3244039467779414151116851947098659803    -0.98456299151669846517417451331023920859  0.00057753281361930698140042858265151618332
    0.6272677918637832947510240003562391845    -0.98209531013287552881293427226917691354    -0.66307717159803223712515545581788535742  0.00064582874019621071911991727579468816601
    0.6272677918637832947510240003562391845    -0.98209531013287552881293427226917691354    -0.98209531013287552881293427226917691354  0.00064582874019621071911991727579468816601
  -0.98209531013287552881293427226917691354    -0.98209531013287552881293427226917691354      0.6272677918637832947510240003562391845  0.00064582874019621071911991727579468816601
  -0.66307717159803223712515545581788535742      0.6272677918637832947510240003562391845    -0.98209531013287552881293427226917691354  0.00064582874019621071911991727579468816601
  -0.98209531013287552881293427226917691354    -0.66307717159803223712515545581788535742      0.6272677918637832947510240003562391845  0.00064582874019621071911991727579468816601
  -0.98209531013287552881293427226917691354      0.6272677918637832947510240003562391845    -0.98209531013287552881293427226917691354  0.00064582874019621071911991727579468816601
  -0.66307717159803223712515545581788535742    -0.98209531013287552881293427226917691354      0.6272677918637832947510240003562391845  0.00064582874019621071911991727579468816601
  -0.98209531013287552881293427226917691354    -0.66307717159803223712515545581788535742    -0.98209531013287552881293427226917691354  0.00064582874019621071911991727579468816601
  -0.98209531013287552881293427226917691354    -0.98209531013287552881293427226917691354    -0.66307717159803223712515545581788535742  0.00064582874019621071911991727579468816601
  -0.98209531013287552881293427226917691354      0.6272677918637832947510240003562391845    -0.66307717159803223712515545581788535742  0.00064582874019621071911991727579468816601
  -0.66307717159803223712515545581788535742    -0.98209531013287552881293427226917691354    -0.98209531013287552881293427226917691354  0.00064582874019621071911991727579468816601
    0.6272677918637832947510240003562391845    -0.66307717159803223712515545581788535742    -0.98209531013287552881293427226917691354  0.00064582874019621071911991727579468816601
   0.82751542375100978706805780103870982438    -0.97307796424792080704039852475980953478    -0.88135949525516817298726075151909075481  0.00069019339010577881982229097555464567356
   0.82751542375100978706805780103870982438    -0.97307796424792080704039852475980953478    -0.97307796424792080704039852475980953478  0.00069019339010577881982229097555464567356
  -0.97307796424792080704039852475980953478    -0.97307796424792080704039852475980953478     0.82751542375100978706805780103870982438  0.00069019339010577881982229097555464567356
  -0.88135949525516817298726075151909075481     0.82751542375100978706805780103870982438    -0.97307796424792080704039852475980953478  0.00069019339010577881982229097555464567356
  -0.97307796424792080704039852475980953478    -0.88135949525516817298726075151909075481     0.82751542375100978706805780103870982438  0.00069019339010577881982229097555464567356
  -0.97307796424792080704039852475980953478     0.82751542375100978706805780103870982438    -0.97307796424792080704039852475980953478  0.00069019339010577881982229097555464567356
  -0.88135949525516817298726075151909075481    -0.97307796424792080704039852475980953478     0.82751542375100978706805780103870982438  0.00069019339010577881982229097555464567356
  -0.97307796424792080704039852475980953478    -0.88135949525516817298726075151909075481    -0.97307796424792080704039852475980953478  0.00069019339010577881982229097555464567356
  -0.97307796424792080704039852475980953478    -0.97307796424792080704039852475980953478    -0.88135949525516817298726075151909075481  0.00069019339010577881982229097555464567356
  -0.97307796424792080704039852475980953478     0.82751542375100978706805780103870982438    -0.88135949525516817298726075151909075481  0.00069019339010577881982229097555464567356
  -0.88135949525516817298726075151909075481    -0.97307796424792080704039852475980953478    -0.97307796424792080704039852475980953478  0.00069019339010577881982229097555464567356
   0.82751542375100978706805780103870982438    -0.88135949525516817298726075151909075481    -0.97307796424792080704039852475980953478  0.00069019339010577881982229097555464567356
   0.35696461032238251772650047859914662337     -0.9561569202893104616357851985276128389    -0.44465076974376159445493008154392094556   0.0013140935497732484571797664989498250576
   0.35696461032238251772650047859914662337     -0.9561569202893104616357851985276128389     -0.9561569202893104616357851985276128389   0.0013140935497732484571797664989498250576
   -0.9561569202893104616357851985276128389     -0.9561569202893104616357851985276128389     0.35696461032238251772650047859914662337   0.0013140935497732484571797664989498250576
  -0.44465076974376159445493008154392094556     0.35696461032238251772650047859914662337     -0.9561569202893104616357851985276128389   0.0013140935497732484571797664989498250576
   -0.9561569202893104616357851985276128389    -0.44465076974376159445493008154392094556     0.35696461032238251772650047859914662337   0.0013140935497732484571797664989498250576
   -0.9561569202893104616357851985276128389     0.35696461032238251772650047859914662337     -0.9561569202893104616357851985276128389   0.0013140935497732484571797664989498250576
  -0.44465076974376159445493008154392094556     -0.9561569202893104616357851985276128389     0.35696461032238251772650047859914662337   0.0013140935497732484571797664989498250576
   -0.9561569202893104616357851985276128389    -0.44465076974376159445493008154392094556     -0.9561569202893104616357851985276128389   0.0013140935497732484571797664989498250576
   -0.9561569202893104616357851985276128389     -0.9561569202893104616357851985276128389    -0.44465076974376159445493008154392094556   0.0013140935497732484571797664989498250576
   -0.9561569202893104616357851985276128389     0.35696461032238251772650047859914662337    -0.44465076974376159445493008154392094556   0.0013140935497732484571797664989498250576
  -0.44465076974376159445493008154392094556     -0.9561569202893104616357851985276128389     -0.9561569202893104616357851985276128389   0.0013140935497732484571797664989498250576
   0.35696461032238251772650047859914662337    -0.44465076974376159445493008154392094556     -0.9561569202893104616357851985276128389   0.0013140935497732484571797664989498250576
   0.58516863013073907155290866896165317114    -0.91976057131994249378552069647705062519    -0.74564748749085408398186727600755192076   0.0026653041819741117490086516897251060003
   0.58516863013073907155290866896165317114    -0.91976057131994249378552069647705062519    -0.91976057131994249378552069647705062519   0.0026653041819741117490086516897251060003
  -0.91976057131994249378552069647705062519    -0.91976057131994249378552069647705062519     0.58516863013073907155290866896165317114   0.0026653041819741117490086516897251060003
  -0.74564748749085408398186727600755192076     0.58516863013073907155290866896165317114    -0.91976057131994249378552069647705062519   0.0026653041819741117490086516897251060003
  -0.91976057131994249378552069647705062519    -0.74564748749085408398186727600755192076     0.58516863013073907155290866896165317114   0.0026653041819741117490086516897251060003
  -0.91976057131994249378552069647705062519     0.58516863013073907155290866896165317114    -0.91976057131994249378552069647705062519   0.0026653041819741117490086516897251060003
  -0.74564748749085408398186727600755192076    -0.91976057131994249378552069647705062519     0.58516863013073907155290866896165317114   0.0026653041819741117490086516897251060003
  -0.91976057131994249378552069647705062519    -0.74564748749085408398186727600755192076    -0.91976057131994249378552069647705062519   0.0026653041819741117490086516897251060003
  -0.91976057131994249378552069647705062519    -0.91976057131994249378552069647705062519    -0.74564748749085408398186727600755192076   0.0026653041819741117490086516897251060003
  -0.91976057131994249378552069647705062519     0.58516863013073907155290866896165317114    -0.74564748749085408398186727600755192076   0.0026653041819741117490086516897251060003
  -0.74564748749085408398186727600755192076    -0.91976057131994249378552069647705062519    -0.91976057131994249378552069647705062519   0.0026653041819741117490086516897251060003
   0.58516863013073907155290866896165317114    -0.74564748749085408398186727600755192076    -0.91976057131994249378552069647705062519   0.0026653041819741117490086516897251060003
   0.10778029743446608539438313632463833843    -0.90876551783867153815548114860107371565    -0.29024926175712300908342083912249090714   0.0040264743770106320911997694627867720992
   0.10778029743446608539438313632463833843    -0.90876551783867153815548114860107371565    -0.90876551783867153815548114860107371565   0.0040264743770106320911997694627867720992
  -0.90876551783867153815548114860107371565    -0.90876551783867153815548114860107371565     0.10778029743446608539438313632463833843   0.0040264743770106320911997694627867720992
  -0.29024926175712300908342083912249090714     0.10778029743446608539438313632463833843    -0.90876551783867153815548114860107371565   0.0040264743770106320911997694627867720992
  -0.90876551783867153815548114860107371565    -0.29024926175712300908342083912249090714     0.10778029743446608539438313632463833843   0.0040264743770106320911997694627867720992
  -0.90876551783867153815548114860107371565     0.10778029743446608539438313632463833843    -0.90876551783867153815548114860107371565   0.0040264743770106320911997694627867720992
  -0.29024926175712300908342083912249090714    -0.90876551783867153815548114860107371565     0.10778029743446608539438313632463833843   0.0040264743770106320911997694627867720992
  -0.90876551783867153815548114860107371565    -0.29024926175712300908342083912249090714    -0.90876551783867153815548114860107371565   0.0040264743770106320911997694627867720992
  -0.90876551783867153815548114860107371565    -0.90876551783867153815548114860107371565    -0.29024926175712300908342083912249090714   0.0040264743770106320911997694627867720992
  -0.90876551783867153815548114860107371565     0.10778029743446608539438313632463833843    -0.29024926175712300908342083912249090714   0.0040264743770106320911997694627867720992
  -0.29024926175712300908342083912249090714    -0.90876551783867153815548114860107371565    -0.90876551783867153815548114860107371565   0.0040264743770106320911997694627867720992
   0.10778029743446608539438313632463833843    -0.29024926175712300908342083912249090714    -0.90876551783867153815548114860107371565   0.0040264743770106320911997694627867720992
   0.28275590548548568024381096233526171163    -0.85980458159677134552111469101220872334    -0.56314674229194298920158158031084426496   0.0060803801027503493120040711548965072373
   0.28275590548548568024381096233526171163    -0.85980458159677134552111469101220872334    -0.85980458159677134552111469101220872334   0.0060803801027503493120040711548965072373
  -0.85980458159677134552111469101220872334    -0.85980458159677134552111469101220872334     0.28275590548548568024381096233526171163   0.0060803801027503493120040711548965072373
  -0.56314674229194298920158158031084426496     0.28275590548548568024381096233526171163    -0.85980458159677134552111469101220872334   0.0060803801027503493120040711548965072373
  -0.85980458159677134552111469101220872334    -0.56314674229194298920158158031084426496     0.28275590548548568024381096233526171163   0.0060803801027503493120040711548965072373
  -0.85980458159677134552111469101220872334     0.28275590548548568024381096233526171163    -0.85980458159677134552111469101220872334   0.0060803801027503493120040711548965072373
  -0.56314674229194298920158158031084426496    -0.85980458159677134552111469101220872334     0.28275590548548568024381096233526171163   0.0060803801027503493120040711548965072373
  -0.85980458159677134552111469101220872334    -0.56314674229194298920158158031084426496    -0.85980458159677134552111469101220872334   0.0060803801027503493120040711548965072373
  -0.85980458159677134552111469101220872334    -0.85980458159677134552111469101220872334    -0.56314674229194298920158158031084426496   0.0060803801027503493120040711548965072373
  -0.85980458159677134552111469101220872334     0.28275590548548568024381096233526171163    -0.56314674229194298920158158031084426496   0.0060803801027503493120040711548965072373
  -0.56314674229194298920158158031084426496    -0.85980458159677134552111469101220872334    -0.85980458159677134552111469101220872334   0.0060803801027503493120040711548965072373
   0.28275590548548568024381096233526171163    -0.56314674229194298920158158031084426496    -0.85980458159677134552111469101220872334   0.0060803801027503493120040711548965072373
 -0.049931758608834991221111380716332231511    -0.78438411644763222949576471894202970143    -0.38130000849590054978735918139960836563    0.010345205249341908173652257080367744323
 -0.049931758608834991221111380716332231511    -0.78438411644763222949576471894202970143    -0.78438411644763222949576471894202970143    0.010345205249341908173652257080367744323
  -0.78438411644763222949576471894202970143    -0.78438411644763222949576471894202970143   -0.049931758608834991221111380716332231511    0.010345205249341908173652257080367744323
  -0.38130000849590054978735918139960836563   -0.049931758608834991221111380716332231511    -0.78438411644763222949576471894202970143    0.010345205249341908173652257080367744323
  -0.78438411644763222949576471894202970143    -0.38130000849590054978735918139960836563   -0.049931758608834991221111380716332231511    0.010345205249341908173652257080367744323
  -0.78438411644763222949576471894202970143   -0.049931758608834991221111380716332231511    -0.78438411644763222949576471894202970143    0.010345205249341908173652257080367744323
  -0.38130000849590054978735918139960836563    -0.78438411644763222949576471894202970143   -0.049931758608834991221111380716332231511    0.010345205249341908173652257080367744323
  -0.78438411644763222949576471894202970143    -0.38130000849590054978735918139960836563    -0.78438411644763222949576471894202970143    0.010345205249341908173652257080367744323
  -0.78438411644763222949576471894202970143    -0.78438411644763222949576471894202970143    -0.38130000849590054978735918139960836563    0.010345205249341908173652257080367744323
  -0.78438411644763222949576471894202970143   -0.049931758608834991221111380716332231511    -0.38130000849590054978735918139960836563    0.010345205249341908173652257080367744323
  -0.38130000849590054978735918139960836563    -0.78438411644763222949576471894202970143    -0.78438411644763222949576471894202970143    0.010345205249341908173652257080367744323
 -0.049931758608834991221111380716332231511    -0.38130000849590054978735918139960836563    -0.78438411644763222949576471894202970143    0.010345205249341908173652257080367744323
   0.44761034441731206650504704737072562746    -0.74797833185003449946909933118592665751    -0.95165368071724306756684838499887231244   0.0039630709263600405088537339664568308812
   0.44761034441731206650504704737072562746    -0.74797833185003449946909933118592665751    -0.74797833185003449946909933118592665751   0.0039630709263600405088537339664568308812
  -0.74797833185003449946909933118592665751    -0.74797833185003449946909933118592665751     0.44761034441731206650504704737072562746   0.0039630709263600405088537339664568308812
  -0.95165368071724306756684838499887231244     0.44761034441731206650504704737072562746    -0.74797833185003449946909933118592665751   0.0039630709263600405088537339664568308812
  -0.74797833185003449946909933118592665751    -0.95165368071724306756684838499887231244     0.44761034441731206650504704737072562746   0.0039630709263600405088537339664568308812
  -0.74797833185003449946909933118592665751     0.44761034441731206650504704737072562746    -0.74797833185003449946909933118592665751   0.0039630709263600405088537339664568308812
  -0.95165368071724306756684838499887231244    -0.74797833185003449946909933118592665751     0.44761034441731206650504704737072562746   0.0039630709263600405088537339664568308812
  -0.74797833185003449946909933118592665751    -0.95165368071724306756684838499887231244    -0.74797833185003449946909933118592665751   0.0039630709263600405088537339664568308812
  -0.74797833185003449946909933118592665751    -0.74797833185003449946909933118592665751    -0.95165368071724306756684838499887231244   0.0039630709263600405088537339664568308812
  -0.74797833185003449946909933118592665751     0.44761034441731206650504704737072562746    -0.95165368071724306756684838499887231244   0.0039630709263600405088537339664568308812
  -0.95165368071724306756684838499887231244    -0.74797833185003449946909933118592665751    -0.74797833185003449946909933118592665751   0.0039630709263600405088537339664568308812
   0.44761034441731206650504704737072562746    -0.95165368071724306756684838499887231244    -0.74797833185003449946909933118592665751   0.0039630709263600405088537339664568308812
   0.28364975252425924498236541556499313531    -0.64318630045077996315070005214470535981    -0.99727715162269931868096531127558241569    0.001166348886251755653317253131229953523
   0.28364975252425924498236541556499313531    -0.64318630045077996315070005214470535981    -0.64318630045077996315070005214470535981    0.001166348886251755653317253131229953523
  -0.64318630045077996315070005214470535981    -0.64318630045077996315070005214470535981     0.28364975252425924498236541556499313531    0.001166348886251755653317253131229953523
  -0.99727715162269931868096531127558241569     0.28364975252425924498236541556499313531    -0.64318630045077996315070005214470535981    0.001166348886251755653317253131229953523
  -0.64318630045077996315070005214470535981    -0.99727715162269931868096531127558241569     0.28364975252425924498236541556499313531    0.001166348886251755653317253131229953523
  -0.64318630045077996315070005214470535981     0.28364975252425924498236541556499313531    -0.64318630045077996315070005214470535981    0.001166348886251755653317253131229953523
  -0.99727715162269931868096531127558241569    -0.64318630045077996315070005214470535981     0.28364975252425924498236541556499313531    0.001166348886251755653317253131229953523
  -0.64318630045077996315070005214470535981    -0.99727715162269931868096531127558241569    -0.64318630045077996315070005214470535981    0.001166348886251755653317253131229953523
  -0.64318630045077996315070005214470535981    -0.64318630045077996315070005214470535981    -0.99727715162269931868096531127558241569    0.001166348886251755653317253131229953523
  -0.64318630045077996315070005214470535981     0.28364975252425924498236541556499313531    -0.99727715162269931868096531127558241569    0.001166348886251755653317253131229953523
  -0.99727715162269931868096531127558241569    -0.64318630045077996315070005214470535981    -0.64318630045077996315070005214470535981    0.001166348886251755653317253131229953523
   0.28364975252425924498236541556499313531    -0.99727715162269931868096531127558241569    -0.64318630045077996315070005214470535981    0.001166348886251755653317253131229953523
   0.13368274312254835001687459893480092677    -0.63708832640842793120443015000672382546    -0.85950609030569248760801429892135327586   0.0086120062262826791937297572397584571135
   0.13368274312254835001687459893480092677    -0.63708832640842793120443015000672382546    -0.63708832640842793120443015000672382546   0.0086120062262826791937297572397584571135
  -0.63708832640842793120443015000672382546    -0.63708832640842793120443015000672382546     0.13368274312254835001687459893480092677   0.0086120062262826791937297572397584571135
  -0.85950609030569248760801429892135327586     0.13368274312254835001687459893480092677    -0.63708832640842793120443015000672382546   0.0086120062262826791937297572397584571135
  -0.63708832640842793120443015000672382546    -0.85950609030569248760801429892135327586     0.13368274312254835001687459893480092677   0.0086120062262826791937297572397584571135
  -0.63708832640842793120443015000672382546     0.13368274312254835001687459893480092677    -0.63708832640842793120443015000672382546   0.0086120062262826791937297572397584571135
  -0.85950609030569248760801429892135327586    -0.63708832640842793120443015000672382546     0.13368274312254835001687459893480092677   0.0086120062262826791937297572397584571135
  -0.63708832640842793120443015000672382546    -0.85950609030569248760801429892135327586    -0.63708832640842793120443015000672382546   0.0086120062262826791937297572397584571135
  -0.63708832640842793120443015000672382546    -0.63708832640842793120443015000672382546    -0.85950609030569248760801429892135327586   0.0086120062262826791937297572397584571135
  -0.63708832640842793120443015000672382546     0.13368274312254835001687459893480092677    -0.85950609030569248760801429892135327586   0.0086120062262826791937297572397584571135
  -0.85950609030569248760801429892135327586    -0.63708832640842793120443015000672382546    -0.63708832640842793120443015000672382546   0.0086120062262826791937297572397584571135
   0.13368274312254835001687459893480092677    -0.85950609030569248760801429892135327586    -0.63708832640842793120443015000672382546   0.0086120062262826791937297572397584571135
  -0.21615388200421880901472118367829854184    -0.51211370304752240213139410230857686896    -0.75961871190073638672249061170454772025    0.010084573448095078118364206664523513775
  -0.21615388200421880901472118367829854184    -0.51211370304752240213139410230857686896    -0.51211370304752240213139410230857686896    0.010084573448095078118364206664523513775
  -0.51211370304752240213139410230857686896    -0.51211370304752240213139410230857686896    -0.21615388200421880901472118367829854184    0.010084573448095078118364206664523513775
  -0.75961871190073638672249061170454772025    -0.21615388200421880901472118367829854184    -0.51211370304752240213139410230857686896    0.010084573448095078118364206664523513775
  -0.51211370304752240213139410230857686896    -0.75961871190073638672249061170454772025    -0.21615388200421880901472118367829854184    0.010084573448095078118364206664523513775
  -0.51211370304752240213139410230857686896    -0.21615388200421880901472118367829854184    -0.51211370304752240213139410230857686896    0.010084573448095078118364206664523513775
  -0.75961871190073638672249061170454772025    -0.51211370304752240213139410230857686896    -0.21615388200421880901472118367829854184    0.010084573448095078118364206664523513775
  -0.51211370304752240213139410230857686896    -0.75961871190073638672249061170454772025    -0.51211370304752240213139410230857686896    0.010084573448095078118364206664523513775
  -0.51211370304752240213139410230857686896    -0.51211370304752240213139410230857686896    -0.75961871190073638672249061170454772025    0.010084573448095078118364206664523513775
  -0.51211370304752240213139410230857686896    -0.21615388200421880901472118367829854184    -0.75961871190073638672249061170454772025    0.010084573448095078118364206664523513775
  -0.75961871190073638672249061170454772025    -0.51211370304752240213139410230857686896    -0.51211370304752240213139410230857686896    0.010084573448095078118364206664523513775
  -0.21615388200421880901472118367829854184    -0.75961871190073638672249061170454772025    -0.51211370304752240213139410230857686896    0.010084573448095078118364206664523513775
 -0.040887803244449985422041630143155979438    -0.49059260434216960490239045569550046923     -0.9779269880712108047731774584658430821   0.0032429058015748126361528986179038987514
 -0.040887803244449985422041630143155979438    -0.49059260434216960490239045569550046923    -0.49059260434216960490239045569550046923   0.0032429058015748126361528986179038987514
  -0.49059260434216960490239045569550046923    -0.49059260434216960490239045569550046923   -0.040887803244449985422041630143155979438   0.0032429058015748126361528986179038987514
   -0.9779269880712108047731774584658430821   -0.040887803244449985422041630143155979438    -0.49059260434216960490239045569550046923   0.0032429058015748126361528986179038987514
  -0.49059260434216960490239045569550046923     -0.9779269880712108047731774584658430821   -0.040887803244449985422041630143155979438   0.0032429058015748126361528986179038987514
  -0.49059260434216960490239045569550046923   -0.040887803244449985422041630143155979438    -0.49059260434216960490239045569550046923   0.0032429058015748126361528986179038987514
   -0.9779269880712108047731774584658430821    -0.49059260434216960490239045569550046923   -0.040887803244449985422041630143155979438   0.0032429058015748126361528986179038987514
  -0.49059260434216960490239045569550046923     -0.9779269880712108047731774584658430821    -0.49059260434216960490239045569550046923   0.0032429058015748126361528986179038987514
  -0.49059260434216960490239045569550046923    -0.49059260434216960490239045569550046923     -0.9779269880712108047731774584658430821   0.0032429058015748126361528986179038987514
  -0.49059260434216960490239045569550046923   -0.040887803244449985422041630143155979438     -0.9779269880712108047731774584658430821   0.0032429058015748126361528986179038987514
   -0.9779269880712108047731774584658430821    -0.49059260434216960490239045569550046923    -0.49059260434216960490239045569550046923   0.0032429058015748126361528986179038987514
 -0.040887803244449985422041630143155979438     -0.9779269880712108047731774584658430821    -0.49059260434216960490239045569550046923   0.0032429058015748126361528986179038987514
  -0.79624346791284871261437679969338841964    -0.13597710933954445029500076980308981688    -0.93180231340806238679562166070043194661   0.0055590554420089853510157200802583406561
  -0.79624346791284871261437679969338841964    -0.13597710933954445029500076980308981688    -0.13597710933954445029500076980308981688   0.0055590554420089853510157200802583406561
  -0.13597710933954445029500076980308981688    -0.13597710933954445029500076980308981688    -0.79624346791284871261437679969338841964   0.0055590554420089853510157200802583406561
  -0.93180231340806238679562166070043194661    -0.79624346791284871261437679969338841964    -0.13597710933954445029500076980308981688   0.0055590554420089853510157200802583406561
  -0.13597710933954445029500076980308981688    -0.93180231340806238679562166070043194661    -0.79624346791284871261437679969338841964   0.0055590554420089853510157200802583406561
  -0.13597710933954445029500076980308981688    -0.79624346791284871261437679969338841964    -0.13597710933954445029500076980308981688   0.0055590554420089853510157200802583406561
  -0.93180231340806238679562166070043194661    -0.13597710933954445029500076980308981688    -0.79624346791284871261437679969338841964   0.0055590554420089853510157200802583406561
  -0.13597710933954445029500076980308981688    -0.93180231340806238679562166070043194661    -0.13597710933954445029500076980308981688   0.0055590554420089853510157200802583406561
  -0.13597710933954445029500076980308981688    -0.13597710933954445029500076980308981688    -0.93180231340806238679562166070043194661   0.0055590554420089853510157200802583406561
  -0.13597710933954445029500076980308981688    -0.79624346791284871261437679969338841964    -0.93180231340806238679562166070043194661   0.0055590554420089853510157200802583406561
  -0.93180231340806238679562166070043194661    -0.13597710933954445029500076980308981688    -0.13597710933954445029500076980308981688   0.0055590554420089853510157200802583406561
  -0.79624346791284871261437679969338841964    -0.93180231340806238679562166070043194661    -0.13597710933954445029500076980308981688   0.0055590554420089853510157200802583406561
   0.68379231130331649942239443845490613784    -0.88843408121845101799277632494309514867    -0.99536400295251980641274194987872056405  0.00057279931912763002588422340894944586132
  -0.88843408121845101799277632494309514867    -0.99536400295251980641274194987872056405     0.68379231130331649942239443845490613784  0.00057279931912763002588422340894944586132
  -0.88843408121845101799277632494309514867     0.68379231130331649942239443845490613784    -0.99536400295251980641274194987872056405  0.00057279931912763002588422340894944586132
  -0.99536400295251980641274194987872056405     0.68379231130331649942239443845490613784    -0.79999422713234567501687616363309042513  0.00057279931912763002588422340894944586132
  -0.99536400295251980641274194987872056405     0.68379231130331649942239443845490613784    -0.88843408121845101799277632494309514867  0.00057279931912763002588422340894944586132
  -0.79999422713234567501687616363309042513     0.68379231130331649942239443845490613784    -0.99536400295251980641274194987872056405  0.00057279931912763002588422340894944586132
  -0.99536400295251980641274194987872056405    -0.88843408121845101799277632494309514867    -0.79999422713234567501687616363309042513  0.00057279931912763002588422340894944586132
  -0.99536400295251980641274194987872056405    -0.79999422713234567501687616363309042513     0.68379231130331649942239443845490613784  0.00057279931912763002588422340894944586132
  -0.79999422713234567501687616363309042513    -0.88843408121845101799277632494309514867    -0.99536400295251980641274194987872056405  0.00057279931912763002588422340894944586132
   0.68379231130331649942239443845490613784    -0.88843408121845101799277632494309514867    -0.79999422713234567501687616363309042513  0.00057279931912763002588422340894944586132
  -0.79999422713234567501687616363309042513     0.68379231130331649942239443845490613784    -0.88843408121845101799277632494309514867  0.00057279931912763002588422340894944586132
  -0.99536400295251980641274194987872056405    -0.88843408121845101799277632494309514867     0.68379231130331649942239443845490613784  0.00057279931912763002588422340894944586132
  -0.79999422713234567501687616363309042513    -0.88843408121845101799277632494309514867     0.68379231130331649942239443845490613784  0.00057279931912763002588422340894944586132
   0.68379231130331649942239443845490613784    -0.79999422713234567501687616363309042513    -0.99536400295251980641274194987872056405  0.00057279931912763002588422340894944586132
  -0.99536400295251980641274194987872056405    -0.79999422713234567501687616363309042513    -0.88843408121845101799277632494309514867  0.00057279931912763002588422340894944586132
  -0.88843408121845101799277632494309514867    -0.79999422713234567501687616363309042513    -0.99536400295251980641274194987872056405  0.00057279931912763002588422340894944586132
   0.68379231130331649942239443845490613784    -0.79999422713234567501687616363309042513    -0.88843408121845101799277632494309514867  0.00057279931912763002588422340894944586132
  -0.88843408121845101799277632494309514867    -0.79999422713234567501687616363309042513     0.68379231130331649942239443845490613784  0.00057279931912763002588422340894944586132
  -0.88843408121845101799277632494309514867     0.68379231130331649942239443845490613784    -0.79999422713234567501687616363309042513  0.00057279931912763002588422340894944586132
  -0.79999422713234567501687616363309042513    -0.99536400295251980641274194987872056405     0.68379231130331649942239443845490613784  0.00057279931912763002588422340894944586132
   0.68379231130331649942239443845490613784    -0.99536400295251980641274194987872056405    -0.79999422713234567501687616363309042513  0.00057279931912763002588422340894944586132
   0.68379231130331649942239443845490613784    -0.99536400295251980641274194987872056405    -0.88843408121845101799277632494309514867  0.00057279931912763002588422340894944586132
  -0.88843408121845101799277632494309514867    -0.99536400295251980641274194987872056405    -0.79999422713234567501687616363309042513  0.00057279931912763002588422340894944586132
  -0.79999422713234567501687616363309042513    -0.99536400295251980641274194987872056405    -0.88843408121845101799277632494309514867  0.00057279931912763002588422340894944586132
  -0.10828709216915700414347410265244940317    -0.64522350408408123903137855058208660681    -0.99310118079825382015308281973970905288   0.0013409006058031623903823491344017868115
  -0.64522350408408123903137855058208660681    -0.99310118079825382015308281973970905288    -0.10828709216915700414347410265244940317   0.0013409006058031623903823491344017868115
  -0.64522350408408123903137855058208660681    -0.10828709216915700414347410265244940317    -0.99310118079825382015308281973970905288   0.0013409006058031623903823491344017868115
  -0.99310118079825382015308281973970905288    -0.10828709216915700414347410265244940317    -0.25338822294850793667206452702575493713   0.0013409006058031623903823491344017868115
  -0.99310118079825382015308281973970905288    -0.10828709216915700414347410265244940317    -0.64522350408408123903137855058208660681   0.0013409006058031623903823491344017868115
  -0.25338822294850793667206452702575493713    -0.10828709216915700414347410265244940317    -0.99310118079825382015308281973970905288   0.0013409006058031623903823491344017868115
  -0.99310118079825382015308281973970905288    -0.64522350408408123903137855058208660681    -0.25338822294850793667206452702575493713   0.0013409006058031623903823491344017868115
  -0.99310118079825382015308281973970905288    -0.25338822294850793667206452702575493713    -0.10828709216915700414347410265244940317   0.0013409006058031623903823491344017868115
  -0.25338822294850793667206452702575493713    -0.64522350408408123903137855058208660681    -0.99310118079825382015308281973970905288   0.0013409006058031623903823491344017868115
  -0.10828709216915700414347410265244940317    -0.64522350408408123903137855058208660681    -0.25338822294850793667206452702575493713   0.0013409006058031623903823491344017868115
  -0.25338822294850793667206452702575493713    -0.10828709216915700414347410265244940317    -0.64522350408408123903137855058208660681   0.0013409006058031623903823491344017868115
  -0.99310118079825382015308281973970905288    -0.64522350408408123903137855058208660681    -0.10828709216915700414347410265244940317   0.0013409006058031623903823491344017868115
  -0.25338822294850793667206452702575493713    -0.64522350408408123903137855058208660681    -0.10828709216915700414347410265244940317   0.0013409006058031623903823491344017868115
  -0.10828709216915700414347410265244940317    -0.25338822294850793667206452702575493713    -0.99310118079825382015308281973970905288   0.0013409006058031623903823491344017868115
  -0.99310118079825382015308281973970905288    -0.25338822294850793667206452702575493713    -0.64522350408408123903137855058208660681   0.0013409006058031623903823491344017868115
  -0.64522350408408123903137855058208660681    -0.25338822294850793667206452702575493713    -0.99310118079825382015308281973970905288   0.0013409006058031623903823491344017868115
  -0.10828709216915700414347410265244940317    -0.25338822294850793667206452702575493713    -0.64522350408408123903137855058208660681   0.0013409006058031623903823491344017868115
  -0.64522350408408123903137855058208660681    -0.25338822294850793667206452702575493713    -0.10828709216915700414347410265244940317   0.0013409006058031623903823491344017868115
  -0.64522350408408123903137855058208660681    -0.10828709216915700414347410265244940317    -0.25338822294850793667206452702575493713   0.0013409006058031623903823491344017868115
  -0.25338822294850793667206452702575493713    -0.99310118079825382015308281973970905288    -0.10828709216915700414347410265244940317   0.0013409006058031623903823491344017868115
  -0.10828709216915700414347410265244940317    -0.99310118079825382015308281973970905288    -0.25338822294850793667206452702575493713   0.0013409006058031623903823491344017868115
  -0.10828709216915700414347410265244940317    -0.99310118079825382015308281973970905288    -0.64522350408408123903137855058208660681   0.0013409006058031623903823491344017868115
  -0.64522350408408123903137855058208660681    -0.99310118079825382015308281973970905288    -0.25338822294850793667206452702575493713   0.0013409006058031623903823491344017868115
  -0.25338822294850793667206452702575493713    -0.99310118079825382015308281973970905288    -0.64522350408408123903137855058208660681   0.0013409006058031623903823491344017868115
   0.10557216632965771674001997535989334758    -0.86568465090419673754457320526292183892    -0.99206335476517291971323807793750101567   0.0015026912103607688369335903359100466229
  -0.86568465090419673754457320526292183892    -0.99206335476517291971323807793750101567     0.10557216632965771674001997535989334758   0.0015026912103607688369335903359100466229
  -0.86568465090419673754457320526292183892     0.10557216632965771674001997535989334758    -0.99206335476517291971323807793750101567   0.0015026912103607688369335903359100466229
  -0.99206335476517291971323807793750101567     0.10557216632965771674001997535989334758    -0.24782416066028805948220869215947049299   0.0015026912103607688369335903359100466229
  -0.99206335476517291971323807793750101567     0.10557216632965771674001997535989334758    -0.86568465090419673754457320526292183892   0.0015026912103607688369335903359100466229
  -0.24782416066028805948220869215947049299     0.10557216632965771674001997535989334758    -0.99206335476517291971323807793750101567   0.0015026912103607688369335903359100466229
  -0.99206335476517291971323807793750101567    -0.86568465090419673754457320526292183892    -0.24782416066028805948220869215947049299   0.0015026912103607688369335903359100466229
  -0.99206335476517291971323807793750101567    -0.24782416066028805948220869215947049299     0.10557216632965771674001997535989334758   0.0015026912103607688369335903359100466229
  -0.24782416066028805948220869215947049299    -0.86568465090419673754457320526292183892    -0.99206335476517291971323807793750101567   0.0015026912103607688369335903359100466229
   0.10557216632965771674001997535989334758    -0.86568465090419673754457320526292183892    -0.24782416066028805948220869215947049299   0.0015026912103607688369335903359100466229
  -0.24782416066028805948220869215947049299     0.10557216632965771674001997535989334758    -0.86568465090419673754457320526292183892   0.0015026912103607688369335903359100466229
  -0.99206335476517291971323807793750101567    -0.86568465090419673754457320526292183892     0.10557216632965771674001997535989334758   0.0015026912103607688369335903359100466229
  -0.24782416066028805948220869215947049299    -0.86568465090419673754457320526292183892     0.10557216632965771674001997535989334758   0.0015026912103607688369335903359100466229
   0.10557216632965771674001997535989334758    -0.24782416066028805948220869215947049299    -0.99206335476517291971323807793750101567   0.0015026912103607688369335903359100466229
  -0.99206335476517291971323807793750101567    -0.24782416066028805948220869215947049299    -0.86568465090419673754457320526292183892   0.0015026912103607688369335903359100466229
  -0.86568465090419673754457320526292183892    -0.24782416066028805948220869215947049299    -0.99206335476517291971323807793750101567   0.0015026912103607688369335903359100466229
   0.10557216632965771674001997535989334758    -0.24782416066028805948220869215947049299    -0.86568465090419673754457320526292183892   0.0015026912103607688369335903359100466229
  -0.86568465090419673754457320526292183892    -0.24782416066028805948220869215947049299     0.10557216632965771674001997535989334758   0.0015026912103607688369335903359100466229
  -0.86568465090419673754457320526292183892     0.10557216632965771674001997535989334758    -0.24782416066028805948220869215947049299   0.0015026912103607688369335903359100466229
  -0.24782416066028805948220869215947049299    -0.99206335476517291971323807793750101567     0.10557216632965771674001997535989334758   0.0015026912103607688369335903359100466229
   0.10557216632965771674001997535989334758    -0.99206335476517291971323807793750101567    -0.24782416066028805948220869215947049299   0.0015026912103607688369335903359100466229
   0.10557216632965771674001997535989334758    -0.99206335476517291971323807793750101567    -0.86568465090419673754457320526292183892   0.0015026912103607688369335903359100466229
  -0.86568465090419673754457320526292183892    -0.99206335476517291971323807793750101567    -0.24782416066028805948220869215947049299   0.0015026912103607688369335903359100466229
  -0.24782416066028805948220869215947049299    -0.99206335476517291971323807793750101567    -0.86568465090419673754457320526292183892   0.0015026912103607688369335903359100466229
   0.42487074551475675641264538485945142494    -0.87635812502656848739800840384693106488    -0.98239316846737999539864892381891251716   0.0018142325207084814302597183950285004671
  -0.87635812502656848739800840384693106488    -0.98239316846737999539864892381891251716     0.42487074551475675641264538485945142494   0.0018142325207084814302597183950285004671
  -0.87635812502656848739800840384693106488     0.42487074551475675641264538485945142494    -0.98239316846737999539864892381891251716   0.0018142325207084814302597183950285004671
  -0.98239316846737999539864892381891251716     0.42487074551475675641264538485945142494    -0.56611945202080827361598805719360784289   0.0018142325207084814302597183950285004671
  -0.98239316846737999539864892381891251716     0.42487074551475675641264538485945142494    -0.87635812502656848739800840384693106488   0.0018142325207084814302597183950285004671
  -0.56611945202080827361598805719360784289     0.42487074551475675641264538485945142494    -0.98239316846737999539864892381891251716   0.0018142325207084814302597183950285004671
  -0.98239316846737999539864892381891251716    -0.87635812502656848739800840384693106488    -0.56611945202080827361598805719360784289   0.0018142325207084814302597183950285004671
  -0.98239316846737999539864892381891251716    -0.56611945202080827361598805719360784289     0.42487074551475675641264538485945142494   0.0018142325207084814302597183950285004671
  -0.56611945202080827361598805719360784289    -0.87635812502656848739800840384693106488    -0.98239316846737999539864892381891251716   0.0018142325207084814302597183950285004671
   0.42487074551475675641264538485945142494    -0.87635812502656848739800840384693106488    -0.56611945202080827361598805719360784289   0.0018142325207084814302597183950285004671
  -0.56611945202080827361598805719360784289     0.42487074551475675641264538485945142494    -0.87635812502656848739800840384693106488   0.0018142325207084814302597183950285004671
  -0.98239316846737999539864892381891251716    -0.87635812502656848739800840384693106488     0.42487074551475675641264538485945142494   0.0018142325207084814302597183950285004671
  -0.56611945202080827361598805719360784289    -0.87635812502656848739800840384693106488     0.42487074551475675641264538485945142494   0.0018142325207084814302597183950285004671
   0.42487074551475675641264538485945142494    -0.56611945202080827361598805719360784289    -0.98239316846737999539864892381891251716   0.0018142325207084814302597183950285004671
  -0.98239316846737999539864892381891251716    -0.56611945202080827361598805719360784289    -0.87635812502656848739800840384693106488   0.0018142325207084814302597183950285004671
  -0.87635812502656848739800840384693106488    -0.56611945202080827361598805719360784289    -0.98239316846737999539864892381891251716   0.0018142325207084814302597183950285004671
   0.42487074551475675641264538485945142494    -0.56611945202080827361598805719360784289    -0.87635812502656848739800840384693106488   0.0018142325207084814302597183950285004671
  -0.87635812502656848739800840384693106488    -0.56611945202080827361598805719360784289     0.42487074551475675641264538485945142494   0.0018142325207084814302597183950285004671
  -0.87635812502656848739800840384693106488     0.42487074551475675641264538485945142494    -0.56611945202080827361598805719360784289   0.0018142325207084814302597183950285004671
  -0.56611945202080827361598805719360784289    -0.98239316846737999539864892381891251716     0.42487074551475675641264538485945142494   0.0018142325207084814302597183950285004671
   0.42487074551475675641264538485945142494    -0.98239316846737999539864892381891251716    -0.56611945202080827361598805719360784289   0.0018142325207084814302597183950285004671
   0.42487074551475675641264538485945142494    -0.98239316846737999539864892381891251716    -0.87635812502656848739800840384693106488   0.0018142325207084814302597183950285004671
  -0.87635812502656848739800840384693106488    -0.98239316846737999539864892381891251716    -0.56611945202080827361598805719360784289   0.0018142325207084814302597183950285004671
  -0.56611945202080827361598805719360784289    -0.98239316846737999539864892381891251716    -0.87635812502656848739800840384693106488   0.0018142325207084814302597183950285004671
   0.15228501043109027062249843671516898724    -0.73505624357018317921869035280490530447    -0.95786008410943698182687437742653099336   0.0047180511710048897734426021404768860537
  -0.73505624357018317921869035280490530447    -0.95786008410943698182687437742653099336     0.15228501043109027062249843671516898724   0.0047180511710048897734426021404768860537
  -0.73505624357018317921869035280490530447     0.15228501043109027062249843671516898724    -0.95786008410943698182687437742653099336   0.0047180511710048897734426021404768860537
  -0.95786008410943698182687437742653099336     0.15228501043109027062249843671516898724     -0.4593686827514701095769337064837326894   0.0047180511710048897734426021404768860537
  -0.95786008410943698182687437742653099336     0.15228501043109027062249843671516898724    -0.73505624357018317921869035280490530447   0.0047180511710048897734426021404768860537
   -0.4593686827514701095769337064837326894     0.15228501043109027062249843671516898724    -0.95786008410943698182687437742653099336   0.0047180511710048897734426021404768860537
  -0.95786008410943698182687437742653099336    -0.73505624357018317921869035280490530447     -0.4593686827514701095769337064837326894   0.0047180511710048897734426021404768860537
  -0.95786008410943698182687437742653099336     -0.4593686827514701095769337064837326894     0.15228501043109027062249843671516898724   0.0047180511710048897734426021404768860537
   -0.4593686827514701095769337064837326894    -0.73505624357018317921869035280490530447    -0.95786008410943698182687437742653099336   0.0047180511710048897734426021404768860537
   0.15228501043109027062249843671516898724    -0.73505624357018317921869035280490530447     -0.4593686827514701095769337064837326894   0.0047180511710048897734426021404768860537
   -0.4593686827514701095769337064837326894     0.15228501043109027062249843671516898724    -0.73505624357018317921869035280490530447   0.0047180511710048897734426021404768860537
  -0.95786008410943698182687437742653099336    -0.73505624357018317921869035280490530447     0.15228501043109027062249843671516898724   0.0047180511710048897734426021404768860537
   -0.4593686827514701095769337064837326894    -0.73505624357018317921869035280490530447     0.15228501043109027062249843671516898724   0.0047180511710048897734426021404768860537
   0.15228501043109027062249843671516898724     -0.4593686827514701095769337064837326894    -0.95786008410943698182687437742653099336   0.0047180511710048897734426021404768860537
  -0.95786008410943698182687437742653099336     -0.4593686827514701095769337064837326894    -0.73505624357018317921869035280490530447   0.0047180511710048897734426021404768860537
  -0.73505624357018317921869035280490530447     -0.4593686827514701095769337064837326894    -0.95786008410943698182687437742653099336   0.0047180511710048897734426021404768860537
   0.15228501043109027062249843671516898724     -0.4593686827514701095769337064837326894    -0.73505624357018317921869035280490530447   0.0047180511710048897734426021404768860537
  -0.73505624357018317921869035280490530447     -0.4593686827514701095769337064837326894     0.15228501043109027062249843671516898724   0.0047180511710048897734426021404768860537
  -0.73505624357018317921869035280490530447     0.15228501043109027062249843671516898724     -0.4593686827514701095769337064837326894   0.0047180511710048897734426021404768860537
   -0.4593686827514701095769337064837326894    -0.95786008410943698182687437742653099336     0.15228501043109027062249843671516898724   0.0047180511710048897734426021404768860537
   0.15228501043109027062249843671516898724    -0.95786008410943698182687437742653099336     -0.4593686827514701095769337064837326894   0.0047180511710048897734426021404768860537
   0.15228501043109027062249843671516898724    -0.95786008410943698182687437742653099336    -0.73505624357018317921869035280490530447   0.0047180511710048897734426021404768860537
  -0.73505624357018317921869035280490530447    -0.95786008410943698182687437742653099336     -0.4593686827514701095769337064837326894   0.0047180511710048897734426021404768860537
   -0.4593686827514701095769337064837326894    -0.95786008410943698182687437742653099336    -0.73505624357018317921869035280490530447   0.0047180511710048897734426021404768860537
  -0.13491327738551115088087896468247571029    -0.60290724756210269905819007010439459691     -0.9000649749914270363843070420907623051   0.0068405699936610617712760178118365103892
  -0.60290724756210269905819007010439459691     -0.9000649749914270363843070420907623051    -0.13491327738551115088087896468247571029   0.0068405699936610617712760178118365103892
  -0.60290724756210269905819007010439459691    -0.13491327738551115088087896468247571029     -0.9000649749914270363843070420907623051   0.0068405699936610617712760178118365103892
   -0.9000649749914270363843070420907623051    -0.13491327738551115088087896468247571029     -0.3621145000609591136766239231223673877   0.0068405699936610617712760178118365103892
   -0.9000649749914270363843070420907623051    -0.13491327738551115088087896468247571029    -0.60290724756210269905819007010439459691   0.0068405699936610617712760178118365103892
   -0.3621145000609591136766239231223673877    -0.13491327738551115088087896468247571029     -0.9000649749914270363843070420907623051   0.0068405699936610617712760178118365103892
   -0.9000649749914270363843070420907623051    -0.60290724756210269905819007010439459691     -0.3621145000609591136766239231223673877   0.0068405699936610617712760178118365103892
   -0.9000649749914270363843070420907623051     -0.3621145000609591136766239231223673877    -0.13491327738551115088087896468247571029   0.0068405699936610617712760178118365103892
   -0.3621145000609591136766239231223673877    -0.60290724756210269905819007010439459691     -0.9000649749914270363843070420907623051   0.0068405699936610617712760178118365103892
  -0.13491327738551115088087896468247571029    -0.60290724756210269905819007010439459691     -0.3621145000609591136766239231223673877   0.0068405699936610617712760178118365103892
   -0.3621145000609591136766239231223673877    -0.13491327738551115088087896468247571029    -0.60290724756210269905819007010439459691   0.0068405699936610617712760178118365103892
   -0.9000649749914270363843070420907623051    -0.60290724756210269905819007010439459691    -0.13491327738551115088087896468247571029   0.0068405699936610617712760178118365103892
   -0.3621145000609591136766239231223673877    -0.60290724756210269905819007010439459691    -0.13491327738551115088087896468247571029   0.0068405699936610617712760178118365103892
  -0.13491327738551115088087896468247571029     -0.3621145000609591136766239231223673877     -0.9000649749914270363843070420907623051   0.0068405699936610617712760178118365103892
   -0.9000649749914270363843070420907623051     -0.3621145000609591136766239231223673877    -0.60290724756210269905819007010439459691   0.0068405699936610617712760178118365103892
  -0.60290724756210269905819007010439459691     -0.3621145000609591136766239231223673877     -0.9000649749914270363843070420907623051   0.0068405699936610617712760178118365103892
  -0.13491327738551115088087896468247571029     -0.3621145000609591136766239231223673877    -0.60290724756210269905819007010439459691   0.0068405699936610617712760178118365103892
  -0.60290724756210269905819007010439459691     -0.3621145000609591136766239231223673877    -0.13491327738551115088087896468247571029   0.0068405699936610617712760178118365103892
  -0.60290724756210269905819007010439459691    -0.13491327738551115088087896468247571029     -0.3621145000609591136766239231223673877   0.0068405699936610617712760178118365103892
   -0.3621145000609591136766239231223673877     -0.9000649749914270363843070420907623051    -0.13491327738551115088087896468247571029   0.0068405699936610617712760178118365103892
  -0.13491327738551115088087896468247571029     -0.9000649749914270363843070420907623051     -0.3621145000609591136766239231223673877   0.0068405699936610617712760178118365103892
  -0.13491327738551115088087896468247571029     -0.9000649749914270363843070420907623051    -0.60290724756210269905819007010439459691   0.0068405699936610617712760178118365103892
  -0.60290724756210269905819007010439459691     -0.9000649749914270363843070420907623051     -0.3621145000609591136766239231223673877   0.0068405699936610617712760178118365103892
   -0.3621145000609591136766239231223673877     -0.9000649749914270363843070420907623051    -0.60290724756210269905819007010439459691   0.0068405699936610617712760178118365103892

