-0.91865208293077729376884110208717988144  -0.91865208293077729376884110208717988144   0.75595624879233188130652330626153964433  0.013436281407094190597350983261249151023
-0.91865208293077729376884110208717988144   0.75595624879233188130652330626153964433  -0.91865208293077729376884110208717988144  0.013436281407094190597350983261249151023
 0.75595624879233188130652330626153964433  -0.91865208293077729376884110208717988144  -0.91865208293077729376884110208717988144  0.013436281407094190597350983261249151023
-0.91865208293077729376884110208717988144  -0.91865208293077729376884110208717988144  -0.91865208293077729376884110208717988144  0.013436281407094190597350983261249151023
-0.35532421971544897931201105847501574951  -0.35532421971544897931201105847501574951  -0.93402734085365306206396682457495275146  0.073809575391539629460204370471634688549
-0.35532421971544897931201105847501574951  -0.93402734085365306206396682457495275146  -0.35532421971544897931201105847501574951  0.073809575391539629460204370471634688549
-0.93402734085365306206396682457495275146  -0.35532421971544897931201105847501574951  -0.35532421971544897931201105847501574951  0.073809575391539629460204370471634688549
-0.35532421971544897931201105847501574951  -0.35532421971544897931201105847501574951  -0.35532421971544897931201105847501574951  0.073809575391539629460204370471634688549
 -0.5707942574816959414223215612274300172   -0.5707942574816959414223215612274300172  -0.28761722755491217573303531631770994839  0.053230333677556656132920836743306636618
 -0.5707942574816959414223215612274300172  -0.28761722755491217573303531631770994839   -0.5707942574816959414223215612274300172  0.053230333677556656132920836743306636618
-0.28761722755491217573303531631770994839   -0.5707942574816959414223215612274300172   -0.5707942574816959414223215612274300172  0.053230333677556656132920836743306636618
 -0.5707942574816959414223215612274300172   -0.5707942574816959414223215612274300172   -0.5707942574816959414223215612274300172  0.053230333677556656132920836743306636618
 0.20601132958329828273486227812187937257  -0.87267799624996494940152894478854603924  -0.46065533708336838393180438854478729409  0.064285714285714285714285714285714285714
 0.20601132958329828273486227812187937257  -0.87267799624996494940152894478854603924  -0.87267799624996494940152894478854603924  0.064285714285714285714285714285714285714
-0.87267799624996494940152894478854603924  -0.87267799624996494940152894478854603924   0.20601132958329828273486227812187937257  0.064285714285714285714285714285714285714
-0.46065533708336838393180438854478729409   0.20601132958329828273486227812187937257  -0.87267799624996494940152894478854603924  0.064285714285714285714285714285714285714
-0.87267799624996494940152894478854603924  -0.46065533708336838393180438854478729409   0.20601132958329828273486227812187937257  0.064285714285714285714285714285714285714
-0.87267799624996494940152894478854603924   0.20601132958329828273486227812187937257  -0.87267799624996494940152894478854603924  0.064285714285714285714285714285714285714
-0.46065533708336838393180438854478729409  -0.87267799624996494940152894478854603924   0.20601132958329828273486227812187937257  0.064285714285714285714285714285714285714
-0.87267799624996494940152894478854603924  -0.46065533708336838393180438854478729409  -0.87267799624996494940152894478854603924  0.064285714285714285714285714285714285714
-0.87267799624996494940152894478854603924  -0.87267799624996494940152894478854603924  -0.46065533708336838393180438854478729409  0.064285714285714285714285714285714285714
-0.87267799624996494940152894478854603924   0.20601132958329828273486227812187937257  -0.46065533708336838393180438854478729409  0.064285714285714285714285714285714285714
-0.46065533708336838393180438854478729409  -0.87267799624996494940152894478854603924  -0.87267799624996494940152894478854603924  0.064285714285714285714285714285714285714
 0.20601132958329828273486227812187937257  -0.46065533708336838393180438854478729409  -0.87267799624996494940152894478854603924  0.064285714285714285714285714285714285714
