   -0.94569455858653590003600913027785898985     -0.94569455858653590003600913027785898985      0.83708367575960770010802739083357696955    0.0026460401422955318894463894118357981789
   -0.94569455858653590003600913027785898985      0.83708367575960770010802739083357696955     -0.94569455858653590003600913027785898985    0.0026460401422955318894463894118357981789
    0.83708367575960770010802739083357696955     -0.94569455858653590003600913027785898985     -0.94569455858653590003600913027785898985    0.0026460401422955318894463894118357981789
   -0.94569455858653590003600913027785898985     -0.94569455858653590003600913027785898985     -0.94569455858653590003600913027785898985    0.0026460401422955318894463894118357981789
   -0.85409727790748583875323712146100266871     -0.85409727790748583875323712146100266871      0.56229183372245751625971136438300800613      0.01021795698200435977366480106806543565
   -0.85409727790748583875323712146100266871      0.56229183372245751625971136438300800613     -0.85409727790748583875323712146100266871      0.01021795698200435977366480106806543565
    0.56229183372245751625971136438300800613     -0.85409727790748583875323712146100266871     -0.85409727790748583875323712146100266871      0.01021795698200435977366480106806543565
   -0.85409727790748583875323712146100266871     -0.85409727790748583875323712146100266871     -0.85409727790748583875323712146100266871      0.01021795698200435977366480106806543565
    -0.7673875021959979364080105705091621315      -0.7673875021959979364080105705091621315       0.3021625065879938092240317115274863945     0.017775667222558223941004000555304246196
    -0.7673875021959979364080105705091621315       0.3021625065879938092240317115274863945      -0.7673875021959979364080105705091621315     0.017775667222558223941004000555304246196
     0.3021625065879938092240317115274863945      -0.7673875021959979364080105705091621315      -0.7673875021959979364080105705091621315     0.017775667222558223941004000555304246196
    -0.7673875021959979364080105705091621315      -0.7673875021959979364080105705091621315      -0.7673875021959979364080105705091621315     0.017775667222558223941004000555304246196
   -0.64025239002780435237407448163386960777     -0.64025239002780435237407448163386960777    -0.079242829916586942877776555098391176704     0.028443953983289690372080368829815977141
   -0.64025239002780435237407448163386960777    -0.079242829916586942877776555098391176704     -0.64025239002780435237407448163386960777     0.028443953983289690372080368829815977141
  -0.079242829916586942877776555098391176704     -0.64025239002780435237407448163386960777     -0.64025239002780435237407448163386960777     0.028443953983289690372080368829815977141
   -0.64025239002780435237407448163386960777     -0.64025239002780435237407448163386960777     -0.64025239002780435237407448163386960777     0.028443953983289690372080368829815977141
   -0.41955041027536966756860488559142391516     -0.41955041027536966756860488559142391516     -0.74134876917389099729418534322572825451     0.034221392888397697792715659750948833136
   -0.41955041027536966756860488559142391516     -0.74134876917389099729418534322572825451     -0.41955041027536966756860488559142391516     0.034221392888397697792715659750948833136
   -0.74134876917389099729418534322572825451     -0.41955041027536966756860488559142391516     -0.41955041027536966756860488559142391516     0.034221392888397697792715659750948833136
   -0.41955041027536966756860488559142391516     -0.41955041027536966756860488559142391516     -0.41955041027536966756860488559142391516     0.034221392888397697792715659750948833136
   -0.34915812650276184268732540344724916381     -0.34915812650276184268732540344724916381     -0.95252562049171447193802378965825250858     0.018364837246658171544005487065809611355
   -0.34915812650276184268732540344724916381     -0.95252562049171447193802378965825250858     -0.34915812650276184268732540344724916381     0.018364837246658171544005487065809611355
   -0.95252562049171447193802378965825250858     -0.34915812650276184268732540344724916381     -0.34915812650276184268732540344724916381     0.018364837246658171544005487065809611355
   -0.34915812650276184268732540344724916381     -0.34915812650276184268732540344724916381     -0.34915812650276184268732540344724916381     0.018364837246658171544005487065809611355
   -0.99999745009976827682593535686586037396  -2.5499002317231740646431341396260376429e-06  -2.5499002317231740646431341396260376429e-06     0.001561223152478763877370397051662973941
-2.5499002317231740646431341396260376429e-06     -0.99999745009976827682593535686586037396  -2.5499002317231740646431341396260376429e-06     0.001561223152478763877370397051662973941
   -0.99999745009976827682593535686586037396     -0.99999745009976827682593535686586037396  -2.5499002317231740646431341396260376429e-06     0.001561223152478763877370397051662973941
   -0.99999745009976827682593535686586037396  -2.5499002317231740646431341396260376429e-06     -0.99999745009976827682593535686586037396     0.001561223152478763877370397051662973941
-2.5499002317231740646431341396260376429e-06     -0.99999745009976827682593535686586037396     -0.99999745009976827682593535686586037396     0.001561223152478763877370397051662973941
-2.5499002317231740646431341396260376429e-06  -2.5499002317231740646431341396260376429e-06     -0.99999745009976827682593535686586037396     0.001561223152478763877370397051662973941
   -0.78860028568418191794795253455387915782     -0.21139971431581808205204746544612084218     -0.21139971431581808205204746544612084218      0.03310101704242520171551239291433042074
   -0.21139971431581808205204746544612084218     -0.78860028568418191794795253455387915782     -0.21139971431581808205204746544612084218      0.03310101704242520171551239291433042074
   -0.78860028568418191794795253455387915782     -0.78860028568418191794795253455387915782     -0.21139971431581808205204746544612084218      0.03310101704242520171551239291433042074
   -0.78860028568418191794795253455387915782     -0.21139971431581808205204746544612084218     -0.78860028568418191794795253455387915782      0.03310101704242520171551239291433042074
   -0.21139971431581808205204746544612084218     -0.78860028568418191794795253455387915782     -0.78860028568418191794795253455387915782      0.03310101704242520171551239291433042074
   -0.21139971431581808205204746544612084218     -0.21139971431581808205204746544612084218     -0.78860028568418191794795253455387915782      0.03310101704242520171551239291433042074
    0.64040435325960915063433215036091760653     -0.96920117214711746425391330449981269172     -0.70200200896537422212650554136129222309    0.0027529056629464228959782960919378041001
    0.64040435325960915063433215036091760653     -0.96920117214711746425391330449981269172     -0.96920117214711746425391330449981269172    0.0027529056629464228959782960919378041001
   -0.96920117214711746425391330449981269172     -0.96920117214711746425391330449981269172      0.64040435325960915063433215036091760653    0.0027529056629464228959782960919378041001
   -0.70200200896537422212650554136129222309      0.64040435325960915063433215036091760653     -0.96920117214711746425391330449981269172    0.0027529056629464228959782960919378041001
   -0.96920117214711746425391330449981269172     -0.70200200896537422212650554136129222309      0.64040435325960915063433215036091760653    0.0027529056629464228959782960919378041001
   -0.96920117214711746425391330449981269172      0.64040435325960915063433215036091760653     -0.96920117214711746425391330449981269172    0.0027529056629464228959782960919378041001
   -0.70200200896537422212650554136129222309     -0.96920117214711746425391330449981269172      0.64040435325960915063433215036091760653    0.0027529056629464228959782960919378041001
   -0.96920117214711746425391330449981269172     -0.70200200896537422212650554136129222309     -0.96920117214711746425391330449981269172    0.0027529056629464228959782960919378041001
   -0.96920117214711746425391330449981269172     -0.96920117214711746425391330449981269172     -0.70200200896537422212650554136129222309    0.0027529056629464228959782960919378041001
   -0.96920117214711746425391330449981269172      0.64040435325960915063433215036091760653     -0.70200200896537422212650554136129222309    0.0027529056629464228959782960919378041001
   -0.70200200896537422212650554136129222309     -0.96920117214711746425391330449981269172     -0.96920117214711746425391330449981269172    0.0027529056629464228959782960919378041001
    0.64040435325960915063433215036091760653     -0.70200200896537422212650554136129222309     -0.96920117214711746425391330449981269172    0.0027529056629464228959782960919378041001
    0.25503350324451414470078245635148155114     -0.91263134905646137803759953473632456354     -0.42977080513159138862558338687883242406     0.016043271161952476369900916269273169823
    0.25503350324451414470078245635148155114     -0.91263134905646137803759953473632456354     -0.91263134905646137803759953473632456354     0.016043271161952476369900916269273169823
   -0.91263134905646137803759953473632456354     -0.91263134905646137803759953473632456354      0.25503350324451414470078245635148155114     0.016043271161952476369900916269273169823
   -0.42977080513159138862558338687883242406      0.25503350324451414470078245635148155114     -0.91263134905646137803759953473632456354     0.016043271161952476369900916269273169823
   -0.91263134905646137803759953473632456354     -0.42977080513159138862558338687883242406      0.25503350324451414470078245635148155114     0.016043271161952476369900916269273169823
   -0.91263134905646137803759953473632456354      0.25503350324451414470078245635148155114     -0.91263134905646137803759953473632456354     0.016043271161952476369900916269273169823
   -0.42977080513159138862558338687883242406     -0.91263134905646137803759953473632456354      0.25503350324451414470078245635148155114     0.016043271161952476369900916269273169823
   -0.91263134905646137803759953473632456354     -0.42977080513159138862558338687883242406     -0.91263134905646137803759953473632456354     0.016043271161952476369900916269273169823
   -0.91263134905646137803759953473632456354     -0.91263134905646137803759953473632456354     -0.42977080513159138862558338687883242406     0.016043271161952476369900916269273169823
   -0.91263134905646137803759953473632456354      0.25503350324451414470078245635148155114     -0.42977080513159138862558338687883242406     0.016043271161952476369900916269273169823
   -0.42977080513159138862558338687883242406     -0.91263134905646137803759953473632456354     -0.91263134905646137803759953473632456354     0.016043271161952476369900916269273169823
    0.25503350324451414470078245635148155114     -0.42977080513159138862558338687883242406     -0.91263134905646137803759953473632456354     0.016043271161952476369900916269273169823
     0.4707328156692090068002249825889318274     -0.73536640783460454867427653352800770101     -0.99999999999999990945167191553291642538    0.0047372854002488550395317337129472211937
     0.4707328156692090068002249825889318274     -0.73536640783460454867427653352800770101     -0.73536640783460454867427653352800770101    0.0047372854002488550395317337129472211937
   -0.73536640783460454867427653352800770101     -0.73536640783460454867427653352800770101       0.4707328156692090068002249825889318274    0.0047372854002488550395317337129472211937
   -0.99999999999999990945167191553291642538       0.4707328156692090068002249825889318274     -0.73536640783460454867427653352800770101    0.0047372854002488550395317337129472211937
   -0.73536640783460454867427653352800770101     -0.99999999999999990945167191553291642538       0.4707328156692090068002249825889318274    0.0047372854002488550395317337129472211937
   -0.73536640783460454867427653352800770101       0.4707328156692090068002249825889318274     -0.73536640783460454867427653352800770101    0.0047372854002488550395317337129472211937
   -0.99999999999999990945167191553291642538     -0.73536640783460454867427653352800770101       0.4707328156692090068002249825889318274    0.0047372854002488550395317337129472211937
   -0.73536640783460454867427653352800770101     -0.99999999999999990945167191553291642538     -0.73536640783460454867427653352800770101    0.0047372854002488550395317337129472211937
   -0.73536640783460454867427653352800770101     -0.73536640783460454867427653352800770101     -0.99999999999999990945167191553291642538    0.0047372854002488550395317337129472211937
   -0.73536640783460454867427653352800770101       0.4707328156692090068002249825889318274     -0.99999999999999990945167191553291642538    0.0047372854002488550395317337129472211937
   -0.99999999999999990945167191553291642538     -0.73536640783460454867427653352800770101     -0.73536640783460454867427653352800770101    0.0047372854002488550395317337129472211937
     0.4707328156692090068002249825889318274     -0.99999999999999990945167191553291642538     -0.73536640783460454867427653352800770101    0.0047372854002488550395317337129472211937
    0.06319085143847187522145713228481195141     -0.57113929019991225795610833063308066172     -0.92091227103864735930924047101865062798     0.024189895842274075143164037211314400707
    0.06319085143847187522145713228481195141     -0.57113929019991225795610833063308066172     -0.57113929019991225795610833063308066172     0.024189895842274075143164037211314400707
   -0.57113929019991225795610833063308066172     -0.57113929019991225795610833063308066172      0.06319085143847187522145713228481195141     0.024189895842274075143164037211314400707
   -0.92091227103864735930924047101865062798      0.06319085143847187522145713228481195141     -0.57113929019991225795610833063308066172     0.024189895842274075143164037211314400707
   -0.57113929019991225795610833063308066172     -0.92091227103864735930924047101865062798      0.06319085143847187522145713228481195141     0.024189895842274075143164037211314400707
   -0.57113929019991225795610833063308066172      0.06319085143847187522145713228481195141     -0.57113929019991225795610833063308066172     0.024189895842274075143164037211314400707
   -0.92091227103864735930924047101865062798     -0.57113929019991225795610833063308066172      0.06319085143847187522145713228481195141     0.024189895842274075143164037211314400707
   -0.57113929019991225795610833063308066172     -0.92091227103864735930924047101865062798     -0.57113929019991225795610833063308066172     0.024189895842274075143164037211314400707
   -0.57113929019991225795610833063308066172     -0.57113929019991225795610833063308066172     -0.92091227103864735930924047101865062798     0.024189895842274075143164037211314400707
   -0.57113929019991225795610833063308066172      0.06319085143847187522145713228481195141     -0.92091227103864735930924047101865062798     0.024189895842274075143164037211314400707
   -0.92091227103864735930924047101865062798     -0.57113929019991225795610833063308066172     -0.57113929019991225795610833063308066172     0.024189895842274075143164037211314400707
    0.06319085143847187522145713228481195141     -0.92091227103864735930924047101865062798     -0.57113929019991225795610833063308066172     0.024189895842274075143164037211314400707
   -0.76842053431324773997628919568843560144     -0.12082676981229946581961047623134949592     -0.98992592606215332838448985184886540671    0.0088333501245027404284558306153818507286
   -0.76842053431324773997628919568843560144     -0.12082676981229946581961047623134949592     -0.12082676981229946581961047623134949592    0.0088333501245027404284558306153818507286
   -0.12082676981229946581961047623134949592     -0.12082676981229946581961047623134949592     -0.76842053431324773997628919568843560144    0.0088333501245027404284558306153818507286
   -0.98992592606215332838448985184886540671     -0.76842053431324773997628919568843560144     -0.12082676981229946581961047623134949592    0.0088333501245027404284558306153818507286
   -0.12082676981229946581961047623134949592     -0.98992592606215332838448985184886540671     -0.76842053431324773997628919568843560144    0.0088333501245027404284558306153818507286
   -0.12082676981229946581961047623134949592     -0.76842053431324773997628919568843560144     -0.12082676981229946581961047623134949592    0.0088333501245027404284558306153818507286
   -0.98992592606215332838448985184886540671     -0.12082676981229946581961047623134949592     -0.76842053431324773997628919568843560144    0.0088333501245027404284558306153818507286
   -0.12082676981229946581961047623134949592     -0.98992592606215332838448985184886540671     -0.12082676981229946581961047623134949592    0.0088333501245027404284558306153818507286
   -0.12082676981229946581961047623134949592     -0.12082676981229946581961047623134949592     -0.98992592606215332838448985184886540671    0.0088333501245027404284558306153818507286
   -0.12082676981229946581961047623134949592     -0.76842053431324773997628919568843560144     -0.98992592606215332838448985184886540671    0.0088333501245027404284558306153818507286
   -0.98992592606215332838448985184886540671     -0.12082676981229946581961047623134949592     -0.12082676981229946581961047623134949592    0.0088333501245027404284558306153818507286
   -0.76842053431324773997628919568843560144     -0.98992592606215332838448985184886540671     -0.12082676981229946581961047623134949592    0.0088333501245027404284558306153818507286

