  -0.96781857185885115761916585820256954725    -0.96781857185885115761916585820256954725     0.90345571557655347285749757460770864174  0.00060395711531669154297746917238914907977
  -0.96781857185885115761916585820256954725     0.90345571557655347285749757460770864174    -0.96781857185885115761916585820256954725  0.00060395711531669154297746917238914907977
   0.90345571557655347285749757460770864174    -0.96781857185885115761916585820256954725    -0.96781857185885115761916585820256954725  0.00060395711531669154297746917238914907977
  -0.96781857185885115761916585820256954725    -0.96781857185885115761916585820256954725    -0.96781857185885115761916585820256954725  0.00060395711531669154297746917238914907977
  -0.89320433662557762895515252907776823193    -0.89320433662557762895515252907776823193     0.67961300987673288686545758723330469578    0.003994953301042113408001865168894470127
  -0.89320433662557762895515252907776823193     0.67961300987673288686545758723330469578    -0.89320433662557762895515252907776823193    0.003994953301042113408001865168894470127
   0.67961300987673288686545758723330469578    -0.89320433662557762895515252907776823193    -0.89320433662557762895515252907776823193    0.003994953301042113408001865168894470127
  -0.89320433662557762895515252907776823193    -0.89320433662557762895515252907776823193    -0.89320433662557762895515252907776823193    0.003994953301042113408001865168894470127
  -0.76151650764570845281349026068301763198    -0.76151650764570845281349026068301763198     0.28454952293712535844047078204905289595    0.054041450918745244854190654607866219441
  -0.76151650764570845281349026068301763198     0.28454952293712535844047078204905289595    -0.76151650764570845281349026068301763198    0.054041450918745244854190654607866219441
   0.28454952293712535844047078204905289595    -0.76151650764570845281349026068301763198    -0.76151650764570845281349026068301763198    0.054041450918745244854190654607866219441
  -0.76151650764570845281349026068301763198    -0.76151650764570845281349026068301763198    -0.76151650764570845281349026068301763198    0.054041450918745244854190654607866219441
  -0.73826531708363291404780453373575728174    -0.73826531708363291404780453373575728174     0.21479595125089874214341360120727184522   -0.074958686466229775774114241735260750318
  -0.73826531708363291404780453373575728174     0.21479595125089874214341360120727184522    -0.73826531708363291404780453373575728174   -0.074958686466229775774114241735260750318
   0.21479595125089874214341360120727184522    -0.73826531708363291404780453373575728174    -0.73826531708363291404780453373575728174   -0.074958686466229775774114241735260750318
  -0.73826531708363291404780453373575728174    -0.73826531708363291404780453373575728174    -0.73826531708363291404780453373575728174   -0.074958686466229775774114241735260750318
  -0.69903859663323876671123310123271189053    -0.69903859663323876671123310123271189053    0.097115789899716300133699303698135671593    0.051335128000384407499715038465595817849
  -0.69903859663323876671123310123271189053    0.097115789899716300133699303698135671593    -0.69903859663323876671123310123271189053    0.051335128000384407499715038465595817849
  0.097115789899716300133699303698135671593    -0.69903859663323876671123310123271189053    -0.69903859663323876671123310123271189053    0.051335128000384407499715038465595817849
  -0.69903859663323876671123310123271189053    -0.69903859663323876671123310123271189053    -0.69903859663323876671123310123271189053    0.051335128000384407499715038465595817849
  -0.40189209205755906175504821793125606064    -0.40189209205755906175504821793125606064    -0.79432372382732281473485534620623181807      1.3128130150871756281061686127691681379
  -0.40189209205755906175504821793125606064    -0.79432372382732281473485534620623181807    -0.40189209205755906175504821793125606064      1.3128130150871756281061686127691681379
  -0.79432372382732281473485534620623181807    -0.40189209205755906175504821793125606064    -0.40189209205755906175504821793125606064      1.3128130150871756281061686127691681379
  -0.40189209205755906175504821793125606064    -0.40189209205755906175504821793125606064    -0.40189209205755906175504821793125606064      1.3128130150871756281061686127691681379
  -0.39708854575712454443200995452543951764    -0.39708854575712454443200995452543951764    -0.80873436272862636670397013642368144709     -3.7328110286582966667233977015910665813
  -0.39708854575712454443200995452543951764    -0.80873436272862636670397013642368144709    -0.39708854575712454443200995452543951764     -3.7328110286582966667233977015910665813
  -0.80873436272862636670397013642368144709    -0.39708854575712454443200995452543951764    -0.39708854575712454443200995452543951764     -3.7328110286582966667233977015910665813
  -0.39708854575712454443200995452543951764    -0.39708854575712454443200995452543951764    -0.39708854575712454443200995452543951764     -3.7328110286582966667233977015910665813
   0.47925036043083642996583707651082624393    -0.98423351065418920807332085878818845847    -0.51078333912245801381919535893444932698   0.0010067463601032133017168479806426738428
   0.47925036043083642996583707651082624393    -0.98423351065418920807332085878818845847    -0.98423351065418920807332085878818845847   0.0010067463601032133017168479806426738428
  -0.98423351065418920807332085878818845847    -0.98423351065418920807332085878818845847     0.47925036043083642996583707651082624393   0.0010067463601032133017168479806426738428
  -0.51078333912245801381919535893444932698     0.47925036043083642996583707651082624393    -0.98423351065418920807332085878818845847   0.0010067463601032133017168479806426738428
  -0.98423351065418920807332085878818845847    -0.51078333912245801381919535893444932698     0.47925036043083642996583707651082624393   0.0010067463601032133017168479806426738428
  -0.98423351065418920807332085878818845847     0.47925036043083642996583707651082624393    -0.98423351065418920807332085878818845847   0.0010067463601032133017168479806426738428
  -0.51078333912245801381919535893444932698    -0.98423351065418920807332085878818845847     0.47925036043083642996583707651082624393   0.0010067463601032133017168479806426738428
  -0.98423351065418920807332085878818845847    -0.51078333912245801381919535893444932698    -0.98423351065418920807332085878818845847   0.0010067463601032133017168479806426738428
  -0.98423351065418920807332085878818845847    -0.98423351065418920807332085878818845847    -0.51078333912245801381919535893444932698   0.0010067463601032133017168479806426738428
  -0.98423351065418920807332085878818845847     0.47925036043083642996583707651082624393    -0.51078333912245801381919535893444932698   0.0010067463601032133017168479806426738428
  -0.51078333912245801381919535893444932698    -0.98423351065418920807332085878818845847    -0.98423351065418920807332085878818845847   0.0010067463601032133017168479806426738428
   0.47925036043083642996583707651082624393    -0.51078333912245801381919535893444932698    -0.98423351065418920807332085878818845847   0.0010067463601032133017168479806426738428
   0.75414766721771205214877480913375758611    -0.97092188157440394542787626818905322027    -0.81230390406890416129302227275565114558   0.0013597951376874110324219401399360717825
   0.75414766721771205214877480913375758611    -0.97092188157440394542787626818905322027    -0.97092188157440394542787626818905322027   0.0013597951376874110324219401399360717825
  -0.97092188157440394542787626818905322027    -0.97092188157440394542787626818905322027     0.75414766721771205214877480913375758611   0.0013597951376874110324219401399360717825
  -0.81230390406890416129302227275565114558     0.75414766721771205214877480913375758611    -0.97092188157440394542787626818905322027   0.0013597951376874110324219401399360717825
  -0.97092188157440394542787626818905322027    -0.81230390406890416129302227275565114558     0.75414766721771205214877480913375758611   0.0013597951376874110324219401399360717825
  -0.97092188157440394542787626818905322027     0.75414766721771205214877480913375758611    -0.97092188157440394542787626818905322027   0.0013597951376874110324219401399360717825
  -0.81230390406890416129302227275565114558    -0.97092188157440394542787626818905322027     0.75414766721771205214877480913375758611   0.0013597951376874110324219401399360717825
  -0.97092188157440394542787626818905322027    -0.81230390406890416129302227275565114558    -0.97092188157440394542787626818905322027   0.0013597951376874110324219401399360717825
  -0.97092188157440394542787626818905322027    -0.97092188157440394542787626818905322027    -0.81230390406890416129302227275565114558   0.0013597951376874110324219401399360717825
  -0.97092188157440394542787626818905322027     0.75414766721771205214877480913375758611    -0.81230390406890416129302227275565114558   0.0013597951376874110324219401399360717825
  -0.81230390406890416129302227275565114558    -0.97092188157440394542787626818905322027    -0.97092188157440394542787626818905322027   0.0013597951376874110324219401399360717825
   0.75414766721771205214877480913375758611    -0.81230390406890416129302227275565114558    -0.97092188157440394542787626818905322027   0.0013597951376874110324219401399360717825
   0.10987933637597491168445189445443323281    -0.95402369512909550428130556301585579156    -0.20183194611778390312184076842272164969   0.0043094198777584014044288596736113276463
   0.10987933637597491168445189445443323281    -0.95402369512909550428130556301585579156    -0.95402369512909550428130556301585579156   0.0043094198777584014044288596736113276463
  -0.95402369512909550428130556301585579156    -0.95402369512909550428130556301585579156     0.10987933637597491168445189445443323281   0.0043094198777584014044288596736113276463
  -0.20183194611778390312184076842272164969     0.10987933637597491168445189445443323281    -0.95402369512909550428130556301585579156   0.0043094198777584014044288596736113276463
  -0.95402369512909550428130556301585579156    -0.20183194611778390312184076842272164969     0.10987933637597491168445189445443323281   0.0043094198777584014044288596736113276463
  -0.95402369512909550428130556301585579156     0.10987933637597491168445189445443323281    -0.95402369512909550428130556301585579156   0.0043094198777584014044288596736113276463
  -0.20183194611778390312184076842272164969    -0.95402369512909550428130556301585579156     0.10987933637597491168445189445443323281   0.0043094198777584014044288596736113276463
  -0.95402369512909550428130556301585579156    -0.20183194611778390312184076842272164969    -0.95402369512909550428130556301585579156   0.0043094198777584014044288596736113276463
  -0.95402369512909550428130556301585579156    -0.95402369512909550428130556301585579156    -0.20183194611778390312184076842272164969   0.0043094198777584014044288596736113276463
  -0.95402369512909550428130556301585579156     0.10987933637597491168445189445443323281    -0.20183194611778390312184076842272164969   0.0043094198777584014044288596736113276463
  -0.20183194611778390312184076842272164969    -0.95402369512909550428130556301585579156    -0.95402369512909550428130556301585579156   0.0043094198777584014044288596736113276463
   0.10987933637597491168445189445443323281    -0.20183194611778390312184076842272164969    -0.95402369512909550428130556301585579156   0.0043094198777584014044288596736113276463
   0.45843008038278767489275313270241339061    -0.91300652692962948967520050335390707021     -0.6324170265235286955423521259945992502    0.006775606207246383675001425749324145486
   0.45843008038278767489275313270241339061    -0.91300652692962948967520050335390707021    -0.91300652692962948967520050335390707021    0.006775606207246383675001425749324145486
  -0.91300652692962948967520050335390707021    -0.91300652692962948967520050335390707021     0.45843008038278767489275313270241339061    0.006775606207246383675001425749324145486
   -0.6324170265235286955423521259945992502     0.45843008038278767489275313270241339061    -0.91300652692962948967520050335390707021    0.006775606207246383675001425749324145486
  -0.91300652692962948967520050335390707021     -0.6324170265235286955423521259945992502     0.45843008038278767489275313270241339061    0.006775606207246383675001425749324145486
  -0.91300652692962948967520050335390707021     0.45843008038278767489275313270241339061    -0.91300652692962948967520050335390707021    0.006775606207246383675001425749324145486
   -0.6324170265235286955423521259945992502    -0.91300652692962948967520050335390707021     0.45843008038278767489275313270241339061    0.006775606207246383675001425749324145486
  -0.91300652692962948967520050335390707021     -0.6324170265235286955423521259945992502    -0.91300652692962948967520050335390707021    0.006775606207246383675001425749324145486
  -0.91300652692962948967520050335390707021    -0.91300652692962948967520050335390707021     -0.6324170265235286955423521259945992502    0.006775606207246383675001425749324145486
  -0.91300652692962948967520050335390707021     0.45843008038278767489275313270241339061     -0.6324170265235286955423521259945992502    0.006775606207246383675001425749324145486
   -0.6324170265235286955423521259945992502    -0.91300652692962948967520050335390707021    -0.91300652692962948967520050335390707021    0.006775606207246383675001425749324145486
   0.45843008038278767489275313270241339061     -0.6324170265235286955423521259945992502    -0.91300652692962948967520050335390707021    0.006775606207246383675001425749324145486
  0.025313365552047056993619619985772634017    -0.81911299071914767783938877446163504231     -0.3870873841137517013148420710625025494    0.017497473521638406895754881034699961001
  0.025313365552047056993619619985772634017    -0.81911299071914767783938877446163504231    -0.81911299071914767783938877446163504231    0.017497473521638406895754881034699961001
  -0.81911299071914767783938877446163504231    -0.81911299071914767783938877446163504231    0.025313365552047056993619619985772634017    0.017497473521638406895754881034699961001
   -0.3870873841137517013148420710625025494    0.025313365552047056993619619985772634017    -0.81911299071914767783938877446163504231    0.017497473521638406895754881034699961001
  -0.81911299071914767783938877446163504231     -0.3870873841137517013148420710625025494    0.025313365552047056993619619985772634017    0.017497473521638406895754881034699961001
  -0.81911299071914767783938877446163504231    0.025313365552047056993619619985772634017    -0.81911299071914767783938877446163504231    0.017497473521638406895754881034699961001
   -0.3870873841137517013148420710625025494    -0.81911299071914767783938877446163504231    0.025313365552047056993619619985772634017    0.017497473521638406895754881034699961001
  -0.81911299071914767783938877446163504231     -0.3870873841137517013148420710625025494    -0.81911299071914767783938877446163504231    0.017497473521638406895754881034699961001
  -0.81911299071914767783938877446163504231    -0.81911299071914767783938877446163504231     -0.3870873841137517013148420710625025494    0.017497473521638406895754881034699961001
  -0.81911299071914767783938877446163504231    0.025313365552047056993619619985772634017     -0.3870873841137517013148420710625025494    0.017497473521638406895754881034699961001
   -0.3870873841137517013148420710625025494    -0.81911299071914767783938877446163504231    -0.81911299071914767783938877446163504231    0.017497473521638406895754881034699961001
  0.025313365552047056993619619985772634017     -0.3870873841137517013148420710625025494    -0.81911299071914767783938877446163504231    0.017497473521638406895754881034699961001
   0.56741009983032066609484582681819830869       -0.78669080116459427521485946067765172    -0.99402849750113211566512690546289486869   0.0025781633585692912755113579864500588307
   0.56741009983032066609484582681819830869       -0.78669080116459427521485946067765172       -0.78669080116459427521485946067765172   0.0025781633585692912755113579864500588307
     -0.78669080116459427521485946067765172       -0.78669080116459427521485946067765172     0.56741009983032066609484582681819830869   0.0025781633585692912755113579864500588307
  -0.99402849750113211566512690546289486869     0.56741009983032066609484582681819830869       -0.78669080116459427521485946067765172   0.0025781633585692912755113579864500588307
     -0.78669080116459427521485946067765172    -0.99402849750113211566512690546289486869     0.56741009983032066609484582681819830869   0.0025781633585692912755113579864500588307
     -0.78669080116459427521485946067765172     0.56741009983032066609484582681819830869       -0.78669080116459427521485946067765172   0.0025781633585692912755113579864500588307
  -0.99402849750113211566512690546289486869       -0.78669080116459427521485946067765172     0.56741009983032066609484582681819830869   0.0025781633585692912755113579864500588307
     -0.78669080116459427521485946067765172    -0.99402849750113211566512690546289486869       -0.78669080116459427521485946067765172   0.0025781633585692912755113579864500588307
     -0.78669080116459427521485946067765172       -0.78669080116459427521485946067765172    -0.99402849750113211566512690546289486869   0.0025781633585692912755113579864500588307
     -0.78669080116459427521485946067765172     0.56741009983032066609484582681819830869    -0.99402849750113211566512690546289486869   0.0025781633585692912755113579864500588307
  -0.99402849750113211566512690546289486869       -0.78669080116459427521485946067765172       -0.78669080116459427521485946067765172   0.0025781633585692912755113579864500588307
   0.56741009983032066609484582681819830869    -0.99402849750113211566512690546289486869       -0.78669080116459427521485946067765172   0.0025781633585692912755113579864500588307
   0.19499161391229001390812539553430415932    -0.63667122941980061600449786930300740448    -0.92164915507268878189912965692828935037    0.012889182555111446096610797168663309701
   0.19499161391229001390812539553430415932    -0.63667122941980061600449786930300740448    -0.63667122941980061600449786930300740448    0.012889182555111446096610797168663309701
  -0.63667122941980061600449786930300740448    -0.63667122941980061600449786930300740448     0.19499161391229001390812539553430415932    0.012889182555111446096610797168663309701
  -0.92164915507268878189912965692828935037     0.19499161391229001390812539553430415932    -0.63667122941980061600449786930300740448    0.012889182555111446096610797168663309701
  -0.63667122941980061600449786930300740448    -0.92164915507268878189912965692828935037     0.19499161391229001390812539553430415932    0.012889182555111446096610797168663309701
  -0.63667122941980061600449786930300740448     0.19499161391229001390812539553430415932    -0.63667122941980061600449786930300740448    0.012889182555111446096610797168663309701
  -0.92164915507268878189912965692828935037    -0.63667122941980061600449786930300740448     0.19499161391229001390812539553430415932    0.012889182555111446096610797168663309701
  -0.63667122941980061600449786930300740448    -0.92164915507268878189912965692828935037    -0.63667122941980061600449786930300740448    0.012889182555111446096610797168663309701
  -0.63667122941980061600449786930300740448    -0.63667122941980061600449786930300740448    -0.92164915507268878189912965692828935037    0.012889182555111446096610797168663309701
  -0.63667122941980061600449786930300740448     0.19499161391229001390812539553430415932    -0.92164915507268878189912965692828935037    0.012889182555111446096610797168663309701
  -0.92164915507268878189912965692828935037    -0.63667122941980061600449786930300740448    -0.63667122941980061600449786930300740448    0.012889182555111446096610797168663309701
   0.19499161391229001390812539553430415932    -0.92164915507268878189912965692828935037    -0.63667122941980061600449786930300740448    0.012889182555111446096610797168663309701
  -0.07971428542165213421781602890249314941    -0.46904107209102795551142657654279635653    -0.98220357039629195475933081801191413752   0.0065411898028482547620457665647350896247
  -0.07971428542165213421781602890249314941    -0.46904107209102795551142657654279635653    -0.46904107209102795551142657654279635653   0.0065411898028482547620457665647350896247
  -0.46904107209102795551142657654279635653    -0.46904107209102795551142657654279635653    -0.07971428542165213421781602890249314941   0.0065411898028482547620457665647350896247
  -0.98220357039629195475933081801191413752    -0.07971428542165213421781602890249314941    -0.46904107209102795551142657654279635653   0.0065411898028482547620457665647350896247
  -0.46904107209102795551142657654279635653    -0.98220357039629195475933081801191413752    -0.07971428542165213421781602890249314941   0.0065411898028482547620457665647350896247
  -0.46904107209102795551142657654279635653    -0.07971428542165213421781602890249314941    -0.46904107209102795551142657654279635653   0.0065411898028482547620457665647350896247
  -0.98220357039629195475933081801191413752    -0.46904107209102795551142657654279635653    -0.07971428542165213421781602890249314941   0.0065411898028482547620457665647350896247
  -0.46904107209102795551142657654279635653    -0.98220357039629195475933081801191413752    -0.46904107209102795551142657654279635653   0.0065411898028482547620457665647350896247
  -0.46904107209102795551142657654279635653    -0.46904107209102795551142657654279635653    -0.98220357039629195475933081801191413752   0.0065411898028482547620457665647350896247
  -0.46904107209102795551142657654279635653    -0.07971428542165213421781602890249314941    -0.98220357039629195475933081801191413752   0.0065411898028482547620457665647350896247
  -0.98220357039629195475933081801191413752    -0.46904107209102795551142657654279635653    -0.46904107209102795551142657654279635653   0.0065411898028482547620457665647350896247
  -0.07971428542165213421781602890249314941    -0.98220357039629195475933081801191413752    -0.46904107209102795551142657654279635653   0.0065411898028482547620457665647350896247
  -0.42473626777589496100424134965375955208    -0.37971066734909618568651504993986831266    -0.81584239752591266762272855046650382259     0.83545061413396848137940966062059499182
  -0.42473626777589496100424134965375955208    -0.37971066734909618568651504993986831266    -0.37971066734909618568651504993986831266     0.83545061413396848137940966062059499182
  -0.37971066734909618568651504993986831266    -0.37971066734909618568651504993986831266    -0.42473626777589496100424134965375955208     0.83545061413396848137940966062059499182
  -0.81584239752591266762272855046650382259    -0.42473626777589496100424134965375955208    -0.37971066734909618568651504993986831266     0.83545061413396848137940966062059499182
  -0.37971066734909618568651504993986831266    -0.81584239752591266762272855046650382259    -0.42473626777589496100424134965375955208     0.83545061413396848137940966062059499182
  -0.37971066734909618568651504993986831266    -0.42473626777589496100424134965375955208    -0.37971066734909618568651504993986831266     0.83545061413396848137940966062059499182
  -0.81584239752591266762272855046650382259    -0.37971066734909618568651504993986831266    -0.42473626777589496100424134965375955208     0.83545061413396848137940966062059499182
  -0.37971066734909618568651504993986831266    -0.81584239752591266762272855046650382259    -0.37971066734909618568651504993986831266     0.83545061413396848137940966062059499182
  -0.37971066734909618568651504993986831266    -0.37971066734909618568651504993986831266    -0.81584239752591266762272855046650382259     0.83545061413396848137940966062059499182
  -0.37971066734909618568651504993986831266    -0.42473626777589496100424134965375955208    -0.81584239752591266762272855046650382259     0.83545061413396848137940966062059499182
  -0.81584239752591266762272855046650382259    -0.37971066734909618568651504993986831266    -0.37971066734909618568651504993986831266     0.83545061413396848137940966062059499182
  -0.42473626777589496100424134965375955208    -0.81584239752591266762272855046650382259    -0.37971066734909618568651504993986831266     0.83545061413396848137940966062059499182
  -0.74337588266449374064958102748446952303    -0.14896031764896530867746618932737949844    -0.95870348203757564199548659386077148008   0.0096349720235996253924600266619612624616
  -0.74337588266449374064958102748446952303    -0.14896031764896530867746618932737949844    -0.14896031764896530867746618932737949844   0.0096349720235996253924600266619612624616
  -0.14896031764896530867746618932737949844    -0.14896031764896530867746618932737949844    -0.74337588266449374064958102748446952303   0.0096349720235996253924600266619612624616
  -0.95870348203757564199548659386077148008    -0.74337588266449374064958102748446952303    -0.14896031764896530867746618932737949844   0.0096349720235996253924600266619612624616
  -0.14896031764896530867746618932737949844    -0.95870348203757564199548659386077148008    -0.74337588266449374064958102748446952303   0.0096349720235996253924600266619612624616
  -0.14896031764896530867746618932737949844    -0.74337588266449374064958102748446952303    -0.14896031764896530867746618932737949844   0.0096349720235996253924600266619612624616
  -0.95870348203757564199548659386077148008    -0.14896031764896530867746618932737949844    -0.74337588266449374064958102748446952303   0.0096349720235996253924600266619612624616
  -0.14896031764896530867746618932737949844    -0.95870348203757564199548659386077148008    -0.14896031764896530867746618932737949844   0.0096349720235996253924600266619612624616
  -0.14896031764896530867746618932737949844    -0.14896031764896530867746618932737949844    -0.95870348203757564199548659386077148008   0.0096349720235996253924600266619612624616
  -0.14896031764896530867746618932737949844    -0.74337588266449374064958102748446952303    -0.95870348203757564199548659386077148008   0.0096349720235996253924600266619612624616
  -0.95870348203757564199548659386077148008    -0.14896031764896530867746618932737949844    -0.14896031764896530867746618932737949844   0.0096349720235996253924600266619612624616
  -0.74337588266449374064958102748446952303    -0.95870348203757564199548659386077148008    -0.14896031764896530867746618932737949844   0.0096349720235996253924600266619612624616
   0.23705907833157466301154504796421341632    -0.81858756874660721459607765224202413703    -0.98313319462941004202546600501330177346   0.0040308425166004907956178242889816989976
  -0.81858756874660721459607765224202413703    -0.98313319462941004202546600501330177346     0.23705907833157466301154504796421341632   0.0040308425166004907956178242889816989976
  -0.81858756874660721459607765224202413703     0.23705907833157466301154504796421341632    -0.98313319462941004202546600501330177346   0.0040308425166004907956178242889816989976
  -0.98313319462941004202546600501330177346     0.23705907833157466301154504796421341632    -0.43533831495555740639000139070888750583   0.0040308425166004907956178242889816989976
  -0.98313319462941004202546600501330177346     0.23705907833157466301154504796421341632    -0.81858756874660721459607765224202413703   0.0040308425166004907956178242889816989976
  -0.43533831495555740639000139070888750583     0.23705907833157466301154504796421341632    -0.98313319462941004202546600501330177346   0.0040308425166004907956178242889816989976
  -0.98313319462941004202546600501330177346    -0.81858756874660721459607765224202413703    -0.43533831495555740639000139070888750583   0.0040308425166004907956178242889816989976
  -0.98313319462941004202546600501330177346    -0.43533831495555740639000139070888750583     0.23705907833157466301154504796421341632   0.0040308425166004907956178242889816989976
  -0.43533831495555740639000139070888750583    -0.81858756874660721459607765224202413703    -0.98313319462941004202546600501330177346   0.0040308425166004907956178242889816989976
   0.23705907833157466301154504796421341632    -0.81858756874660721459607765224202413703    -0.43533831495555740639000139070888750583   0.0040308425166004907956178242889816989976
  -0.43533831495555740639000139070888750583     0.23705907833157466301154504796421341632    -0.81858756874660721459607765224202413703   0.0040308425166004907956178242889816989976
  -0.98313319462941004202546600501330177346    -0.81858756874660721459607765224202413703     0.23705907833157466301154504796421341632   0.0040308425166004907956178242889816989976
  -0.43533831495555740639000139070888750583    -0.81858756874660721459607765224202413703     0.23705907833157466301154504796421341632   0.0040308425166004907956178242889816989976
   0.23705907833157466301154504796421341632    -0.43533831495555740639000139070888750583    -0.98313319462941004202546600501330177346   0.0040308425166004907956178242889816989976
  -0.98313319462941004202546600501330177346    -0.43533831495555740639000139070888750583    -0.81858756874660721459607765224202413703   0.0040308425166004907956178242889816989976
  -0.81858756874660721459607765224202413703    -0.43533831495555740639000139070888750583    -0.98313319462941004202546600501330177346   0.0040308425166004907956178242889816989976
   0.23705907833157466301154504796421341632    -0.43533831495555740639000139070888750583    -0.81858756874660721459607765224202413703   0.0040308425166004907956178242889816989976
  -0.81858756874660721459607765224202413703    -0.43533831495555740639000139070888750583     0.23705907833157466301154504796421341632   0.0040308425166004907956178242889816989976
  -0.81858756874660721459607765224202413703     0.23705907833157466301154504796421341632    -0.43533831495555740639000139070888750583   0.0040308425166004907956178242889816989976
  -0.43533831495555740639000139070888750583    -0.98313319462941004202546600501330177346     0.23705907833157466301154504796421341632   0.0040308425166004907956178242889816989976
   0.23705907833157466301154504796421341632    -0.98313319462941004202546600501330177346    -0.43533831495555740639000139070888750583   0.0040308425166004907956178242889816989976
   0.23705907833157466301154504796421341632    -0.98313319462941004202546600501330177346    -0.81858756874660721459607765224202413703   0.0040308425166004907956178242889816989976
  -0.81858756874660721459607765224202413703    -0.98313319462941004202546600501330177346    -0.43533831495555740639000139070888750583   0.0040308425166004907956178242889816989976
  -0.43533831495555740639000139070888750583    -0.98313319462941004202546600501330177346    -0.81858756874660721459607765224202413703   0.0040308425166004907956178242889816989976

