                                        -0.5                                          -0.5                                          -0.5     0.060056403464805368552240458542600358124
   -0.98232847539677334328368810417267583549     -0.98232847539677334328368810417267583549      0.94698542619032002985106431251802750648   0.00065462345679236534010047842490795897392
   -0.98232847539677334328368810417267583549      0.94698542619032002985106431251802750648     -0.98232847539677334328368810417267583549   0.00065462345679236534010047842490795897392
    0.94698542619032002985106431251802750648     -0.98232847539677334328368810417267583549     -0.98232847539677334328368810417267583549   0.00065462345679236534010047842490795897392
   -0.98232847539677334328368810417267583549     -0.98232847539677334328368810417267583549     -0.98232847539677334328368810417267583549   0.00065462345679236534010047842490795897392
   -0.76327177392590577502504665066963629848     -0.76327177392590577502504665066963629848      0.28981532177771732507513995200890889544     0.015413536827871633382752686875299080223
   -0.76327177392590577502504665066963629848      0.28981532177771732507513995200890889544     -0.76327177392590577502504665066963629848     0.015413536827871633382752686875299080223
    0.28981532177771732507513995200890889544     -0.76327177392590577502504665066963629848     -0.76327177392590577502504665066963629848     0.015413536827871633382752686875299080223
   -0.76327177392590577502504665066963629848     -0.76327177392590577502504665066963629848     -0.76327177392590577502504665066963629848     0.015413536827871633382752686875299080223
   -0.37289266777718076106561005933519693244     -0.37289266777718076106561005933519693244     -0.88132199666845771680316982199440920267     0.033883035023209113090022562011303965808
   -0.37289266777718076106561005933519693244     -0.88132199666845771680316982199440920267     -0.37289266777718076106561005933519693244     0.033883035023209113090022562011303965808
   -0.88132199666845771680316982199440920267     -0.37289266777718076106561005933519693244     -0.37289266777718076106561005933519693244     0.033883035023209113090022562011303965808
   -0.37289266777718076106561005933519693244     -0.37289266777718076106561005933519693244     -0.37289266777718076106561005933519693244     0.033883035023209113090022562011303965808
   -0.99999999713133623952616656566699353573  -2.8686637604738334343330064642676539513e-09  -2.8686637604738334343330064642676539513e-09   0.00026240652702032583255144163827998697823
-2.8686637604738334343330064642676539513e-09     -0.99999999713133623952616656566699353573  -2.8686637604738334343330064642676539513e-09   0.00026240652702032583255144163827998697823
   -0.99999999713133623952616656566699353573     -0.99999999713133623952616656566699353573  -2.8686637604738334343330064642676539513e-09   0.00026240652702032583255144163827998697823
   -0.99999999713133623952616656566699353573  -2.8686637604738334343330064642676539513e-09     -0.99999999713133623952616656566699353573   0.00026240652702032583255144163827998697823
-2.8686637604738334343330064642676539513e-09     -0.99999999713133623952616656566699353573     -0.99999999713133623952616656566699353573   0.00026240652702032583255144163827998697823
-2.8686637604738334343330064642676539513e-09  -2.8686637604738334343330064642676539513e-09     -0.99999999713133623952616656566699353573   0.00026240652702032583255144163827998697823
    0.62428870667958516526149693766374192975     -0.93946302100601224776680362806108936582     -0.74536266466756066972788968154156319811    0.0083856487254108664462041085271013655023
    0.62428870667958516526149693766374192975     -0.93946302100601224776680362806108936582     -0.93946302100601224776680362806108936582    0.0083856487254108664462041085271013655023
   -0.93946302100601224776680362806108936582     -0.93946302100601224776680362806108936582      0.62428870667958516526149693766374192975    0.0083856487254108664462041085271013655023
   -0.74536266466756066972788968154156319811      0.62428870667958516526149693766374192975     -0.93946302100601224776680362806108936582    0.0083856487254108664462041085271013655023
   -0.93946302100601224776680362806108936582     -0.74536266466756066972788968154156319811      0.62428870667958516526149693766374192975    0.0083856487254108664462041085271013655023
   -0.93946302100601224776680362806108936582      0.62428870667958516526149693766374192975     -0.93946302100601224776680362806108936582    0.0083856487254108664462041085271013655023
   -0.74536266466756066972788968154156319811     -0.93946302100601224776680362806108936582      0.62428870667958516526149693766374192975    0.0083856487254108664462041085271013655023
   -0.93946302100601224776680362806108936582     -0.74536266466756066972788968154156319811     -0.93946302100601224776680362806108936582    0.0083856487254108664462041085271013655023
   -0.93946302100601224776680362806108936582     -0.93946302100601224776680362806108936582     -0.74536266466756066972788968154156319811    0.0083856487254108664462041085271013655023
   -0.93946302100601224776680362806108936582      0.62428870667958516526149693766374192975     -0.74536266466756066972788968154156319811    0.0083856487254108664462041085271013655023
   -0.74536266466756066972788968154156319811     -0.93946302100601224776680362806108936582     -0.93946302100601224776680362806108936582    0.0083856487254108664462041085271013655023
    0.62428870667958516526149693766374192975     -0.74536266466756066972788968154156319811     -0.93946302100601224776680362806108936582    0.0083856487254108664462041085271013655023
    0.19316811551406603482347802743275430066     -0.93086974307205727279530596887502952813      -0.3314286293699514892328660896826952444     0.014331420223675849533299332599004980531
    0.19316811551406603482347802743275430066     -0.93086974307205727279530596887502952813     -0.93086974307205727279530596887502952813     0.014331420223675849533299332599004980531
   -0.93086974307205727279530596887502952813     -0.93086974307205727279530596887502952813      0.19316811551406603482347802743275430066     0.014331420223675849533299332599004980531
    -0.3314286293699514892328660896826952444      0.19316811551406603482347802743275430066     -0.93086974307205727279530596887502952813     0.014331420223675849533299332599004980531
   -0.93086974307205727279530596887502952813      -0.3314286293699514892328660896826952444      0.19316811551406603482347802743275430066     0.014331420223675849533299332599004980531
   -0.93086974307205727279530596887502952813      0.19316811551406603482347802743275430066     -0.93086974307205727279530596887502952813     0.014331420223675849533299332599004980531
    -0.3314286293699514892328660896826952444     -0.93086974307205727279530596887502952813      0.19316811551406603482347802743275430066     0.014331420223675849533299332599004980531
   -0.93086974307205727279530596887502952813      -0.3314286293699514892328660896826952444     -0.93086974307205727279530596887502952813     0.014331420223675849533299332599004980531
   -0.93086974307205727279530596887502952813     -0.93086974307205727279530596887502952813      -0.3314286293699514892328660896826952444     0.014331420223675849533299332599004980531
   -0.93086974307205727279530596887502952813      0.19316811551406603482347802743275430066      -0.3314286293699514892328660896826952444     0.014331420223675849533299332599004980531
    -0.3314286293699514892328660896826952444     -0.93086974307205727279530596887502952813     -0.93086974307205727279530596887502952813     0.014331420223675849533299332599004980531
    0.19316811551406603482347802743275430066      -0.3314286293699514892328660896826952444     -0.93086974307205727279530596887502952813     0.014331420223675849533299332599004980531
   -0.06779592571348526275169767077093613613     -0.75041843447153021727373124992650823112     -0.43136720534345430270083982937604740163     0.032882644630616193860597547169917388678
   -0.06779592571348526275169767077093613613     -0.75041843447153021727373124992650823112     -0.75041843447153021727373124992650823112     0.032882644630616193860597547169917388678
   -0.75041843447153021727373124992650823112     -0.75041843447153021727373124992650823112     -0.06779592571348526275169767077093613613     0.032882644630616193860597547169917388678
   -0.43136720534345430270083982937604740163     -0.06779592571348526275169767077093613613     -0.75041843447153021727373124992650823112     0.032882644630616193860597547169917388678
   -0.75041843447153021727373124992650823112     -0.43136720534345430270083982937604740163     -0.06779592571348526275169767077093613613     0.032882644630616193860597547169917388678
   -0.75041843447153021727373124992650823112     -0.06779592571348526275169767077093613613     -0.75041843447153021727373124992650823112     0.032882644630616193860597547169917388678
   -0.43136720534345430270083982937604740163     -0.75041843447153021727373124992650823112     -0.06779592571348526275169767077093613613     0.032882644630616193860597547169917388678
   -0.75041843447153021727373124992650823112     -0.43136720534345430270083982937604740163     -0.75041843447153021727373124992650823112     0.032882644630616193860597547169917388678
   -0.75041843447153021727373124992650823112     -0.75041843447153021727373124992650823112     -0.43136720534345430270083982937604740163     0.032882644630616193860597547169917388678
   -0.75041843447153021727373124992650823112     -0.06779592571348526275169767077093613613     -0.43136720534345430270083982937604740163     0.032882644630616193860597547169917388678
   -0.43136720534345430270083982937604740163     -0.75041843447153021727373124992650823112     -0.75041843447153021727373124992650823112     0.032882644630616193860597547169917388678
   -0.06779592571348526275169767077093613613     -0.43136720534345430270083982937604740163     -0.75041843447153021727373124992650823112     0.032882644630616193860597547169917388678
    0.25548896746592715997864177528522868956     -0.65147621539057271757170001726627298159     -0.95253653668478172483524174075268272638     0.018259639647851463632165139002279147451
    0.25548896746592715997864177528522868956     -0.65147621539057271757170001726627298159     -0.65147621539057271757170001726627298159     0.018259639647851463632165139002279147451
   -0.65147621539057271757170001726627298159     -0.65147621539057271757170001726627298159      0.25548896746592715997864177528522868956     0.018259639647851463632165139002279147451
   -0.95253653668478172483524174075268272638      0.25548896746592715997864177528522868956     -0.65147621539057271757170001726627298159     0.018259639647851463632165139002279147451
   -0.65147621539057271757170001726627298159     -0.95253653668478172483524174075268272638      0.25548896746592715997864177528522868956     0.018259639647851463632165139002279147451
   -0.65147621539057271757170001726627298159      0.25548896746592715997864177528522868956     -0.65147621539057271757170001726627298159     0.018259639647851463632165139002279147451
   -0.95253653668478172483524174075268272638     -0.65147621539057271757170001726627298159      0.25548896746592715997864177528522868956     0.018259639647851463632165139002279147451
   -0.65147621539057271757170001726627298159     -0.95253653668478172483524174075268272638     -0.65147621539057271757170001726627298159     0.018259639647851463632165139002279147451
   -0.65147621539057271757170001726627298159     -0.65147621539057271757170001726627298159     -0.95253653668478172483524174075268272638     0.018259639647851463632165139002279147451
   -0.65147621539057271757170001726627298159      0.25548896746592715997864177528522868956     -0.95253653668478172483524174075268272638     0.018259639647851463632165139002279147451
   -0.95253653668478172483524174075268272638     -0.65147621539057271757170001726627298159     -0.65147621539057271757170001726627298159     0.018259639647851463632165139002279147451
    0.25548896746592715997864177528522868956     -0.95253653668478172483524174075268272638     -0.65147621539057271757170001726627298159     0.018259639647851463632165139002279147451
   -0.67223585705881855822316216697809105896     -0.17847532083113521946956371974482427097      -0.9708135012789110028377103935322603991     0.015465455895355090072257315677947870615
   -0.67223585705881855822316216697809105896     -0.17847532083113521946956371974482427097     -0.17847532083113521946956371974482427097     0.015465455895355090072257315677947870615
   -0.17847532083113521946956371974482427097     -0.17847532083113521946956371974482427097     -0.67223585705881855822316216697809105896     0.015465455895355090072257315677947870615
    -0.9708135012789110028377103935322603991     -0.67223585705881855822316216697809105896     -0.17847532083113521946956371974482427097     0.015465455895355090072257315677947870615
   -0.17847532083113521946956371974482427097      -0.9708135012789110028377103935322603991     -0.67223585705881855822316216697809105896     0.015465455895355090072257315677947870615
   -0.17847532083113521946956371974482427097     -0.67223585705881855822316216697809105896     -0.17847532083113521946956371974482427097     0.015465455895355090072257315677947870615
    -0.9708135012789110028377103935322603991     -0.17847532083113521946956371974482427097     -0.67223585705881855822316216697809105896     0.015465455895355090072257315677947870615
   -0.17847532083113521946956371974482427097      -0.9708135012789110028377103935322603991     -0.17847532083113521946956371974482427097     0.015465455895355090072257315677947870615
   -0.17847532083113521946956371974482427097     -0.17847532083113521946956371974482427097      -0.9708135012789110028377103935322603991     0.015465455895355090072257315677947870615
   -0.17847532083113521946956371974482427097     -0.67223585705881855822316216697809105896      -0.9708135012789110028377103935322603991     0.015465455895355090072257315677947870615
    -0.9708135012789110028377103935322603991     -0.17847532083113521946956371974482427097     -0.17847532083113521946956371974482427097     0.015465455895355090072257315677947870615
   -0.67223585705881855822316216697809105896      -0.9708135012789110028377103935322603991     -0.17847532083113521946956371974482427097     0.015465455895355090072257315677947870615

