                                       -0.5                                         -0.5                                         -0.5    0.037213090060103036482525821931549562613
  -0.96339048502761440206085475875995990748    -0.96339048502761440206085475875995990748     0.89017145508284320618256427627987972244  0.00089062835470640810351316294446300536679
  -0.96339048502761440206085475875995990748     0.89017145508284320618256427627987972244    -0.96339048502761440206085475875995990748  0.00089062835470640810351316294446300536679
   0.89017145508284320618256427627987972244    -0.96339048502761440206085475875995990748    -0.96339048502761440206085475875995990748  0.00089062835470640810351316294446300536679
  -0.96339048502761440206085475875995990748    -0.96339048502761440206085475875995990748    -0.96339048502761440206085475875995990748  0.00089062835470640810351316294446300536679
  -0.64196983473995443747593168375719275756    -0.64196983473995443747593168375719275756   -0.074090495780136687572204948728421727324    0.025743064811572030757087036649212771185
  -0.64196983473995443747593168375719275756   -0.074090495780136687572204948728421727324    -0.64196983473995443747593168375719275756    0.025743064811572030757087036649212771185
 -0.074090495780136687572204948728421727324    -0.64196983473995443747593168375719275756    -0.64196983473995443747593168375719275756    0.025743064811572030757087036649212771185
  -0.64196983473995443747593168375719275756    -0.64196983473995443747593168375719275756    -0.64196983473995443747593168375719275756    0.025743064811572030757087036649212771185
  -0.34076829249110370597419682151592136984    -0.34076829249110370597419682151592136984    -0.97769512252668888207740953545223589048   0.0089290786100765440084115110658492127374
  -0.34076829249110370597419682151592136984    -0.97769512252668888207740953545223589048    -0.34076829249110370597419682151592136984   0.0089290786100765440084115110658492127374
  -0.97769512252668888207740953545223589048    -0.34076829249110370597419682151592136984    -0.34076829249110370597419682151592136984   0.0089290786100765440084115110658492127374
  -0.34076829249110370597419682151592136984    -0.34076829249110370597419682151592136984    -0.34076829249110370597419682151592136984   0.0089290786100765440084115110658492127374
  -0.96851783839209488818066563787618203281   -0.031482161607905111819334362123817967192   -0.031482161607905111819334362123817967192   0.0033822210932818870794044768774092390891
 -0.031482161607905111819334362123817967192    -0.96851783839209488818066563787618203281   -0.031482161607905111819334362123817967192   0.0033822210932818870794044768774092390891
  -0.96851783839209488818066563787618203281    -0.96851783839209488818066563787618203281   -0.031482161607905111819334362123817967192   0.0033822210932818870794044768774092390891
  -0.96851783839209488818066563787618203281   -0.031482161607905111819334362123817967192    -0.96851783839209488818066563787618203281   0.0033822210932818870794044768774092390891
 -0.031482161607905111819334362123817967192    -0.96851783839209488818066563787618203281    -0.96851783839209488818066563787618203281   0.0033822210932818870794044768774092390891
 -0.031482161607905111819334362123817967192   -0.031482161607905111819334362123817967192    -0.96851783839209488818066563787618203281   0.0033822210932818870794044768774092390891
  -0.87538759875456323722709418998923608137    -0.12461240124543676277290581001076391863    -0.12461240124543676277290581001076391863    0.011419352831570878583589880197064776967
  -0.12461240124543676277290581001076391863    -0.87538759875456323722709418998923608137    -0.12461240124543676277290581001076391863    0.011419352831570878583589880197064776967
  -0.87538759875456323722709418998923608137    -0.87538759875456323722709418998923608137    -0.12461240124543676277290581001076391863    0.011419352831570878583589880197064776967
  -0.87538759875456323722709418998923608137    -0.12461240124543676277290581001076391863    -0.87538759875456323722709418998923608137    0.011419352831570878583589880197064776967
  -0.12461240124543676277290581001076391863    -0.87538759875456323722709418998923608137    -0.87538759875456323722709418998923608137    0.011419352831570878583589880197064776967
  -0.12461240124543676277290581001076391863    -0.12461240124543676277290581001076391863    -0.87538759875456323722709418998923608137    0.011419352831570878583589880197064776967
   0.43324544431077568155214616967419082183    -0.96628394983609931405953697404676052922     -0.5006775446385770534330722215806697634   0.0026178110061802496054711309203909803385
   0.43324544431077568155214616967419082183    -0.96628394983609931405953697404676052922    -0.96628394983609931405953697404676052922   0.0026178110061802496054711309203909803385
  -0.96628394983609931405953697404676052922    -0.96628394983609931405953697404676052922     0.43324544431077568155214616967419082183   0.0026178110061802496054711309203909803385
   -0.5006775446385770534330722215806697634     0.43324544431077568155214616967419082183    -0.96628394983609931405953697404676052922   0.0026178110061802496054711309203909803385
  -0.96628394983609931405953697404676052922     -0.5006775446385770534330722215806697634     0.43324544431077568155214616967419082183   0.0026178110061802496054711309203909803385
  -0.96628394983609931405953697404676052922     0.43324544431077568155214616967419082183    -0.96628394983609931405953697404676052922   0.0026178110061802496054711309203909803385
   -0.5006775446385770534330722215806697634    -0.96628394983609931405953697404676052922     0.43324544431077568155214616967419082183   0.0026178110061802496054711309203909803385
  -0.96628394983609931405953697404676052922     -0.5006775446385770534330722215806697634    -0.96628394983609931405953697404676052922   0.0026178110061802496054711309203909803385
  -0.96628394983609931405953697404676052922    -0.96628394983609931405953697404676052922     -0.5006775446385770534330722215806697634   0.0026178110061802496054711309203909803385
  -0.96628394983609931405953697404676052922     0.43324544431077568155214616967419082183     -0.5006775446385770534330722215806697634   0.0026178110061802496054711309203909803385
   -0.5006775446385770534330722215806697634    -0.96628394983609931405953697404676052922    -0.96628394983609931405953697404676052922   0.0026178110061802496054711309203909803385
   0.43324544431077568155214616967419082183     -0.5006775446385770534330722215806697634    -0.96628394983609931405953697404676052922   0.0026178110061802496054711309203909803385
   0.70120185521080602587965401852061810267    -0.95294856351028079404822079824985232132    -0.79530472819024443778321242202091346003   0.0033690552337251951717398758772322409866
   0.70120185521080602587965401852061810267    -0.95294856351028079404822079824985232132    -0.95294856351028079404822079824985232132   0.0033690552337251951717398758772322409866
  -0.95294856351028079404822079824985232132    -0.95294856351028079404822079824985232132     0.70120185521080602587965401852061810267   0.0033690552337251951717398758772322409866
  -0.79530472819024443778321242202091346003     0.70120185521080602587965401852061810267    -0.95294856351028079404822079824985232132   0.0033690552337251951717398758772322409866
  -0.95294856351028079404822079824985232132    -0.79530472819024443778321242202091346003     0.70120185521080602587965401852061810267   0.0033690552337251951717398758772322409866
  -0.95294856351028079404822079824985232132     0.70120185521080602587965401852061810267    -0.95294856351028079404822079824985232132   0.0033690552337251951717398758772322409866
  -0.79530472819024443778321242202091346003    -0.95294856351028079404822079824985232132     0.70120185521080602587965401852061810267   0.0033690552337251951717398758772322409866
  -0.95294856351028079404822079824985232132    -0.79530472819024443778321242202091346003    -0.95294856351028079404822079824985232132   0.0033690552337251951717398758772322409866
  -0.95294856351028079404822079824985232132    -0.95294856351028079404822079824985232132    -0.79530472819024443778321242202091346003   0.0033690552337251951717398758772322409866
  -0.95294856351028079404822079824985232132     0.70120185521080602587965401852061810267    -0.79530472819024443778321242202091346003   0.0033690552337251951717398758772322409866
  -0.79530472819024443778321242202091346003    -0.95294856351028079404822079824985232132    -0.95294856351028079404822079824985232132   0.0033690552337251951717398758772322409866
   0.70120185521080602587965401852061810267    -0.79530472819024443778321242202091346003    -0.95294856351028079404822079824985232132   0.0033690552337251951717398758772322409866
   0.41714862964120924245612672738553382911    -0.86111620990090706970526779841869297381     -0.6949162098393951030455911305481478815   0.0079915266820614778379179362814216680265
   0.41714862964120924245612672738553382911    -0.86111620990090706970526779841869297381    -0.86111620990090706970526779841869297381   0.0079915266820614778379179362814216680265
  -0.86111620990090706970526779841869297381    -0.86111620990090706970526779841869297381     0.41714862964120924245612672738553382911   0.0079915266820614778379179362814216680265
   -0.6949162098393951030455911305481478815     0.41714862964120924245612672738553382911    -0.86111620990090706970526779841869297381   0.0079915266820614778379179362814216680265
  -0.86111620990090706970526779841869297381     -0.6949162098393951030455911305481478815     0.41714862964120924245612672738553382911   0.0079915266820614778379179362814216680265
  -0.86111620990090706970526779841869297381     0.41714862964120924245612672738553382911    -0.86111620990090706970526779841869297381   0.0079915266820614778379179362814216680265
   -0.6949162098393951030455911305481478815    -0.86111620990090706970526779841869297381     0.41714862964120924245612672738553382911   0.0079915266820614778379179362814216680265
  -0.86111620990090706970526779841869297381     -0.6949162098393951030455911305481478815    -0.86111620990090706970526779841869297381   0.0079915266820614778379179362814216680265
  -0.86111620990090706970526779841869297381    -0.86111620990090706970526779841869297381     -0.6949162098393951030455911305481478815   0.0079915266820614778379179362814216680265
  -0.86111620990090706970526779841869297381     0.41714862964120924245612672738553382911     -0.6949162098393951030455911305481478815   0.0079915266820614778379179362814216680265
   -0.6949162098393951030455911305481478815    -0.86111620990090706970526779841869297381    -0.86111620990090706970526779841869297381   0.0079915266820614778379179362814216680265
   0.41714862964120924245612672738553382911     -0.6949162098393951030455911305481478815    -0.86111620990090706970526779841869297381   0.0079915266820614778379179362814216680265
   0.12691345564497877673711981191365601651    -0.81259894543570467520116053333632873583    -0.50171556477356942633479874524099854485    0.015089871846919104771389429510947931534
   0.12691345564497877673711981191365601651    -0.81259894543570467520116053333632873583    -0.81259894543570467520116053333632873583    0.015089871846919104771389429510947931534
  -0.81259894543570467520116053333632873583    -0.81259894543570467520116053333632873583     0.12691345564497877673711981191365601651    0.015089871846919104771389429510947931534
  -0.50171556477356942633479874524099854485     0.12691345564497877673711981191365601651    -0.81259894543570467520116053333632873583    0.015089871846919104771389429510947931534
  -0.81259894543570467520116053333632873583    -0.50171556477356942633479874524099854485     0.12691345564497877673711981191365601651    0.015089871846919104771389429510947931534
  -0.81259894543570467520116053333632873583     0.12691345564497877673711981191365601651    -0.81259894543570467520116053333632873583    0.015089871846919104771389429510947931534
  -0.50171556477356942633479874524099854485    -0.81259894543570467520116053333632873583     0.12691345564497877673711981191365601651    0.015089871846919104771389429510947931534
  -0.81259894543570467520116053333632873583    -0.50171556477356942633479874524099854485    -0.81259894543570467520116053333632873583    0.015089871846919104771389429510947931534
  -0.81259894543570467520116053333632873583    -0.81259894543570467520116053333632873583    -0.50171556477356942633479874524099854485    0.015089871846919104771389429510947931534
  -0.81259894543570467520116053333632873583     0.12691345564497877673711981191365601651    -0.50171556477356942633479874524099854485    0.015089871846919104771389429510947931534
  -0.50171556477356942633479874524099854485    -0.81259894543570467520116053333632873583    -0.81259894543570467520116053333632873583    0.015089871846919104771389429510947931534
   0.12691345564497877673711981191365601651    -0.50171556477356942633479874524099854485    -0.81259894543570467520116053333632873583    0.015089871846919104771389429510947931534
   0.48021197133533026681477322868611385934    -0.74822927967191509399759424363401036843    -0.98375341199150007881958474141809312249   0.0042947775376846695150256260113203045936
   0.48021197133533026681477322868611385934    -0.74822927967191509399759424363401036843    -0.74822927967191509399759424363401036843   0.0042947775376846695150256260113203045936
  -0.74822927967191509399759424363401036843    -0.74822927967191509399759424363401036843     0.48021197133533026681477322868611385934   0.0042947775376846695150256260113203045936
  -0.98375341199150007881958474141809312249     0.48021197133533026681477322868611385934    -0.74822927967191509399759424363401036843   0.0042947775376846695150256260113203045936
  -0.74822927967191509399759424363401036843    -0.98375341199150007881958474141809312249     0.48021197133533026681477322868611385934   0.0042947775376846695150256260113203045936
  -0.74822927967191509399759424363401036843     0.48021197133533026681477322868611385934    -0.74822927967191509399759424363401036843   0.0042947775376846695150256260113203045936
  -0.98375341199150007881958474141809312249    -0.74822927967191509399759424363401036843     0.48021197133533026681477322868611385934   0.0042947775376846695150256260113203045936
  -0.74822927967191509399759424363401036843    -0.98375341199150007881958474141809312249    -0.74822927967191509399759424363401036843   0.0042947775376846695150256260113203045936
  -0.74822927967191509399759424363401036843    -0.74822927967191509399759424363401036843    -0.98375341199150007881958474141809312249   0.0042947775376846695150256260113203045936
  -0.74822927967191509399759424363401036843     0.48021197133533026681477322868611385934    -0.98375341199150007881958474141809312249   0.0042947775376846695150256260113203045936
  -0.98375341199150007881958474141809312249    -0.74822927967191509399759424363401036843    -0.74822927967191509399759424363401036843   0.0042947775376846695150256260113203045936
   0.48021197133533026681477322868611385934    -0.98375341199150007881958474141809312249    -0.74822927967191509399759424363401036843   0.0042947775376846695150256260113203045936
   0.07058125055202462984906872671012678553    -0.56408945890452465050661715657433610783    -0.94240233274297532883583441356145456987     0.01439451527112380278445168147687496388
   0.07058125055202462984906872671012678553    -0.56408945890452465050661715657433610783    -0.56408945890452465050661715657433610783     0.01439451527112380278445168147687496388
  -0.56408945890452465050661715657433610783    -0.56408945890452465050661715657433610783     0.07058125055202462984906872671012678553     0.01439451527112380278445168147687496388
  -0.94240233274297532883583441356145456987     0.07058125055202462984906872671012678553    -0.56408945890452465050661715657433610783     0.01439451527112380278445168147687496388
  -0.56408945890452465050661715657433610783    -0.94240233274297532883583441356145456987     0.07058125055202462984906872671012678553     0.01439451527112380278445168147687496388
  -0.56408945890452465050661715657433610783     0.07058125055202462984906872671012678553    -0.56408945890452465050661715657433610783     0.01439451527112380278445168147687496388
  -0.94240233274297532883583441356145456987    -0.56408945890452465050661715657433610783     0.07058125055202462984906872671012678553     0.01439451527112380278445168147687496388
  -0.56408945890452465050661715657433610783    -0.94240233274297532883583441356145456987    -0.56408945890452465050661715657433610783     0.01439451527112380278445168147687496388
  -0.56408945890452465050661715657433610783    -0.56408945890452465050661715657433610783    -0.94240233274297532883583441356145456987     0.01439451527112380278445168147687496388
  -0.56408945890452465050661715657433610783     0.07058125055202462984906872671012678553    -0.94240233274297532883583441356145456987     0.01439451527112380278445168147687496388
  -0.94240233274297532883583441356145456987    -0.56408945890452465050661715657433610783    -0.56408945890452465050661715657433610783     0.01439451527112380278445168147687496388
   0.07058125055202462984906872671012678553    -0.94240233274297532883583441356145456987    -0.56408945890452465050661715657433610783     0.01439451527112380278445168147687496388
  -0.59997017957876445003689301619442772834    -0.29067308905443223007276426401454175945    -0.81868364231237108981757845577648875277    0.023349018635107138998006551031942436732
  -0.59997017957876445003689301619442772834    -0.29067308905443223007276426401454175945    -0.29067308905443223007276426401454175945    0.023349018635107138998006551031942436732
  -0.29067308905443223007276426401454175945    -0.29067308905443223007276426401454175945    -0.59997017957876445003689301619442772834    0.023349018635107138998006551031942436732
  -0.81868364231237108981757845577648875277    -0.59997017957876445003689301619442772834    -0.29067308905443223007276426401454175945    0.023349018635107138998006551031942436732
  -0.29067308905443223007276426401454175945    -0.81868364231237108981757845577648875277    -0.59997017957876445003689301619442772834    0.023349018635107138998006551031942436732
  -0.29067308905443223007276426401454175945    -0.59997017957876445003689301619442772834    -0.29067308905443223007276426401454175945    0.023349018635107138998006551031942436732
  -0.81868364231237108981757845577648875277    -0.29067308905443223007276426401454175945    -0.59997017957876445003689301619442772834    0.023349018635107138998006551031942436732
  -0.29067308905443223007276426401454175945    -0.81868364231237108981757845577648875277    -0.29067308905443223007276426401454175945    0.023349018635107138998006551031942436732
  -0.29067308905443223007276426401454175945    -0.29067308905443223007276426401454175945    -0.81868364231237108981757845577648875277    0.023349018635107138998006551031942436732
  -0.29067308905443223007276426401454175945    -0.59997017957876445003689301619442772834    -0.81868364231237108981757845577648875277    0.023349018635107138998006551031942436732
  -0.81868364231237108981757845577648875277    -0.29067308905443223007276426401454175945    -0.29067308905443223007276426401454175945    0.023349018635107138998006551031942436732
  -0.59997017957876445003689301619442772834    -0.81868364231237108981757845577648875277    -0.29067308905443223007276426401454175945    0.023349018635107138998006551031942436732
  -0.69589029004644469729267477848407629965    -0.16662142468592322968900806469543382764    -0.97086686058170884332930909212505604507   0.0077020020561022683303826611295505811714
  -0.69589029004644469729267477848407629965    -0.16662142468592322968900806469543382764    -0.16662142468592322968900806469543382764   0.0077020020561022683303826611295505811714
  -0.16662142468592322968900806469543382764    -0.16662142468592322968900806469543382764    -0.69589029004644469729267477848407629965   0.0077020020561022683303826611295505811714
  -0.97086686058170884332930909212505604507    -0.69589029004644469729267477848407629965    -0.16662142468592322968900806469543382764   0.0077020020561022683303826611295505811714
  -0.16662142468592322968900806469543382764    -0.97086686058170884332930909212505604507    -0.69589029004644469729267477848407629965   0.0077020020561022683303826611295505811714
  -0.16662142468592322968900806469543382764    -0.69589029004644469729267477848407629965    -0.16662142468592322968900806469543382764   0.0077020020561022683303826611295505811714
  -0.97086686058170884332930909212505604507    -0.16662142468592322968900806469543382764    -0.69589029004644469729267477848407629965   0.0077020020561022683303826611295505811714
  -0.16662142468592322968900806469543382764    -0.97086686058170884332930909212505604507    -0.16662142468592322968900806469543382764   0.0077020020561022683303826611295505811714
  -0.16662142468592322968900806469543382764    -0.16662142468592322968900806469543382764    -0.97086686058170884332930909212505604507   0.0077020020561022683303826611295505811714
  -0.16662142468592322968900806469543382764    -0.69589029004644469729267477848407629965    -0.97086686058170884332930909212505604507   0.0077020020561022683303826611295505811714
  -0.97086686058170884332930909212505604507    -0.16662142468592322968900806469543382764    -0.16662142468592322968900806469543382764   0.0077020020561022683303826611295505811714
  -0.69589029004644469729267477848407629965    -0.97086686058170884332930909212505604507    -0.16662142468592322968900806469543382764   0.0077020020561022683303826611295505811714
   0.21330512146069994540370062862726557611    -0.84410687553638425823470871653769310301    -0.97751511327706086140117281942300520818   0.0049731988913269536343406591433611012536
  -0.84410687553638425823470871653769310301    -0.97751511327706086140117281942300520818     0.21330512146069994540370062862726557611   0.0049731988913269536343406591433611012536
  -0.84410687553638425823470871653769310301     0.21330512146069994540370062862726557611    -0.97751511327706086140117281942300520818   0.0049731988913269536343406591433611012536
  -0.97751511327706086140117281942300520818     0.21330512146069994540370062862726557611    -0.39168313264725482576781909266656726493   0.0049731988913269536343406591433611012536
  -0.97751511327706086140117281942300520818     0.21330512146069994540370062862726557611    -0.84410687553638425823470871653769310301   0.0049731988913269536343406591433611012536
  -0.39168313264725482576781909266656726493     0.21330512146069994540370062862726557611    -0.97751511327706086140117281942300520818   0.0049731988913269536343406591433611012536
  -0.97751511327706086140117281942300520818    -0.84410687553638425823470871653769310301    -0.39168313264725482576781909266656726493   0.0049731988913269536343406591433611012536
  -0.97751511327706086140117281942300520818    -0.39168313264725482576781909266656726493     0.21330512146069994540370062862726557611   0.0049731988913269536343406591433611012536
  -0.39168313264725482576781909266656726493    -0.84410687553638425823470871653769310301    -0.97751511327706086140117281942300520818   0.0049731988913269536343406591433611012536
   0.21330512146069994540370062862726557611    -0.84410687553638425823470871653769310301    -0.39168313264725482576781909266656726493   0.0049731988913269536343406591433611012536
  -0.39168313264725482576781909266656726493     0.21330512146069994540370062862726557611    -0.84410687553638425823470871653769310301   0.0049731988913269536343406591433611012536
  -0.97751511327706086140117281942300520818    -0.84410687553638425823470871653769310301     0.21330512146069994540370062862726557611   0.0049731988913269536343406591433611012536
  -0.39168313264725482576781909266656726493    -0.84410687553638425823470871653769310301     0.21330512146069994540370062862726557611   0.0049731988913269536343406591433611012536
   0.21330512146069994540370062862726557611    -0.39168313264725482576781909266656726493    -0.97751511327706086140117281942300520818   0.0049731988913269536343406591433611012536
  -0.97751511327706086140117281942300520818    -0.39168313264725482576781909266656726493    -0.84410687553638425823470871653769310301   0.0049731988913269536343406591433611012536
  -0.84410687553638425823470871653769310301    -0.39168313264725482576781909266656726493    -0.97751511327706086140117281942300520818   0.0049731988913269536343406591433611012536
   0.21330512146069994540370062862726557611    -0.39168313264725482576781909266656726493    -0.84410687553638425823470871653769310301   0.0049731988913269536343406591433611012536
  -0.84410687553638425823470871653769310301    -0.39168313264725482576781909266656726493     0.21330512146069994540370062862726557611   0.0049731988913269536343406591433611012536
  -0.84410687553638425823470871653769310301     0.21330512146069994540370062862726557611    -0.39168313264725482576781909266656726493   0.0049731988913269536343406591433611012536
  -0.39168313264725482576781909266656726493    -0.97751511327706086140117281942300520818     0.21330512146069994540370062862726557611   0.0049731988913269536343406591433611012536
   0.21330512146069994540370062862726557611    -0.97751511327706086140117281942300520818    -0.39168313264725482576781909266656726493   0.0049731988913269536343406591433611012536
   0.21330512146069994540370062862726557611    -0.97751511327706086140117281942300520818    -0.84410687553638425823470871653769310301   0.0049731988913269536343406591433611012536
  -0.84410687553638425823470871653769310301    -0.97751511327706086140117281942300520818    -0.39168313264725482576781909266656726493   0.0049731988913269536343406591433611012536
  -0.39168313264725482576781909266656726493    -0.97751511327706086140117281942300520818    -0.84410687553638425823470871653769310301   0.0049731988913269536343406591433611012536

