  -0.88023232331933949131272418905431356581    -0.88023232331933949131272418905431356581     0.64069696995801847393817256716294069742   0.0027756213553752637800288777088490752326
  -0.88023232331933949131272418905431356581     0.64069696995801847393817256716294069742    -0.88023232331933949131272418905431356581   0.0027756213553752637800288777088490752326
   0.64069696995801847393817256716294069742    -0.88023232331933949131272418905431356581    -0.88023232331933949131272418905431356581   0.0027756213553752637800288777088490752326
  -0.88023232331933949131272418905431356581    -0.88023232331933949131272418905431356581    -0.88023232331933949131272418905431356581   0.0027756213553752637800288777088490752326
   -0.6473613516528788677147796296112301696     -0.6473613516528788677147796296112301696   -0.057915945041363396855661111166309491206    0.005940034341889564400832887351850370589
   -0.6473613516528788677147796296112301696   -0.057915945041363396855661111166309491206     -0.6473613516528788677147796296112301696    0.005940034341889564400832887351850370589
 -0.057915945041363396855661111166309491206     -0.6473613516528788677147796296112301696     -0.6473613516528788677147796296112301696    0.005940034341889564400832887351850370589
   -0.6473613516528788677147796296112301696     -0.6473613516528788677147796296112301696     -0.6473613516528788677147796296112301696    0.005940034341889564400832887351850370589
  -0.56026021264034628712863801106680629947    -0.56026021264034628712863801106680629947    -0.31921936207896113861408596679958110159    0.010918786005463312649704587848434138331
  -0.56026021264034628712863801106680629947    -0.31921936207896113861408596679958110159    -0.56026021264034628712863801106680629947    0.010918786005463312649704587848434138331
  -0.31921936207896113861408596679958110159    -0.56026021264034628712863801106680629947    -0.56026021264034628712863801106680629947    0.010918786005463312649704587848434138331
  -0.56026021264034628712863801106680629947    -0.56026021264034628712863801106680629947    -0.56026021264034628712863801106680629947    0.010918786005463312649704587848434138331
  -0.96964237502933190710311966798504017502   -0.030357624970668092896880332014959824979   -0.030357624970668092896880332014959824979   0.0016190358310815029855141914049147556697
 -0.030357624970668092896880332014959824979    -0.96964237502933190710311966798504017502   -0.030357624970668092896880332014959824979   0.0016190358310815029855141914049147556697
  -0.96964237502933190710311966798504017502    -0.96964237502933190710311966798504017502   -0.030357624970668092896880332014959824979   0.0016190358310815029855141914049147556697
  -0.96964237502933190710311966798504017502   -0.030357624970668092896880332014959824979    -0.96964237502933190710311966798504017502   0.0016190358310815029855141914049147556697
 -0.030357624970668092896880332014959824979    -0.96964237502933190710311966798504017502    -0.96964237502933190710311966798504017502   0.0016190358310815029855141914049147556697
 -0.030357624970668092896880332014959824979   -0.030357624970668092896880332014959824979    -0.96964237502933190710311966798504017502   0.0016190358310815029855141914049147556697
  -0.85161313410905611500722987472473126041    -0.14838686589094388499277012527526873959    -0.14838686589094388499277012527526873959   0.0033536076501913541222121648986469282924
  -0.14838686589094388499277012527526873959    -0.85161313410905611500722987472473126041    -0.14838686589094388499277012527526873959   0.0033536076501913541222121648986469282924
  -0.85161313410905611500722987472473126041    -0.85161313410905611500722987472473126041    -0.14838686589094388499277012527526873959   0.0033536076501913541222121648986469282924
  -0.85161313410905611500722987472473126041    -0.14838686589094388499277012527526873959    -0.85161313410905611500722987472473126041   0.0033536076501913541222121648986469282924
  -0.14838686589094388499277012527526873959    -0.85161313410905611500722987472473126041    -0.85161313410905611500722987472473126041   0.0033536076501913541222121648986469282924
  -0.14838686589094388499277012527526873959    -0.14838686589094388499277012527526873959    -0.85161313410905611500722987472473126041   0.0033536076501913541222121648986469282924
  -0.78577963525428286563397557037317456556    -0.21422036474571713436602442962682543444    -0.21422036474571713436602442962682543444   0.0043897082351402674719014694883218674788
  -0.21422036474571713436602442962682543444    -0.78577963525428286563397557037317456556    -0.21422036474571713436602442962682543444   0.0043897082351402674719014694883218674788
  -0.78577963525428286563397557037317456556    -0.78577963525428286563397557037317456556    -0.21422036474571713436602442962682543444   0.0043897082351402674719014694883218674788
  -0.78577963525428286563397557037317456556    -0.21422036474571713436602442962682543444    -0.78577963525428286563397557037317456556   0.0043897082351402674719014694883218674788
  -0.21422036474571713436602442962682543444    -0.78577963525428286563397557037317456556    -0.78577963525428286563397557037317456556   0.0043897082351402674719014694883218674788
  -0.21422036474571713436602442962682543444    -0.21422036474571713436602442962682543444    -0.78577963525428286563397557037317456556   0.0043897082351402674719014694883218674788
   0.27496927260484194948769058143569632158    -0.99756341799212921508164803872392952383    -0.27984243662058351932439450398783727393  0.00015949376007793266897156729996068692327
   0.27496927260484194948769058143569632158    -0.99756341799212921508164803872392952383    -0.99756341799212921508164803872392952383  0.00015949376007793266897156729996068692327
  -0.99756341799212921508164803872392952383    -0.99756341799212921508164803872392952383     0.27496927260484194948769058143569632158  0.00015949376007793266897156729996068692327
  -0.27984243662058351932439450398783727393     0.27496927260484194948769058143569632158    -0.99756341799212921508164803872392952383  0.00015949376007793266897156729996068692327
  -0.99756341799212921508164803872392952383    -0.27984243662058351932439450398783727393     0.27496927260484194948769058143569632158  0.00015949376007793266897156729996068692327
  -0.99756341799212921508164803872392952383     0.27496927260484194948769058143569632158    -0.99756341799212921508164803872392952383  0.00015949376007793266897156729996068692327
  -0.27984243662058351932439450398783727393    -0.99756341799212921508164803872392952383     0.27496927260484194948769058143569632158  0.00015949376007793266897156729996068692327
  -0.99756341799212921508164803872392952383    -0.27984243662058351932439450398783727393    -0.99756341799212921508164803872392952383  0.00015949376007793266897156729996068692327
  -0.99756341799212921508164803872392952383    -0.99756341799212921508164803872392952383    -0.27984243662058351932439450398783727393  0.00015949376007793266897156729996068692327
  -0.99756341799212921508164803872392952383     0.27496927260484194948769058143569632158    -0.27984243662058351932439450398783727393  0.00015949376007793266897156729996068692327
  -0.27984243662058351932439450398783727393    -0.99756341799212921508164803872392952383    -0.99756341799212921508164803872392952383  0.00015949376007793266897156729996068692327
   0.27496927260484194948769058143569632158    -0.27984243662058351932439450398783727393    -0.99756341799212921508164803872392952383  0.00015949376007793266897156729996068692327
   0.92832862400107276362878488086382114159    -0.99227036607486867060121283289572732084     -0.9437878918513354224263592150723664999  7.8949213399290894287820388899390872472e-05
   0.92832862400107276362878488086382114159    -0.99227036607486867060121283289572732084    -0.99227036607486867060121283289572732084  7.8949213399290894287820388899390872472e-05
  -0.99227036607486867060121283289572732084    -0.99227036607486867060121283289572732084     0.92832862400107276362878488086382114159  7.8949213399290894287820388899390872472e-05
   -0.9437878918513354224263592150723664999     0.92832862400107276362878488086382114159    -0.99227036607486867060121283289572732084  7.8949213399290894287820388899390872472e-05
  -0.99227036607486867060121283289572732084     -0.9437878918513354224263592150723664999     0.92832862400107276362878488086382114159  7.8949213399290894287820388899390872472e-05
  -0.99227036607486867060121283289572732084     0.92832862400107276362878488086382114159    -0.99227036607486867060121283289572732084  7.8949213399290894287820388899390872472e-05
   -0.9437878918513354224263592150723664999    -0.99227036607486867060121283289572732084     0.92832862400107276362878488086382114159  7.8949213399290894287820388899390872472e-05
  -0.99227036607486867060121283289572732084     -0.9437878918513354224263592150723664999    -0.99227036607486867060121283289572732084  7.8949213399290894287820388899390872472e-05
  -0.99227036607486867060121283289572732084    -0.99227036607486867060121283289572732084     -0.9437878918513354224263592150723664999  7.8949213399290894287820388899390872472e-05
  -0.99227036607486867060121283289572732084     0.92832862400107276362878488086382114159     -0.9437878918513354224263592150723664999  7.8949213399290894287820388899390872472e-05
   -0.9437878918513354224263592150723664999    -0.99227036607486867060121283289572732084    -0.99227036607486867060121283289572732084  7.8949213399290894287820388899390872472e-05
   0.92832862400107276362878488086382114159     -0.9437878918513354224263592150723664999    -0.99227036607486867060121283289572732084  7.8949213399290894287820388899390872472e-05
   0.76297848888193591419299093634938387126    -0.98064220824844041274904368870914892582    -0.80169407238505508869490355893108601962  0.00043620679520443097633007306542791966075
   0.76297848888193591419299093634938387126    -0.98064220824844041274904368870914892582    -0.98064220824844041274904368870914892582  0.00043620679520443097633007306542791966075
  -0.98064220824844041274904368870914892582    -0.98064220824844041274904368870914892582     0.76297848888193591419299093634938387126  0.00043620679520443097633007306542791966075
  -0.80169407238505508869490355893108601962     0.76297848888193591419299093634938387126    -0.98064220824844041274904368870914892582  0.00043620679520443097633007306542791966075
  -0.98064220824844041274904368870914892582    -0.80169407238505508869490355893108601962     0.76297848888193591419299093634938387126  0.00043620679520443097633007306542791966075
  -0.98064220824844041274904368870914892582     0.76297848888193591419299093634938387126    -0.98064220824844041274904368870914892582  0.00043620679520443097633007306542791966075
  -0.80169407238505508869490355893108601962    -0.98064220824844041274904368870914892582     0.76297848888193591419299093634938387126  0.00043620679520443097633007306542791966075
  -0.98064220824844041274904368870914892582    -0.80169407238505508869490355893108601962    -0.98064220824844041274904368870914892582  0.00043620679520443097633007306542791966075
  -0.98064220824844041274904368870914892582    -0.98064220824844041274904368870914892582    -0.80169407238505508869490355893108601962  0.00043620679520443097633007306542791966075
  -0.98064220824844041274904368870914892582     0.76297848888193591419299093634938387126    -0.80169407238505508869490355893108601962  0.00043620679520443097633007306542791966075
  -0.80169407238505508869490355893108601962    -0.98064220824844041274904368870914892582    -0.98064220824844041274904368870914892582  0.00043620679520443097633007306542791966075
   0.76297848888193591419299093634938387126    -0.80169407238505508869490355893108601962    -0.98064220824844041274904368870914892582  0.00043620679520443097633007306542791966075
   0.55478777450298990919460852683323045999    -0.97877090092017600141131165720725572137    -0.59724597266263790637198521241871901726  0.00069382493534013559161376457417744575615
   0.55478777450298990919460852683323045999    -0.97877090092017600141131165720725572137    -0.97877090092017600141131165720725572137  0.00069382493534013559161376457417744575615
  -0.97877090092017600141131165720725572137    -0.97877090092017600141131165720725572137     0.55478777450298990919460852683323045999  0.00069382493534013559161376457417744575615
  -0.59724597266263790637198521241871901726     0.55478777450298990919460852683323045999    -0.97877090092017600141131165720725572137  0.00069382493534013559161376457417744575615
  -0.97877090092017600141131165720725572137    -0.59724597266263790637198521241871901726     0.55478777450298990919460852683323045999  0.00069382493534013559161376457417744575615
  -0.97877090092017600141131165720725572137     0.55478777450298990919460852683323045999    -0.97877090092017600141131165720725572137  0.00069382493534013559161376457417744575615
  -0.59724597266263790637198521241871901726    -0.97877090092017600141131165720725572137     0.55478777450298990919460852683323045999  0.00069382493534013559161376457417744575615
  -0.97877090092017600141131165720725572137    -0.59724597266263790637198521241871901726    -0.97877090092017600141131165720725572137  0.00069382493534013559161376457417744575615
  -0.97877090092017600141131165720725572137    -0.97877090092017600141131165720725572137    -0.59724597266263790637198521241871901726  0.00069382493534013559161376457417744575615
  -0.97877090092017600141131165720725572137     0.55478777450298990919460852683323045999    -0.59724597266263790637198521241871901726  0.00069382493534013559161376457417744575615
  -0.59724597266263790637198521241871901726    -0.97877090092017600141131165720725572137    -0.97877090092017600141131165720725572137  0.00069382493534013559161376457417744575615
   0.55478777450298990919460852683323045999    -0.59724597266263790637198521241871901726    -0.97877090092017600141131165720725572137  0.00069382493534013559161376457417744575615
   0.32784573458650897001428875617060545046    -0.95665048986969760072291503746290052479    -0.41454475484711376856845868124480440089   0.0015885562035732806735575243399635695241
   0.32784573458650897001428875617060545046    -0.95665048986969760072291503746290052479    -0.95665048986969760072291503746290052479   0.0015885562035732806735575243399635695241
  -0.95665048986969760072291503746290052479    -0.95665048986969760072291503746290052479     0.32784573458650897001428875617060545046   0.0015885562035732806735575243399635695241
  -0.41454475484711376856845868124480440089     0.32784573458650897001428875617060545046    -0.95665048986969760072291503746290052479   0.0015885562035732806735575243399635695241
  -0.95665048986969760072291503746290052479    -0.41454475484711376856845868124480440089     0.32784573458650897001428875617060545046   0.0015885562035732806735575243399635695241
  -0.95665048986969760072291503746290052479     0.32784573458650897001428875617060545046    -0.95665048986969760072291503746290052479   0.0015885562035732806735575243399635695241
  -0.41454475484711376856845868124480440089    -0.95665048986969760072291503746290052479     0.32784573458650897001428875617060545046   0.0015885562035732806735575243399635695241
  -0.95665048986969760072291503746290052479    -0.41454475484711376856845868124480440089    -0.95665048986969760072291503746290052479   0.0015885562035732806735575243399635695241
  -0.95665048986969760072291503746290052479    -0.95665048986969760072291503746290052479    -0.41454475484711376856845868124480440089   0.0015885562035732806735575243399635695241
  -0.95665048986969760072291503746290052479     0.32784573458650897001428875617060545046    -0.41454475484711376856845868124480440089   0.0015885562035732806735575243399635695241
  -0.41454475484711376856845868124480440089    -0.95665048986969760072291503746290052479    -0.95665048986969760072291503746290052479   0.0015885562035732806735575243399635695241
   0.32784573458650897001428875617060545046    -0.41454475484711376856845868124480440089    -0.95665048986969760072291503746290052479   0.0015885562035732806735575243399635695241
    0.8195176950538199453868458004645176306    -0.91951296743230338438359395926905532884    -0.98049176018921317661965788192640697293  0.00059314541349840451315704450600357602555
    0.8195176950538199453868458004645176306    -0.91951296743230338438359395926905532884    -0.91951296743230338438359395926905532884  0.00059314541349840451315704450600357602555
  -0.91951296743230338438359395926905532884    -0.91951296743230338438359395926905532884      0.8195176950538199453868458004645176306  0.00059314541349840451315704450600357602555
  -0.98049176018921317661965788192640697293      0.8195176950538199453868458004645176306    -0.91951296743230338438359395926905532884  0.00059314541349840451315704450600357602555
  -0.91951296743230338438359395926905532884    -0.98049176018921317661965788192640697293      0.8195176950538199453868458004645176306  0.00059314541349840451315704450600357602555
  -0.91951296743230338438359395926905532884      0.8195176950538199453868458004645176306    -0.91951296743230338438359395926905532884  0.00059314541349840451315704450600357602555
  -0.98049176018921317661965788192640697293    -0.91951296743230338438359395926905532884      0.8195176950538199453868458004645176306  0.00059314541349840451315704450600357602555
  -0.91951296743230338438359395926905532884    -0.98049176018921317661965788192640697293    -0.91951296743230338438359395926905532884  0.00059314541349840451315704450600357602555
  -0.91951296743230338438359395926905532884    -0.91951296743230338438359395926905532884    -0.98049176018921317661965788192640697293  0.00059314541349840451315704450600357602555
  -0.91951296743230338438359395926905532884      0.8195176950538199453868458004645176306    -0.98049176018921317661965788192640697293  0.00059314541349840451315704450600357602555
  -0.98049176018921317661965788192640697293    -0.91951296743230338438359395926905532884    -0.91951296743230338438359395926905532884  0.00059314541349840451315704450600357602555
    0.8195176950538199453868458004645176306    -0.98049176018921317661965788192640697293    -0.91951296743230338438359395926905532884  0.00059314541349840451315704450600357602555
   0.47314222064338869870562156169626638351    -0.90859523042024228420088650400888337177    -0.65595175980290413030384855367849963998   0.0028682463423347364642813950428032074629
   0.47314222064338869870562156169626638351    -0.90859523042024228420088650400888337177    -0.90859523042024228420088650400888337177   0.0028682463423347364642813950428032074629
  -0.90859523042024228420088650400888337177    -0.90859523042024228420088650400888337177     0.47314222064338869870562156169626638351   0.0028682463423347364642813950428032074629
  -0.65595175980290413030384855367849963998     0.47314222064338869870562156169626638351    -0.90859523042024228420088650400888337177   0.0028682463423347364642813950428032074629
  -0.90859523042024228420088650400888337177    -0.65595175980290413030384855367849963998     0.47314222064338869870562156169626638351   0.0028682463423347364642813950428032074629
  -0.90859523042024228420088650400888337177     0.47314222064338869870562156169626638351    -0.90859523042024228420088650400888337177   0.0028682463423347364642813950428032074629
  -0.65595175980290413030384855367849963998    -0.90859523042024228420088650400888337177     0.47314222064338869870562156169626638351   0.0028682463423347364642813950428032074629
  -0.90859523042024228420088650400888337177    -0.65595175980290413030384855367849963998    -0.90859523042024228420088650400888337177   0.0028682463423347364642813950428032074629
  -0.90859523042024228420088650400888337177    -0.90859523042024228420088650400888337177    -0.65595175980290413030384855367849963998   0.0028682463423347364642813950428032074629
  -0.90859523042024228420088650400888337177     0.47314222064338869870562156169626638351    -0.65595175980290413030384855367849963998   0.0028682463423347364642813950428032074629
  -0.65595175980290413030384855367849963998    -0.90859523042024228420088650400888337177    -0.90859523042024228420088650400888337177   0.0028682463423347364642813950428032074629
   0.47314222064338869870562156169626638351    -0.65595175980290413030384855367849963998    -0.90859523042024228420088650400888337177   0.0028682463423347364642813950428032074629
  0.090079249369008545898924944681824107892    -0.90687129392461420618984328622620174308    -0.27633666151978013351923837222942062172   0.0036065517080614740554171472619571050525
  0.090079249369008545898924944681824107892    -0.90687129392461420618984328622620174308    -0.90687129392461420618984328622620174308   0.0036065517080614740554171472619571050525
  -0.90687129392461420618984328622620174308    -0.90687129392461420618984328622620174308    0.090079249369008545898924944681824107892   0.0036065517080614740554171472619571050525
  -0.27633666151978013351923837222942062172    0.090079249369008545898924944681824107892    -0.90687129392461420618984328622620174308   0.0036065517080614740554171472619571050525
  -0.90687129392461420618984328622620174308    -0.27633666151978013351923837222942062172    0.090079249369008545898924944681824107892   0.0036065517080614740554171472619571050525
  -0.90687129392461420618984328622620174308    0.090079249369008545898924944681824107892    -0.90687129392461420618984328622620174308   0.0036065517080614740554171472619571050525
  -0.27633666151978013351923837222942062172    -0.90687129392461420618984328622620174308    0.090079249369008545898924944681824107892   0.0036065517080614740554171472619571050525
  -0.90687129392461420618984328622620174308    -0.27633666151978013351923837222942062172    -0.90687129392461420618984328622620174308   0.0036065517080614740554171472619571050525
  -0.90687129392461420618984328622620174308    -0.90687129392461420618984328622620174308    -0.27633666151978013351923837222942062172   0.0036065517080614740554171472619571050525
  -0.90687129392461420618984328622620174308    0.090079249369008545898924944681824107892    -0.27633666151978013351923837222942062172   0.0036065517080614740554171472619571050525
  -0.27633666151978013351923837222942062172    -0.90687129392461420618984328622620174308    -0.90687129392461420618984328622620174308   0.0036065517080614740554171472619571050525
  0.090079249369008545898924944681824107892    -0.27633666151978013351923837222942062172    -0.90687129392461420618984328622620174308   0.0036065517080614740554171472619571050525
   0.16603031547336131849222945793765937808    -0.82505198747981393358386148915592092903    -0.51592634051373345132450647962581752002   0.0056544220527419491352274526909208918326
   0.16603031547336131849222945793765937808    -0.82505198747981393358386148915592092903    -0.82505198747981393358386148915592092903   0.0056544220527419491352274526909208918326
  -0.82505198747981393358386148915592092903    -0.82505198747981393358386148915592092903     0.16603031547336131849222945793765937808   0.0056544220527419491352274526909208918326
  -0.51592634051373345132450647962581752002     0.16603031547336131849222945793765937808    -0.82505198747981393358386148915592092903   0.0056544220527419491352274526909208918326
  -0.82505198747981393358386148915592092903    -0.51592634051373345132450647962581752002     0.16603031547336131849222945793765937808   0.0056544220527419491352274526909208918326
  -0.82505198747981393358386148915592092903     0.16603031547336131849222945793765937808    -0.82505198747981393358386148915592092903   0.0056544220527419491352274526909208918326
  -0.51592634051373345132450647962581752002    -0.82505198747981393358386148915592092903     0.16603031547336131849222945793765937808   0.0056544220527419491352274526909208918326
  -0.82505198747981393358386148915592092903    -0.51592634051373345132450647962581752002    -0.82505198747981393358386148915592092903   0.0056544220527419491352274526909208918326
  -0.82505198747981393358386148915592092903    -0.82505198747981393358386148915592092903    -0.51592634051373345132450647962581752002   0.0056544220527419491352274526909208918326
  -0.82505198747981393358386148915592092903     0.16603031547336131849222945793765937808    -0.51592634051373345132450647962581752002   0.0056544220527419491352274526909208918326
  -0.51592634051373345132450647962581752002    -0.82505198747981393358386148915592092903    -0.82505198747981393358386148915592092903   0.0056544220527419491352274526909208918326
   0.16603031547336131849222945793765937808    -0.51592634051373345132450647962581752002    -0.82505198747981393358386148915592092903   0.0056544220527419491352274526909208918326
   0.27201762346345168599351261638651113253    -0.79316650848524353581638104005200139301    -0.68568460649296461436075053628250834652   0.0021727930705801116228776044381045455269
   0.27201762346345168599351261638651113253    -0.79316650848524353581638104005200139301    -0.79316650848524353581638104005200139301   0.0021727930705801116228776044381045455269
  -0.79316650848524353581638104005200139301    -0.79316650848524353581638104005200139301     0.27201762346345168599351261638651113253   0.0021727930705801116228776044381045455269
  -0.68568460649296461436075053628250834652     0.27201762346345168599351261638651113253    -0.79316650848524353581638104005200139301   0.0021727930705801116228776044381045455269
  -0.79316650848524353581638104005200139301    -0.68568460649296461436075053628250834652     0.27201762346345168599351261638651113253   0.0021727930705801116228776044381045455269
  -0.79316650848524353581638104005200139301     0.27201762346345168599351261638651113253    -0.79316650848524353581638104005200139301   0.0021727930705801116228776044381045455269
  -0.68568460649296461436075053628250834652    -0.79316650848524353581638104005200139301     0.27201762346345168599351261638651113253   0.0021727930705801116228776044381045455269
  -0.79316650848524353581638104005200139301    -0.68568460649296461436075053628250834652    -0.79316650848524353581638104005200139301   0.0021727930705801116228776044381045455269
  -0.79316650848524353581638104005200139301    -0.79316650848524353581638104005200139301    -0.68568460649296461436075053628250834652   0.0021727930705801116228776044381045455269
  -0.79316650848524353581638104005200139301     0.27201762346345168599351261638651113253    -0.68568460649296461436075053628250834652   0.0021727930705801116228776044381045455269
  -0.68568460649296461436075053628250834652    -0.79316650848524353581638104005200139301    -0.79316650848524353581638104005200139301   0.0021727930705801116228776044381045455269
   0.27201762346345168599351261638651113253    -0.68568460649296461436075053628250834652    -0.79316650848524353581638104005200139301   0.0021727930705801116228776044381045455269
   0.41840269508077217391703257102054929246    -0.75966272537875150622041932027894621128    -0.89907724432326916147619393046265686989   0.0036821058483588911631659520284044908301
   0.41840269508077217391703257102054929246    -0.75966272537875150622041932027894621128    -0.75966272537875150622041932027894621128   0.0036821058483588911631659520284044908301
  -0.75966272537875150622041932027894621128    -0.75966272537875150622041932027894621128     0.41840269508077217391703257102054929246   0.0036821058483588911631659520284044908301
  -0.89907724432326916147619393046265686989     0.41840269508077217391703257102054929246    -0.75966272537875150622041932027894621128   0.0036821058483588911631659520284044908301
  -0.75966272537875150622041932027894621128    -0.89907724432326916147619393046265686989     0.41840269508077217391703257102054929246   0.0036821058483588911631659520284044908301
  -0.75966272537875150622041932027894621128     0.41840269508077217391703257102054929246    -0.75966272537875150622041932027894621128   0.0036821058483588911631659520284044908301
  -0.89907724432326916147619393046265686989    -0.75966272537875150622041932027894621128     0.41840269508077217391703257102054929246   0.0036821058483588911631659520284044908301
  -0.75966272537875150622041932027894621128    -0.89907724432326916147619393046265686989    -0.75966272537875150622041932027894621128   0.0036821058483588911631659520284044908301
  -0.75966272537875150622041932027894621128    -0.75966272537875150622041932027894621128    -0.89907724432326916147619393046265686989   0.0036821058483588911631659520284044908301
  -0.75966272537875150622041932027894621128     0.41840269508077217391703257102054929246    -0.89907724432326916147619393046265686989   0.0036821058483588911631659520284044908301
  -0.89907724432326916147619393046265686989    -0.75966272537875150622041932027894621128    -0.75966272537875150622041932027894621128   0.0036821058483588911631659520284044908301
   0.41840269508077217391703257102054929246    -0.89907724432326916147619393046265686989    -0.75966272537875150622041932027894621128   0.0036821058483588911631659520284044908301
   0.44777476641321620987640575888126975182    -0.73392951777014158444702137029088280996     -0.9799157308729330409823630182995041319   0.0017046485555406950429345303061136842168
   0.44777476641321620987640575888126975182    -0.73392951777014158444702137029088280996    -0.73392951777014158444702137029088280996   0.0017046485555406950429345303061136842168
  -0.73392951777014158444702137029088280996    -0.73392951777014158444702137029088280996     0.44777476641321620987640575888126975182   0.0017046485555406950429345303061136842168
   -0.9799157308729330409823630182995041319     0.44777476641321620987640575888126975182    -0.73392951777014158444702137029088280996   0.0017046485555406950429345303061136842168
  -0.73392951777014158444702137029088280996     -0.9799157308729330409823630182995041319     0.44777476641321620987640575888126975182   0.0017046485555406950429345303061136842168
  -0.73392951777014158444702137029088280996     0.44777476641321620987640575888126975182    -0.73392951777014158444702137029088280996   0.0017046485555406950429345303061136842168
   -0.9799157308729330409823630182995041319    -0.73392951777014158444702137029088280996     0.44777476641321620987640575888126975182   0.0017046485555406950429345303061136842168
  -0.73392951777014158444702137029088280996     -0.9799157308729330409823630182995041319    -0.73392951777014158444702137029088280996   0.0017046485555406950429345303061136842168
  -0.73392951777014158444702137029088280996    -0.73392951777014158444702137029088280996     -0.9799157308729330409823630182995041319   0.0017046485555406950429345303061136842168
  -0.73392951777014158444702137029088280996     0.44777476641321620987640575888126975182     -0.9799157308729330409823630182995041319   0.0017046485555406950429345303061136842168
   -0.9799157308729330409823630182995041319    -0.73392951777014158444702137029088280996    -0.73392951777014158444702137029088280996   0.0017046485555406950429345303061136842168
   0.44777476641321620987640575888126975182     -0.9799157308729330409823630182995041319    -0.73392951777014158444702137029088280996   0.0017046485555406950429345303061136842168
   -0.1225126618352517811354770538756295613    -0.72121204660259017988911152988633242691    -0.43506324495956785908629988635170558488   0.0076188760985843438165828088395511591166
   -0.1225126618352517811354770538756295613    -0.72121204660259017988911152988633242691    -0.72121204660259017988911152988633242691   0.0076188760985843438165828088395511591166
  -0.72121204660259017988911152988633242691    -0.72121204660259017988911152988633242691     -0.1225126618352517811354770538756295613   0.0076188760985843438165828088395511591166
  -0.43506324495956785908629988635170558488     -0.1225126618352517811354770538756295613    -0.72121204660259017988911152988633242691   0.0076188760985843438165828088395511591166
  -0.72121204660259017988911152988633242691    -0.43506324495956785908629988635170558488     -0.1225126618352517811354770538756295613   0.0076188760985843438165828088395511591166
  -0.72121204660259017988911152988633242691     -0.1225126618352517811354770538756295613    -0.72121204660259017988911152988633242691   0.0076188760985843438165828088395511591166
  -0.43506324495956785908629988635170558488    -0.72121204660259017988911152988633242691     -0.1225126618352517811354770538756295613   0.0076188760985843438165828088395511591166
  -0.72121204660259017988911152988633242691    -0.43506324495956785908629988635170558488    -0.72121204660259017988911152988633242691   0.0076188760985843438165828088395511591166
  -0.72121204660259017988911152988633242691    -0.72121204660259017988911152988633242691    -0.43506324495956785908629988635170558488   0.0076188760985843438165828088395511591166
  -0.72121204660259017988911152988633242691     -0.1225126618352517811354770538756295613    -0.43506324495956785908629988635170558488   0.0076188760985843438165828088395511591166
  -0.43506324495956785908629988635170558488    -0.72121204660259017988911152988633242691    -0.72121204660259017988911152988633242691   0.0076188760985843438165828088395511591166
   -0.1225126618352517811354770538756295613    -0.43506324495956785908629988635170558488    -0.72121204660259017988911152988633242691   0.0076188760985843438165828088395511591166
  0.096293156491733610532252988153855278139     -0.6434094263856493783198866385285300921    -0.80947430372043485389247971109679509393    0.004434875703832179285553977820224724155
  0.096293156491733610532252988153855278139     -0.6434094263856493783198866385285300921     -0.6434094263856493783198866385285300921    0.004434875703832179285553977820224724155
   -0.6434094263856493783198866385285300921     -0.6434094263856493783198866385285300921    0.096293156491733610532252988153855278139    0.004434875703832179285553977820224724155
  -0.80947430372043485389247971109679509393    0.096293156491733610532252988153855278139     -0.6434094263856493783198866385285300921    0.004434875703832179285553977820224724155
   -0.6434094263856493783198866385285300921    -0.80947430372043485389247971109679509393    0.096293156491733610532252988153855278139    0.004434875703832179285553977820224724155
   -0.6434094263856493783198866385285300921    0.096293156491733610532252988153855278139     -0.6434094263856493783198866385285300921    0.004434875703832179285553977820224724155
  -0.80947430372043485389247971109679509393     -0.6434094263856493783198866385285300921    0.096293156491733610532252988153855278139    0.004434875703832179285553977820224724155
   -0.6434094263856493783198866385285300921    -0.80947430372043485389247971109679509393     -0.6434094263856493783198866385285300921    0.004434875703832179285553977820224724155
   -0.6434094263856493783198866385285300921     -0.6434094263856493783198866385285300921    -0.80947430372043485389247971109679509393    0.004434875703832179285553977820224724155
   -0.6434094263856493783198866385285300921    0.096293156491733610532252988153855278139    -0.80947430372043485389247971109679509393    0.004434875703832179285553977820224724155
  -0.80947430372043485389247971109679509393     -0.6434094263856493783198866385285300921     -0.6434094263856493783198866385285300921    0.004434875703832179285553977820224724155
  0.096293156491733610532252988153855278139    -0.80947430372043485389247971109679509393     -0.6434094263856493783198866385285300921    0.004434875703832179285553977820224724155
   0.16772374870103262172495023882667109293    -0.62007018955092110027960899660782106193    -0.92758336959919042116573224561102896907   0.0047168621958238317224122054587174525067
   0.16772374870103262172495023882667109293    -0.62007018955092110027960899660782106193    -0.62007018955092110027960899660782106193   0.0047168621958238317224122054587174525067
  -0.62007018955092110027960899660782106193    -0.62007018955092110027960899660782106193     0.16772374870103262172495023882667109293   0.0047168621958238317224122054587174525067
  -0.92758336959919042116573224561102896907     0.16772374870103262172495023882667109293    -0.62007018955092110027960899660782106193   0.0047168621958238317224122054587174525067
  -0.62007018955092110027960899660782106193    -0.92758336959919042116573224561102896907     0.16772374870103262172495023882667109293   0.0047168621958238317224122054587174525067
  -0.62007018955092110027960899660782106193     0.16772374870103262172495023882667109293    -0.62007018955092110027960899660782106193   0.0047168621958238317224122054587174525067
  -0.92758336959919042116573224561102896907    -0.62007018955092110027960899660782106193     0.16772374870103262172495023882667109293   0.0047168621958238317224122054587174525067
  -0.62007018955092110027960899660782106193    -0.92758336959919042116573224561102896907    -0.62007018955092110027960899660782106193   0.0047168621958238317224122054587174525067
  -0.62007018955092110027960899660782106193    -0.62007018955092110027960899660782106193    -0.92758336959919042116573224561102896907   0.0047168621958238317224122054587174525067
  -0.62007018955092110027960899660782106193     0.16772374870103262172495023882667109293    -0.92758336959919042116573224561102896907   0.0047168621958238317224122054587174525067
  -0.92758336959919042116573224561102896907    -0.62007018955092110027960899660782106193    -0.62007018955092110027960899660782106193   0.0047168621958238317224122054587174525067
   0.16772374870103262172495023882667109293    -0.92758336959919042116573224561102896907    -0.62007018955092110027960899660782106193   0.0047168621958238317224122054587174525067
   0.23634607221412461391837887886766685292    -0.61976448503852524379318826224234550637    -0.99681710213707412633200235438297584018  0.00090953790478947938611677490325702163437
   0.23634607221412461391837887886766685292    -0.61976448503852524379318826224234550637    -0.61976448503852524379318826224234550637  0.00090953790478947938611677490325702163437
  -0.61976448503852524379318826224234550637    -0.61976448503852524379318826224234550637     0.23634607221412461391837887886766685292  0.00090953790478947938611677490325702163437
  -0.99681710213707412633200235438297584018     0.23634607221412461391837887886766685292    -0.61976448503852524379318826224234550637  0.00090953790478947938611677490325702163437
  -0.61976448503852524379318826224234550637    -0.99681710213707412633200235438297584018     0.23634607221412461391837887886766685292  0.00090953790478947938611677490325702163437
  -0.61976448503852524379318826224234550637     0.23634607221412461391837887886766685292    -0.61976448503852524379318826224234550637  0.00090953790478947938611677490325702163437
  -0.99681710213707412633200235438297584018    -0.61976448503852524379318826224234550637     0.23634607221412461391837887886766685292  0.00090953790478947938611677490325702163437
  -0.61976448503852524379318826224234550637    -0.99681710213707412633200235438297584018    -0.61976448503852524379318826224234550637  0.00090953790478947938611677490325702163437
  -0.61976448503852524379318826224234550637    -0.61976448503852524379318826224234550637    -0.99681710213707412633200235438297584018  0.00090953790478947938611677490325702163437
  -0.61976448503852524379318826224234550637     0.23634607221412461391837887886766685292    -0.99681710213707412633200235438297584018  0.00090953790478947938611677490325702163437
  -0.99681710213707412633200235438297584018    -0.61976448503852524379318826224234550637    -0.61976448503852524379318826224234550637  0.00090953790478947938611677490325702163437
   0.23634607221412461391837887886766685292    -0.99681710213707412633200235438297584018    -0.61976448503852524379318826224234550637  0.00090953790478947938611677490325702163437
  -0.11255622517789501642915778805751134514    -0.52431144337190736709626340057675442376    -0.83882088807829024937831541078897980734   0.0066467455226995520948318908363714249567
  -0.11255622517789501642915778805751134514    -0.52431144337190736709626340057675442376    -0.52431144337190736709626340057675442376   0.0066467455226995520948318908363714249567
  -0.52431144337190736709626340057675442376    -0.52431144337190736709626340057675442376    -0.11255622517789501642915778805751134514   0.0066467455226995520948318908363714249567
  -0.83882088807829024937831541078897980734    -0.11255622517789501642915778805751134514    -0.52431144337190736709626340057675442376   0.0066467455226995520948318908363714249567
  -0.52431144337190736709626340057675442376    -0.83882088807829024937831541078897980734    -0.11255622517789501642915778805751134514   0.0066467455226995520948318908363714249567
  -0.52431144337190736709626340057675442376    -0.11255622517789501642915778805751134514    -0.52431144337190736709626340057675442376   0.0066467455226995520948318908363714249567
  -0.83882088807829024937831541078897980734    -0.52431144337190736709626340057675442376    -0.11255622517789501642915778805751134514   0.0066467455226995520948318908363714249567
  -0.52431144337190736709626340057675442376    -0.83882088807829024937831541078897980734    -0.52431144337190736709626340057675442376   0.0066467455226995520948318908363714249567
  -0.52431144337190736709626340057675442376    -0.52431144337190736709626340057675442376    -0.83882088807829024937831541078897980734   0.0066467455226995520948318908363714249567
  -0.52431144337190736709626340057675442376    -0.11255622517789501642915778805751134514    -0.83882088807829024937831541078897980734   0.0066467455226995520948318908363714249567
  -0.83882088807829024937831541078897980734    -0.52431144337190736709626340057675442376    -0.52431144337190736709626340057675442376   0.0066467455226995520948318908363714249567
  -0.11255622517789501642915778805751134514    -0.83882088807829024937831541078897980734    -0.52431144337190736709626340057675442376   0.0066467455226995520948318908363714249567
 -0.060765653465963771913025470833156537331    -0.48409431776922016229622694264644612964     -0.9710457109955959034945206438739512034   0.0039757393254873388178365822399679990016
 -0.060765653465963771913025470833156537331    -0.48409431776922016229622694264644612964    -0.48409431776922016229622694264644612964   0.0039757393254873388178365822399679990016
  -0.48409431776922016229622694264644612964    -0.48409431776922016229622694264644612964   -0.060765653465963771913025470833156537331   0.0039757393254873388178365822399679990016
   -0.9710457109955959034945206438739512034   -0.060765653465963771913025470833156537331    -0.48409431776922016229622694264644612964   0.0039757393254873388178365822399679990016
  -0.48409431776922016229622694264644612964     -0.9710457109955959034945206438739512034   -0.060765653465963771913025470833156537331   0.0039757393254873388178365822399679990016
  -0.48409431776922016229622694264644612964   -0.060765653465963771913025470833156537331    -0.48409431776922016229622694264644612964   0.0039757393254873388178365822399679990016
   -0.9710457109955959034945206438739512034    -0.48409431776922016229622694264644612964   -0.060765653465963771913025470833156537331   0.0039757393254873388178365822399679990016
  -0.48409431776922016229622694264644612964     -0.9710457109955959034945206438739512034    -0.48409431776922016229622694264644612964   0.0039757393254873388178365822399679990016
  -0.48409431776922016229622694264644612964    -0.48409431776922016229622694264644612964     -0.9710457109955959034945206438739512034   0.0039757393254873388178365822399679990016
  -0.48409431776922016229622694264644612964   -0.060765653465963771913025470833156537331     -0.9710457109955959034945206438739512034   0.0039757393254873388178365822399679990016
   -0.9710457109955959034945206438739512034    -0.48409431776922016229622694264644612964    -0.48409431776922016229622694264644612964   0.0039757393254873388178365822399679990016
 -0.060765653465963771913025470833156537331     -0.9710457109955959034945206438739512034    -0.48409431776922016229622694264644612964   0.0039757393254873388178365822399679990016
   -0.5525696057444141191423982724985504737    -0.34964456987542234675143835723998719678    -0.74814125450474118735472501302147513274    0.007839738280591932666693328562916392226
   -0.5525696057444141191423982724985504737    -0.34964456987542234675143835723998719678    -0.34964456987542234675143835723998719678    0.007839738280591932666693328562916392226
  -0.34964456987542234675143835723998719678    -0.34964456987542234675143835723998719678     -0.5525696057444141191423982724985504737    0.007839738280591932666693328562916392226
  -0.74814125450474118735472501302147513274     -0.5525696057444141191423982724985504737    -0.34964456987542234675143835723998719678    0.007839738280591932666693328562916392226
  -0.34964456987542234675143835723998719678    -0.74814125450474118735472501302147513274     -0.5525696057444141191423982724985504737    0.007839738280591932666693328562916392226
  -0.34964456987542234675143835723998719678     -0.5525696057444141191423982724985504737    -0.34964456987542234675143835723998719678    0.007839738280591932666693328562916392226
  -0.74814125450474118735472501302147513274    -0.34964456987542234675143835723998719678     -0.5525696057444141191423982724985504737    0.007839738280591932666693328562916392226
  -0.34964456987542234675143835723998719678    -0.74814125450474118735472501302147513274    -0.34964456987542234675143835723998719678    0.007839738280591932666693328562916392226
  -0.34964456987542234675143835723998719678    -0.34964456987542234675143835723998719678    -0.74814125450474118735472501302147513274    0.007839738280591932666693328562916392226
  -0.34964456987542234675143835723998719678     -0.5525696057444141191423982724985504737    -0.74814125450474118735472501302147513274    0.007839738280591932666693328562916392226
  -0.74814125450474118735472501302147513274    -0.34964456987542234675143835723998719678    -0.34964456987542234675143835723998719678    0.007839738280591932666693328562916392226
   -0.5525696057444141191423982724985504737    -0.74814125450474118735472501302147513274    -0.34964456987542234675143835723998719678    0.007839738280591932666693328562916392226
  -0.42343439300004474991055343467440471524    -0.31979300519162635369754575238429883326    -0.93697959661670254269435506055699761824   0.0019005320324800797188002290776769341244
  -0.42343439300004474991055343467440471524    -0.31979300519162635369754575238429883326    -0.31979300519162635369754575238429883326   0.0019005320324800797188002290776769341244
  -0.31979300519162635369754575238429883326    -0.31979300519162635369754575238429883326    -0.42343439300004474991055343467440471524   0.0019005320324800797188002290776769341244
  -0.93697959661670254269435506055699761824    -0.42343439300004474991055343467440471524    -0.31979300519162635369754575238429883326   0.0019005320324800797188002290776769341244
  -0.31979300519162635369754575238429883326    -0.93697959661670254269435506055699761824    -0.42343439300004474991055343467440471524   0.0019005320324800797188002290776769341244
  -0.31979300519162635369754575238429883326    -0.42343439300004474991055343467440471524    -0.31979300519162635369754575238429883326   0.0019005320324800797188002290776769341244
  -0.93697959661670254269435506055699761824    -0.31979300519162635369754575238429883326    -0.42343439300004474991055343467440471524   0.0019005320324800797188002290776769341244
  -0.31979300519162635369754575238429883326    -0.93697959661670254269435506055699761824    -0.31979300519162635369754575238429883326   0.0019005320324800797188002290776769341244
  -0.31979300519162635369754575238429883326    -0.31979300519162635369754575238429883326    -0.93697959661670254269435506055699761824   0.0019005320324800797188002290776769341244
  -0.31979300519162635369754575238429883326    -0.42343439300004474991055343467440471524    -0.93697959661670254269435506055699761824   0.0019005320324800797188002290776769341244
  -0.93697959661670254269435506055699761824    -0.31979300519162635369754575238429883326    -0.31979300519162635369754575238429883326   0.0019005320324800797188002290776769341244
  -0.42343439300004474991055343467440471524    -0.93697959661670254269435506055699761824    -0.31979300519162635369754575238429883326   0.0019005320324800797188002290776769341244
  -0.36977098307548835724977435653014896436    -0.31511450846225679465115131444260873039    -0.99999999999999805344792301458463357486  0.00042225648218706759740282941893552010004
  -0.36977098307548835724977435653014896436    -0.31511450846225679465115131444260873039    -0.31511450846225679465115131444260873039  0.00042225648218706759740282941893552010004
  -0.31511450846225679465115131444260873039    -0.31511450846225679465115131444260873039    -0.36977098307548835724977435653014896436  0.00042225648218706759740282941893552010004
  -0.99999999999999805344792301458463357486    -0.36977098307548835724977435653014896436    -0.31511450846225679465115131444260873039  0.00042225648218706759740282941893552010004
  -0.31511450846225679465115131444260873039    -0.99999999999999805344792301458463357486    -0.36977098307548835724977435653014896436  0.00042225648218706759740282941893552010004
  -0.31511450846225679465115131444260873039    -0.36977098307548835724977435653014896436    -0.31511450846225679465115131444260873039  0.00042225648218706759740282941893552010004
  -0.99999999999999805344792301458463357486    -0.31511450846225679465115131444260873039    -0.36977098307548835724977435653014896436  0.00042225648218706759740282941893552010004
  -0.31511450846225679465115131444260873039    -0.99999999999999805344792301458463357486    -0.31511450846225679465115131444260873039  0.00042225648218706759740282941893552010004
  -0.31511450846225679465115131444260873039    -0.31511450846225679465115131444260873039    -0.99999999999999805344792301458463357486  0.00042225648218706759740282941893552010004
  -0.31511450846225679465115131444260873039    -0.36977098307548835724977435653014896436    -0.99999999999999805344792301458463357486  0.00042225648218706759740282941893552010004
  -0.99999999999999805344792301458463357486    -0.31511450846225679465115131444260873039    -0.31511450846225679465115131444260873039  0.00042225648218706759740282941893552010004
  -0.36977098307548835724977435653014896436    -0.99999999999999805344792301458463357486    -0.31511450846225679465115131444260873039  0.00042225648218706759740282941893552010004
  -0.55365479243833701244010211086207571318    -0.27850011347085705626648001233943118706     -0.8893449806199488750269378644590619127   0.0050331149391772724442871454971989070724
  -0.55365479243833701244010211086207571318    -0.27850011347085705626648001233943118706    -0.27850011347085705626648001233943118706   0.0050331149391772724442871454971989070724
  -0.27850011347085705626648001233943118706    -0.27850011347085705626648001233943118706    -0.55365479243833701244010211086207571318   0.0050331149391772724442871454971989070724
   -0.8893449806199488750269378644590619127    -0.55365479243833701244010211086207571318    -0.27850011347085705626648001233943118706   0.0050331149391772724442871454971989070724
  -0.27850011347085705626648001233943118706     -0.8893449806199488750269378644590619127    -0.55365479243833701244010211086207571318   0.0050331149391772724442871454971989070724
  -0.27850011347085705626648001233943118706    -0.55365479243833701244010211086207571318    -0.27850011347085705626648001233943118706   0.0050331149391772724442871454971989070724
   -0.8893449806199488750269378644590619127    -0.27850011347085705626648001233943118706    -0.55365479243833701244010211086207571318   0.0050331149391772724442871454971989070724
  -0.27850011347085705626648001233943118706     -0.8893449806199488750269378644590619127    -0.27850011347085705626648001233943118706   0.0050331149391772724442871454971989070724
  -0.27850011347085705626648001233943118706    -0.27850011347085705626648001233943118706     -0.8893449806199488750269378644590619127   0.0050331149391772724442871454971989070724
  -0.27850011347085705626648001233943118706    -0.55365479243833701244010211086207571318     -0.8893449806199488750269378644590619127   0.0050331149391772724442871454971989070724
   -0.8893449806199488750269378644590619127    -0.27850011347085705626648001233943118706    -0.27850011347085705626648001233943118706   0.0050331149391772724442871454971989070724
  -0.55365479243833701244010211086207571318     -0.8893449806199488750269378644590619127    -0.27850011347085705626648001233943118706   0.0050331149391772724442871454971989070724
  -0.61937345756836879106269116811811414377    -0.19971462613586844570242745322102660536     -0.9811972901598943175324539254398326455   0.0027815785627742118129402471667702281102
  -0.61937345756836879106269116811811414377    -0.19971462613586844570242745322102660536    -0.19971462613586844570242745322102660536   0.0027815785627742118129402471667702281102
  -0.19971462613586844570242745322102660536    -0.19971462613586844570242745322102660536    -0.61937345756836879106269116811811414377   0.0027815785627742118129402471667702281102
   -0.9811972901598943175324539254398326455    -0.61937345756836879106269116811811414377    -0.19971462613586844570242745322102660536   0.0027815785627742118129402471667702281102
  -0.19971462613586844570242745322102660536     -0.9811972901598943175324539254398326455    -0.61937345756836879106269116811811414377   0.0027815785627742118129402471667702281102
  -0.19971462613586844570242745322102660536    -0.61937345756836879106269116811811414377    -0.19971462613586844570242745322102660536   0.0027815785627742118129402471667702281102
   -0.9811972901598943175324539254398326455    -0.19971462613586844570242745322102660536    -0.61937345756836879106269116811811414377   0.0027815785627742118129402471667702281102
  -0.19971462613586844570242745322102660536     -0.9811972901598943175324539254398326455    -0.19971462613586844570242745322102660536   0.0027815785627742118129402471667702281102
  -0.19971462613586844570242745322102660536    -0.19971462613586844570242745322102660536     -0.9811972901598943175324539254398326455   0.0027815785627742118129402471667702281102
  -0.19971462613586844570242745322102660536    -0.61937345756836879106269116811811414377     -0.9811972901598943175324539254398326455   0.0027815785627742118129402471667702281102
   -0.9811972901598943175324539254398326455    -0.19971462613586844570242745322102660536    -0.19971462613586844570242745322102660536   0.0027815785627742118129402471667702281102
  -0.61937345756836879106269116811811414377     -0.9811972901598943175324539254398326455    -0.19971462613586844570242745322102660536   0.0027815785627742118129402471667702281102
    0.4591195931618676617006909854457182144    -0.88198413041257559251542847515083894969    -0.99760171102199020437408840155451246938  0.00061753111421036764559565360430810968933
  -0.88198413041257559251542847515083894969    -0.99760171102199020437408840155451246938      0.4591195931618676617006909854457182144  0.00061753111421036764559565360430810968933
  -0.88198413041257559251542847515083894969      0.4591195931618676617006909854457182144    -0.99760171102199020437408840155451246938  0.00061753111421036764559565360430810968933
  -0.99760171102199020437408840155451246938      0.4591195931618676617006909854457182144    -0.57953375172730186481117410874036679534  0.00061753111421036764559565360430810968933
  -0.99760171102199020437408840155451246938      0.4591195931618676617006909854457182144    -0.88198413041257559251542847515083894969  0.00061753111421036764559565360430810968933
  -0.57953375172730186481117410874036679534      0.4591195931618676617006909854457182144    -0.99760171102199020437408840155451246938  0.00061753111421036764559565360430810968933
  -0.99760171102199020437408840155451246938    -0.88198413041257559251542847515083894969    -0.57953375172730186481117410874036679534  0.00061753111421036764559565360430810968933
  -0.99760171102199020437408840155451246938    -0.57953375172730186481117410874036679534      0.4591195931618676617006909854457182144  0.00061753111421036764559565360430810968933
  -0.57953375172730186481117410874036679534    -0.88198413041257559251542847515083894969    -0.99760171102199020437408840155451246938  0.00061753111421036764559565360430810968933
    0.4591195931618676617006909854457182144    -0.88198413041257559251542847515083894969    -0.57953375172730186481117410874036679534  0.00061753111421036764559565360430810968933
  -0.57953375172730186481117410874036679534      0.4591195931618676617006909854457182144    -0.88198413041257559251542847515083894969  0.00061753111421036764559565360430810968933
  -0.99760171102199020437408840155451246938    -0.88198413041257559251542847515083894969      0.4591195931618676617006909854457182144  0.00061753111421036764559565360430810968933
  -0.57953375172730186481117410874036679534    -0.88198413041257559251542847515083894969      0.4591195931618676617006909854457182144  0.00061753111421036764559565360430810968933
    0.4591195931618676617006909854457182144    -0.57953375172730186481117410874036679534    -0.99760171102199020437408840155451246938  0.00061753111421036764559565360430810968933
  -0.99760171102199020437408840155451246938    -0.57953375172730186481117410874036679534    -0.88198413041257559251542847515083894969  0.00061753111421036764559565360430810968933
  -0.88198413041257559251542847515083894969    -0.57953375172730186481117410874036679534    -0.99760171102199020437408840155451246938  0.00061753111421036764559565360430810968933
    0.4591195931618676617006909854457182144    -0.57953375172730186481117410874036679534    -0.88198413041257559251542847515083894969  0.00061753111421036764559565360430810968933
  -0.88198413041257559251542847515083894969    -0.57953375172730186481117410874036679534      0.4591195931618676617006909854457182144  0.00061753111421036764559565360430810968933
  -0.88198413041257559251542847515083894969      0.4591195931618676617006909854457182144    -0.57953375172730186481117410874036679534  0.00061753111421036764559565360430810968933
  -0.57953375172730186481117410874036679534    -0.99760171102199020437408840155451246938      0.4591195931618676617006909854457182144  0.00061753111421036764559565360430810968933
    0.4591195931618676617006909854457182144    -0.99760171102199020437408840155451246938    -0.57953375172730186481117410874036679534  0.00061753111421036764559565360430810968933
    0.4591195931618676617006909854457182144    -0.99760171102199020437408840155451246938    -0.88198413041257559251542847515083894969  0.00061753111421036764559565360430810968933
  -0.88198413041257559251542847515083894969    -0.99760171102199020437408840155451246938    -0.57953375172730186481117410874036679534  0.00061753111421036764559565360430810968933
  -0.57953375172730186481117410874036679534    -0.99760171102199020437408840155451246938    -0.88198413041257559251542847515083894969  0.00061753111421036764559565360430810968933
   0.17480652249256714661036838353223158478    -0.90972316188509294152677432333543116273    -0.99573691580399969524745261644031978656  0.00076906544918396272952582265668282741985
  -0.90972316188509294152677432333543116273    -0.99573691580399969524745261644031978656     0.17480652249256714661036838353223158478  0.00076906544918396272952582265668282741985
  -0.90972316188509294152677432333543116273     0.17480652249256714661036838353223158478    -0.99573691580399969524745261644031978656  0.00076906544918396272952582265668282741985
  -0.99573691580399969524745261644031978656     0.17480652249256714661036838353223158478    -0.26934644480347450983614144375648063549  0.00076906544918396272952582265668282741985
  -0.99573691580399969524745261644031978656     0.17480652249256714661036838353223158478    -0.90972316188509294152677432333543116273  0.00076906544918396272952582265668282741985
  -0.26934644480347450983614144375648063549     0.17480652249256714661036838353223158478    -0.99573691580399969524745261644031978656  0.00076906544918396272952582265668282741985
  -0.99573691580399969524745261644031978656    -0.90972316188509294152677432333543116273    -0.26934644480347450983614144375648063549  0.00076906544918396272952582265668282741985
  -0.99573691580399969524745261644031978656    -0.26934644480347450983614144375648063549     0.17480652249256714661036838353223158478  0.00076906544918396272952582265668282741985
  -0.26934644480347450983614144375648063549    -0.90972316188509294152677432333543116273    -0.99573691580399969524745261644031978656  0.00076906544918396272952582265668282741985
   0.17480652249256714661036838353223158478    -0.90972316188509294152677432333543116273    -0.26934644480347450983614144375648063549  0.00076906544918396272952582265668282741985
  -0.26934644480347450983614144375648063549     0.17480652249256714661036838353223158478    -0.90972316188509294152677432333543116273  0.00076906544918396272952582265668282741985
  -0.99573691580399969524745261644031978656    -0.90972316188509294152677432333543116273     0.17480652249256714661036838353223158478  0.00076906544918396272952582265668282741985
  -0.26934644480347450983614144375648063549    -0.90972316188509294152677432333543116273     0.17480652249256714661036838353223158478  0.00076906544918396272952582265668282741985
   0.17480652249256714661036838353223158478    -0.26934644480347450983614144375648063549    -0.99573691580399969524745261644031978656  0.00076906544918396272952582265668282741985
  -0.99573691580399969524745261644031978656    -0.26934644480347450983614144375648063549    -0.90972316188509294152677432333543116273  0.00076906544918396272952582265668282741985
  -0.90972316188509294152677432333543116273    -0.26934644480347450983614144375648063549    -0.99573691580399969524745261644031978656  0.00076906544918396272952582265668282741985
   0.17480652249256714661036838353223158478    -0.26934644480347450983614144375648063549    -0.90972316188509294152677432333543116273  0.00076906544918396272952582265668282741985
  -0.90972316188509294152677432333543116273    -0.26934644480347450983614144375648063549     0.17480652249256714661036838353223158478  0.00076906544918396272952582265668282741985
  -0.90972316188509294152677432333543116273     0.17480652249256714661036838353223158478    -0.26934644480347450983614144375648063549  0.00076906544918396272952582265668282741985
  -0.26934644480347450983614144375648063549    -0.99573691580399969524745261644031978656     0.17480652249256714661036838353223158478  0.00076906544918396272952582265668282741985
   0.17480652249256714661036838353223158478    -0.99573691580399969524745261644031978656    -0.26934644480347450983614144375648063549  0.00076906544918396272952582265668282741985
   0.17480652249256714661036838353223158478    -0.99573691580399969524745261644031978656    -0.90972316188509294152677432333543116273  0.00076906544918396272952582265668282741985
  -0.90972316188509294152677432333543116273    -0.99573691580399969524745261644031978656    -0.26934644480347450983614144375648063549  0.00076906544918396272952582265668282741985
  -0.26934644480347450983614144375648063549    -0.99573691580399969524745261644031978656    -0.90972316188509294152677432333543116273  0.00076906544918396272952582265668282741985
  0.092792063476590033428503565757732755061    -0.72006070461621675078096374468835792276    -0.98835389681896805990488104205500171449   0.0016238212383995342200975321998738503145
  -0.72006070461621675078096374468835792276    -0.98835389681896805990488104205500171449    0.092792063476590033428503565757732755061   0.0016238212383995342200975321998738503145
  -0.72006070461621675078096374468835792276    0.092792063476590033428503565757732755061    -0.98835389681896805990488104205500171449   0.0016238212383995342200975321998738503145
  -0.98835389681896805990488104205500171449    0.092792063476590033428503565757732755061    -0.38437746204140522274265877901437311782   0.0016238212383995342200975321998738503145
  -0.98835389681896805990488104205500171449    0.092792063476590033428503565757732755061    -0.72006070461621675078096374468835792276   0.0016238212383995342200975321998738503145
  -0.38437746204140522274265877901437311782    0.092792063476590033428503565757732755061    -0.98835389681896805990488104205500171449   0.0016238212383995342200975321998738503145
  -0.98835389681896805990488104205500171449    -0.72006070461621675078096374468835792276    -0.38437746204140522274265877901437311782   0.0016238212383995342200975321998738503145
  -0.98835389681896805990488104205500171449    -0.38437746204140522274265877901437311782    0.092792063476590033428503565757732755061   0.0016238212383995342200975321998738503145
  -0.38437746204140522274265877901437311782    -0.72006070461621675078096374468835792276    -0.98835389681896805990488104205500171449   0.0016238212383995342200975321998738503145
  0.092792063476590033428503565757732755061    -0.72006070461621675078096374468835792276    -0.38437746204140522274265877901437311782   0.0016238212383995342200975321998738503145
  -0.38437746204140522274265877901437311782    0.092792063476590033428503565757732755061    -0.72006070461621675078096374468835792276   0.0016238212383995342200975321998738503145
  -0.98835389681896805990488104205500171449    -0.72006070461621675078096374468835792276    0.092792063476590033428503565757732755061   0.0016238212383995342200975321998738503145
  -0.38437746204140522274265877901437311782    -0.72006070461621675078096374468835792276    0.092792063476590033428503565757732755061   0.0016238212383995342200975321998738503145
  0.092792063476590033428503565757732755061    -0.38437746204140522274265877901437311782    -0.98835389681896805990488104205500171449   0.0016238212383995342200975321998738503145
  -0.98835389681896805990488104205500171449    -0.38437746204140522274265877901437311782    -0.72006070461621675078096374468835792276   0.0016238212383995342200975321998738503145
  -0.72006070461621675078096374468835792276    -0.38437746204140522274265877901437311782    -0.98835389681896805990488104205500171449   0.0016238212383995342200975321998738503145
  0.092792063476590033428503565757732755061    -0.38437746204140522274265877901437311782    -0.72006070461621675078096374468835792276   0.0016238212383995342200975321998738503145
  -0.72006070461621675078096374468835792276    -0.38437746204140522274265877901437311782    0.092792063476590033428503565757732755061   0.0016238212383995342200975321998738503145
  -0.72006070461621675078096374468835792276    0.092792063476590033428503565757732755061    -0.38437746204140522274265877901437311782   0.0016238212383995342200975321998738503145
  -0.38437746204140522274265877901437311782    -0.98835389681896805990488104205500171449    0.092792063476590033428503565757732755061   0.0016238212383995342200975321998738503145
  0.092792063476590033428503565757732755061    -0.98835389681896805990488104205500171449    -0.38437746204140522274265877901437311782   0.0016238212383995342200975321998738503145
  0.092792063476590033428503565757732755061    -0.98835389681896805990488104205500171449    -0.72006070461621675078096374468835792276   0.0016238212383995342200975321998738503145
  -0.72006070461621675078096374468835792276    -0.98835389681896805990488104205500171449    -0.38437746204140522274265877901437311782   0.0016238212383995342200975321998738503145
  -0.38437746204140522274265877901437311782    -0.98835389681896805990488104205500171449    -0.72006070461621675078096374468835792276   0.0016238212383995342200975321998738503145
   0.64403230510135455624517662474943225283    -0.89287428333265575919613224910036069149    -0.97660978596004977587718475958202449736   0.0012413389542587659602257813451346525185
  -0.89287428333265575919613224910036069149    -0.97660978596004977587718475958202449736     0.64403230510135455624517662474943225283   0.0012413389542587659602257813451346525185
  -0.89287428333265575919613224910036069149     0.64403230510135455624517662474943225283    -0.97660978596004977587718475958202449736   0.0012413389542587659602257813451346525185
  -0.97660978596004977587718475958202449736     0.64403230510135455624517662474943225283    -0.77454823580864902117185961606704706399   0.0012413389542587659602257813451346525185
  -0.97660978596004977587718475958202449736     0.64403230510135455624517662474943225283    -0.89287428333265575919613224910036069149   0.0012413389542587659602257813451346525185
  -0.77454823580864902117185961606704706399     0.64403230510135455624517662474943225283    -0.97660978596004977587718475958202449736   0.0012413389542587659602257813451346525185
  -0.97660978596004977587718475958202449736    -0.89287428333265575919613224910036069149    -0.77454823580864902117185961606704706399   0.0012413389542587659602257813451346525185
  -0.97660978596004977587718475958202449736    -0.77454823580864902117185961606704706399     0.64403230510135455624517662474943225283   0.0012413389542587659602257813451346525185
  -0.77454823580864902117185961606704706399    -0.89287428333265575919613224910036069149    -0.97660978596004977587718475958202449736   0.0012413389542587659602257813451346525185
   0.64403230510135455624517662474943225283    -0.89287428333265575919613224910036069149    -0.77454823580864902117185961606704706399   0.0012413389542587659602257813451346525185
  -0.77454823580864902117185961606704706399     0.64403230510135455624517662474943225283    -0.89287428333265575919613224910036069149   0.0012413389542587659602257813451346525185
  -0.97660978596004977587718475958202449736    -0.89287428333265575919613224910036069149     0.64403230510135455624517662474943225283   0.0012413389542587659602257813451346525185
  -0.77454823580864902117185961606704706399    -0.89287428333265575919613224910036069149     0.64403230510135455624517662474943225283   0.0012413389542587659602257813451346525185
   0.64403230510135455624517662474943225283    -0.77454823580864902117185961606704706399    -0.97660978596004977587718475958202449736   0.0012413389542587659602257813451346525185
  -0.97660978596004977587718475958202449736    -0.77454823580864902117185961606704706399    -0.89287428333265575919613224910036069149   0.0012413389542587659602257813451346525185
  -0.89287428333265575919613224910036069149    -0.77454823580864902117185961606704706399    -0.97660978596004977587718475958202449736   0.0012413389542587659602257813451346525185
   0.64403230510135455624517662474943225283    -0.77454823580864902117185961606704706399    -0.89287428333265575919613224910036069149   0.0012413389542587659602257813451346525185
  -0.89287428333265575919613224910036069149    -0.77454823580864902117185961606704706399     0.64403230510135455624517662474943225283   0.0012413389542587659602257813451346525185
  -0.89287428333265575919613224910036069149     0.64403230510135455624517662474943225283    -0.77454823580864902117185961606704706399   0.0012413389542587659602257813451346525185
  -0.77454823580864902117185961606704706399    -0.97660978596004977587718475958202449736     0.64403230510135455624517662474943225283   0.0012413389542587659602257813451346525185
   0.64403230510135455624517662474943225283    -0.97660978596004977587718475958202449736    -0.77454823580864902117185961606704706399   0.0012413389542587659602257813451346525185
   0.64403230510135455624517662474943225283    -0.97660978596004977587718475958202449736    -0.89287428333265575919613224910036069149   0.0012413389542587659602257813451346525185
  -0.89287428333265575919613224910036069149    -0.97660978596004977587718475958202449736    -0.77454823580864902117185961606704706399   0.0012413389542587659602257813451346525185
  -0.77454823580864902117185961606704706399    -0.97660978596004977587718475958202449736    -0.89287428333265575919613224910036069149   0.0012413389542587659602257813451346525185
 -0.029459412489357625084191793341978821707    -0.82861185429813579259444022639391223539    -0.97183249482896387479694274786534673478   0.0017657610693211568186442680883750882931
  -0.82861185429813579259444022639391223539    -0.97183249482896387479694274786534673478   -0.029459412489357625084191793341978821707   0.0017657610693211568186442680883750882931
  -0.82861185429813579259444022639391223539   -0.029459412489357625084191793341978821707    -0.97183249482896387479694274786534673478   0.0017657610693211568186442680883750882931
  -0.97183249482896387479694274786534673478   -0.029459412489357625084191793341978821707    -0.17009623838354270752442523239876220812   0.0017657610693211568186442680883750882931
  -0.97183249482896387479694274786534673478   -0.029459412489357625084191793341978821707    -0.82861185429813579259444022639391223539   0.0017657610693211568186442680883750882931
  -0.17009623838354270752442523239876220812   -0.029459412489357625084191793341978821707    -0.97183249482896387479694274786534673478   0.0017657610693211568186442680883750882931
  -0.97183249482896387479694274786534673478    -0.82861185429813579259444022639391223539    -0.17009623838354270752442523239876220812   0.0017657610693211568186442680883750882931
  -0.97183249482896387479694274786534673478    -0.17009623838354270752442523239876220812   -0.029459412489357625084191793341978821707   0.0017657610693211568186442680883750882931
  -0.17009623838354270752442523239876220812    -0.82861185429813579259444022639391223539    -0.97183249482896387479694274786534673478   0.0017657610693211568186442680883750882931
 -0.029459412489357625084191793341978821707    -0.82861185429813579259444022639391223539    -0.17009623838354270752442523239876220812   0.0017657610693211568186442680883750882931
  -0.17009623838354270752442523239876220812   -0.029459412489357625084191793341978821707    -0.82861185429813579259444022639391223539   0.0017657610693211568186442680883750882931
  -0.97183249482896387479694274786534673478    -0.82861185429813579259444022639391223539   -0.029459412489357625084191793341978821707   0.0017657610693211568186442680883750882931
  -0.17009623838354270752442523239876220812    -0.82861185429813579259444022639391223539   -0.029459412489357625084191793341978821707   0.0017657610693211568186442680883750882931
 -0.029459412489357625084191793341978821707    -0.17009623838354270752442523239876220812    -0.97183249482896387479694274786534673478   0.0017657610693211568186442680883750882931
  -0.97183249482896387479694274786534673478    -0.17009623838354270752442523239876220812    -0.82861185429813579259444022639391223539   0.0017657610693211568186442680883750882931
  -0.82861185429813579259444022639391223539    -0.17009623838354270752442523239876220812    -0.97183249482896387479694274786534673478   0.0017657610693211568186442680883750882931
 -0.029459412489357625084191793341978821707    -0.17009623838354270752442523239876220812    -0.82861185429813579259444022639391223539   0.0017657610693211568186442680883750882931
  -0.82861185429813579259444022639391223539    -0.17009623838354270752442523239876220812   -0.029459412489357625084191793341978821707   0.0017657610693211568186442680883750882931
  -0.82861185429813579259444022639391223539   -0.029459412489357625084191793341978821707    -0.17009623838354270752442523239876220812   0.0017657610693211568186442680883750882931
  -0.17009623838354270752442523239876220812    -0.97183249482896387479694274786534673478   -0.029459412489357625084191793341978821707   0.0017657610693211568186442680883750882931
 -0.029459412489357625084191793341978821707    -0.97183249482896387479694274786534673478    -0.17009623838354270752442523239876220812   0.0017657610693211568186442680883750882931
 -0.029459412489357625084191793341978821707    -0.97183249482896387479694274786534673478    -0.82861185429813579259444022639391223539   0.0017657610693211568186442680883750882931
  -0.82861185429813579259444022639391223539    -0.97183249482896387479694274786534673478    -0.17009623838354270752442523239876220812   0.0017657610693211568186442680883750882931
  -0.17009623838354270752442523239876220812    -0.97183249482896387479694274786534673478    -0.82861185429813579259444022639391223539   0.0017657610693211568186442680883750882931
   0.28012280319339453446905167411968011418    -0.81719064353824426155165209733196066329    -0.95497553193072391019711249775307961658    0.003246488630645338971570358782057152835
  -0.81719064353824426155165209733196066329    -0.95497553193072391019711249775307961658     0.28012280319339453446905167411968011418    0.003246488630645338971570358782057152835
  -0.81719064353824426155165209733196066329     0.28012280319339453446905167411968011418    -0.95497553193072391019711249775307961658    0.003246488630645338971570358782057152835
  -0.95497553193072391019711249775307961658     0.28012280319339453446905167411968011418    -0.50795662772442636272028707903463983432    0.003246488630645338971570358782057152835
  -0.95497553193072391019711249775307961658     0.28012280319339453446905167411968011418    -0.81719064353824426155165209733196066329    0.003246488630645338971570358782057152835
  -0.50795662772442636272028707903463983432     0.28012280319339453446905167411968011418    -0.95497553193072391019711249775307961658    0.003246488630645338971570358782057152835
  -0.95497553193072391019711249775307961658    -0.81719064353824426155165209733196066329    -0.50795662772442636272028707903463983432    0.003246488630645338971570358782057152835
  -0.95497553193072391019711249775307961658    -0.50795662772442636272028707903463983432     0.28012280319339453446905167411968011418    0.003246488630645338971570358782057152835
  -0.50795662772442636272028707903463983432    -0.81719064353824426155165209733196066329    -0.95497553193072391019711249775307961658    0.003246488630645338971570358782057152835
   0.28012280319339453446905167411968011418    -0.81719064353824426155165209733196066329    -0.50795662772442636272028707903463983432    0.003246488630645338971570358782057152835
  -0.50795662772442636272028707903463983432     0.28012280319339453446905167411968011418    -0.81719064353824426155165209733196066329    0.003246488630645338971570358782057152835
  -0.95497553193072391019711249775307961658    -0.81719064353824426155165209733196066329     0.28012280319339453446905167411968011418    0.003246488630645338971570358782057152835
  -0.50795662772442636272028707903463983432    -0.81719064353824426155165209733196066329     0.28012280319339453446905167411968011418    0.003246488630645338971570358782057152835
   0.28012280319339453446905167411968011418    -0.50795662772442636272028707903463983432    -0.95497553193072391019711249775307961658    0.003246488630645338971570358782057152835
  -0.95497553193072391019711249775307961658    -0.50795662772442636272028707903463983432    -0.81719064353824426155165209733196066329    0.003246488630645338971570358782057152835
  -0.81719064353824426155165209733196066329    -0.50795662772442636272028707903463983432    -0.95497553193072391019711249775307961658    0.003246488630645338971570358782057152835
   0.28012280319339453446905167411968011418    -0.50795662772442636272028707903463983432    -0.81719064353824426155165209733196066329    0.003246488630645338971570358782057152835
  -0.81719064353824426155165209733196066329    -0.50795662772442636272028707903463983432     0.28012280319339453446905167411968011418    0.003246488630645338971570358782057152835
  -0.81719064353824426155165209733196066329     0.28012280319339453446905167411968011418    -0.50795662772442636272028707903463983432    0.003246488630645338971570358782057152835
  -0.50795662772442636272028707903463983432    -0.95497553193072391019711249775307961658     0.28012280319339453446905167411968011418    0.003246488630645338971570358782057152835
   0.28012280319339453446905167411968011418    -0.95497553193072391019711249775307961658    -0.50795662772442636272028707903463983432    0.003246488630645338971570358782057152835
   0.28012280319339453446905167411968011418    -0.95497553193072391019711249775307961658    -0.81719064353824426155165209733196066329    0.003246488630645338971570358782057152835
  -0.81719064353824426155165209733196066329    -0.95497553193072391019711249775307961658    -0.50795662772442636272028707903463983432    0.003246488630645338971570358782057152835
  -0.50795662772442636272028707903463983432    -0.95497553193072391019711249775307961658    -0.81719064353824426155165209733196066329    0.003246488630645338971570358782057152835
 -0.032061622393757186713669940103958758127    -0.71437344396483841063005067210635105449    -0.90384876613392851420038785784789596127   0.0059191537464091468439215090641352509222
  -0.71437344396483841063005067210635105449    -0.90384876613392851420038785784789596127   -0.032061622393757186713669940103958758127   0.0059191537464091468439215090641352509222
  -0.71437344396483841063005067210635105449   -0.032061622393757186713669940103958758127    -0.90384876613392851420038785784789596127   0.0059191537464091468439215090641352509222
  -0.90384876613392851420038785784789596127   -0.032061622393757186713669940103958758127    -0.34971616750747588845589152994179422611   0.0059191537464091468439215090641352509222
  -0.90384876613392851420038785784789596127   -0.032061622393757186713669940103958758127    -0.71437344396483841063005067210635105449   0.0059191537464091468439215090641352509222
  -0.34971616750747588845589152994179422611   -0.032061622393757186713669940103958758127    -0.90384876613392851420038785784789596127   0.0059191537464091468439215090641352509222
  -0.90384876613392851420038785784789596127    -0.71437344396483841063005067210635105449    -0.34971616750747588845589152994179422611   0.0059191537464091468439215090641352509222
  -0.90384876613392851420038785784789596127    -0.34971616750747588845589152994179422611   -0.032061622393757186713669940103958758127   0.0059191537464091468439215090641352509222
  -0.34971616750747588845589152994179422611    -0.71437344396483841063005067210635105449    -0.90384876613392851420038785784789596127   0.0059191537464091468439215090641352509222
 -0.032061622393757186713669940103958758127    -0.71437344396483841063005067210635105449    -0.34971616750747588845589152994179422611   0.0059191537464091468439215090641352509222
  -0.34971616750747588845589152994179422611   -0.032061622393757186713669940103958758127    -0.71437344396483841063005067210635105449   0.0059191537464091468439215090641352509222
  -0.90384876613392851420038785784789596127    -0.71437344396483841063005067210635105449   -0.032061622393757186713669940103958758127   0.0059191537464091468439215090641352509222
  -0.34971616750747588845589152994179422611    -0.71437344396483841063005067210635105449   -0.032061622393757186713669940103958758127   0.0059191537464091468439215090641352509222
 -0.032061622393757186713669940103958758127    -0.34971616750747588845589152994179422611    -0.90384876613392851420038785784789596127   0.0059191537464091468439215090641352509222
  -0.90384876613392851420038785784789596127    -0.34971616750747588845589152994179422611    -0.71437344396483841063005067210635105449   0.0059191537464091468439215090641352509222
  -0.71437344396483841063005067210635105449    -0.34971616750747588845589152994179422611    -0.90384876613392851420038785784789596127   0.0059191537464091468439215090641352509222
 -0.032061622393757186713669940103958758127    -0.34971616750747588845589152994179422611    -0.71437344396483841063005067210635105449   0.0059191537464091468439215090641352509222
  -0.71437344396483841063005067210635105449    -0.34971616750747588845589152994179422611   -0.032061622393757186713669940103958758127   0.0059191537464091468439215090641352509222
  -0.71437344396483841063005067210635105449   -0.032061622393757186713669940103958758127    -0.34971616750747588845589152994179422611   0.0059191537464091468439215090641352509222
  -0.34971616750747588845589152994179422611    -0.90384876613392851420038785784789596127   -0.032061622393757186713669940103958758127   0.0059191537464091468439215090641352509222
 -0.032061622393757186713669940103958758127    -0.90384876613392851420038785784789596127    -0.34971616750747588845589152994179422611   0.0059191537464091468439215090641352509222
 -0.032061622393757186713669940103958758127    -0.90384876613392851420038785784789596127    -0.71437344396483841063005067210635105449   0.0059191537464091468439215090641352509222
  -0.71437344396483841063005067210635105449    -0.90384876613392851420038785784789596127    -0.34971616750747588845589152994179422611   0.0059191537464091468439215090641352509222
  -0.34971616750747588845589152994179422611    -0.90384876613392851420038785784789596127    -0.71437344396483841063005067210635105449   0.0059191537464091468439215090641352509222

