  -0.96963319281137643347912387047253952987    -0.96963319281137643347912387047253952987     0.90889957843412930043737161141761858961  0.00045285283514942349406987129623481322661
  -0.96963319281137643347912387047253952987     0.90889957843412930043737161141761858961    -0.96963319281137643347912387047253952987  0.00045285283514942349406987129623481322661
   0.90889957843412930043737161141761858961    -0.96963319281137643347912387047253952987    -0.96963319281137643347912387047253952987  0.00045285283514942349406987129623481322661
  -0.96963319281137643347912387047253952987    -0.96963319281137643347912387047253952987    -0.96963319281137643347912387047253952987  0.00045285283514942349406987129623481322661
  -0.84507047871715250110304084566744269941    -0.84507047871715250110304084566744269941     0.53521143615145750330912253700232809822    0.004221508505463664626293675510064761502
  -0.84507047871715250110304084566744269941     0.53521143615145750330912253700232809822    -0.84507047871715250110304084566744269941    0.004221508505463664626293675510064761502
   0.53521143615145750330912253700232809822    -0.84507047871715250110304084566744269941    -0.84507047871715250110304084566744269941    0.004221508505463664626293675510064761502
  -0.84507047871715250110304084566744269941    -0.84507047871715250110304084566744269941    -0.84507047871715250110304084566744269941    0.004221508505463664626293675510064761502
  -0.73699405969900529267555317744992034781    -0.73699405969900529267555317744992034781     0.21098217909701587802665953234976104343    0.010366547293270885369004742004762596415
  -0.73699405969900529267555317744992034781     0.21098217909701587802665953234976104343    -0.73699405969900529267555317744992034781    0.010366547293270885369004742004762596415
   0.21098217909701587802665953234976104343    -0.73699405969900529267555317744992034781    -0.73699405969900529267555317744992034781    0.010366547293270885369004742004762596415
  -0.73699405969900529267555317744992034781    -0.73699405969900529267555317744992034781    -0.73699405969900529267555317744992034781    0.010366547293270885369004742004762596415
   -0.4439285384629475113337438541313910305     -0.4439285384629475113337438541313910305    -0.66821438461115746599876843760582690849    0.013834039120850810624410806843925119982
   -0.4439285384629475113337438541313910305    -0.66821438461115746599876843760582690849     -0.4439285384629475113337438541313910305    0.013834039120850810624410806843925119982
  -0.66821438461115746599876843760582690849     -0.4439285384629475113337438541313910305     -0.4439285384629475113337438541313910305    0.013834039120850810624410806843925119982
   -0.4439285384629475113337438541313910305     -0.4439285384629475113337438541313910305     -0.4439285384629475113337438541313910305    0.013834039120850810624410806843925119982
  -0.38544075706944073670914967753228558593    -0.38544075706944073670914967753228558593     -0.8436777287916777898725509674031432422    0.012323636672654060432661151425013009244
  -0.38544075706944073670914967753228558593     -0.8436777287916777898725509674031432422    -0.38544075706944073670914967753228558593    0.012323636672654060432661151425013009244
   -0.8436777287916777898725509674031432422    -0.38544075706944073670914967753228558593    -0.38544075706944073670914967753228558593    0.012323636672654060432661151425013009244
  -0.38544075706944073670914967753228558593    -0.38544075706944073670914967753228558593    -0.38544075706944073670914967753228558593    0.012323636672654060432661151425013009244
  -0.87896987820779819445547044119573344726    -0.12103012179220180554452955880426655274    -0.12103012179220180554452955880426655274   0.0069633790244395378393850451031214170187
  -0.12103012179220180554452955880426655274    -0.87896987820779819445547044119573344726    -0.12103012179220180554452955880426655274   0.0069633790244395378393850451031214170187
  -0.87896987820779819445547044119573344726    -0.87896987820779819445547044119573344726    -0.12103012179220180554452955880426655274   0.0069633790244395378393850451031214170187
  -0.87896987820779819445547044119573344726    -0.12103012179220180554452955880426655274    -0.87896987820779819445547044119573344726   0.0069633790244395378393850451031214170187
  -0.12103012179220180554452955880426655274    -0.87896987820779819445547044119573344726    -0.87896987820779819445547044119573344726   0.0069633790244395378393850451031214170187
  -0.12103012179220180554452955880426655274    -0.12103012179220180554452955880426655274    -0.87896987820779819445547044119573344726   0.0069633790244395378393850451031214170187
   0.37978118126076909426590708517942226301    -0.99716708993668449652654001623013896343    -0.38544700138740010121282705271914433614  0.00024880069488316290651807394293951901083
   0.37978118126076909426590708517942226301    -0.99716708993668449652654001623013896343    -0.99716708993668449652654001623013896343  0.00024880069488316290651807394293951901083
  -0.99716708993668449652654001623013896343    -0.99716708993668449652654001623013896343     0.37978118126076909426590708517942226301  0.00024880069488316290651807394293951901083
  -0.38544700138740010121282705271914433614     0.37978118126076909426590708517942226301    -0.99716708993668449652654001623013896343  0.00024880069488316290651807394293951901083
  -0.99716708993668449652654001623013896343    -0.38544700138740010121282705271914433614     0.37978118126076909426590708517942226301  0.00024880069488316290651807394293951901083
  -0.99716708993668449652654001623013896343     0.37978118126076909426590708517942226301    -0.99716708993668449652654001623013896343  0.00024880069488316290651807394293951901083
  -0.38544700138740010121282705271914433614    -0.99716708993668449652654001623013896343     0.37978118126076909426590708517942226301  0.00024880069488316290651807394293951901083
  -0.99716708993668449652654001623013896343    -0.38544700138740010121282705271914433614    -0.99716708993668449652654001623013896343  0.00024880069488316290651807394293951901083
  -0.99716708993668449652654001623013896343    -0.99716708993668449652654001623013896343    -0.38544700138740010121282705271914433614  0.00024880069488316290651807394293951901083
  -0.99716708993668449652654001623013896343     0.37978118126076909426590708517942226301    -0.38544700138740010121282705271914433614  0.00024880069488316290651807394293951901083
  -0.38544700138740010121282705271914433614    -0.99716708993668449652654001623013896343    -0.99716708993668449652654001623013896343  0.00024880069488316290651807394293951901083
   0.37978118126076909426590708517942226301    -0.38544700138740010121282705271914433614    -0.99716708993668449652654001623013896343  0.00024880069488316290651807394293951901083
  0.020318818084079962243893017308875827752    -0.97766945172949179634834469730614296945   -0.064979914625096369547203622696589888852  0.00066498955396922361671296189548205018114
  0.020318818084079962243893017308875827752    -0.97766945172949179634834469730614296945    -0.97766945172949179634834469730614296945  0.00066498955396922361671296189548205018114
  -0.97766945172949179634834469730614296945    -0.97766945172949179634834469730614296945    0.020318818084079962243893017308875827752  0.00066498955396922361671296189548205018114
 -0.064979914625096369547203622696589888852    0.020318818084079962243893017308875827752    -0.97766945172949179634834469730614296945  0.00066498955396922361671296189548205018114
  -0.97766945172949179634834469730614296945   -0.064979914625096369547203622696589888852    0.020318818084079962243893017308875827752  0.00066498955396922361671296189548205018114
  -0.97766945172949179634834469730614296945    0.020318818084079962243893017308875827752    -0.97766945172949179634834469730614296945  0.00066498955396922361671296189548205018114
 -0.064979914625096369547203622696589888852    -0.97766945172949179634834469730614296945    0.020318818084079962243893017308875827752  0.00066498955396922361671296189548205018114
  -0.97766945172949179634834469730614296945   -0.064979914625096369547203622696589888852    -0.97766945172949179634834469730614296945  0.00066498955396922361671296189548205018114
  -0.97766945172949179634834469730614296945    -0.97766945172949179634834469730614296945   -0.064979914625096369547203622696589888852  0.00066498955396922361671296189548205018114
  -0.97766945172949179634834469730614296945    0.020318818084079962243893017308875827752   -0.064979914625096369547203622696589888852  0.00066498955396922361671296189548205018114
 -0.064979914625096369547203622696589888852    -0.97766945172949179634834469730614296945    -0.97766945172949179634834469730614296945  0.00066498955396922361671296189548205018114
  0.020318818084079962243893017308875827752   -0.064979914625096369547203622696589888852    -0.97766945172949179634834469730614296945  0.00066498955396922361671296189548205018114
   0.79401000840050799691721079244437410456    -0.97292417539009922432013436741109727701    -0.84816165762030954827694205762217955054  0.00080970598183008558082672894690368694741
   0.79401000840050799691721079244437410456    -0.97292417539009922432013436741109727701    -0.97292417539009922432013436741109727701  0.00080970598183008558082672894690368694741
  -0.97292417539009922432013436741109727701    -0.97292417539009922432013436741109727701     0.79401000840050799691721079244437410456  0.00080970598183008558082672894690368694741
  -0.84816165762030954827694205762217955054     0.79401000840050799691721079244437410456    -0.97292417539009922432013436741109727701  0.00080970598183008558082672894690368694741
  -0.97292417539009922432013436741109727701    -0.84816165762030954827694205762217955054     0.79401000840050799691721079244437410456  0.00080970598183008558082672894690368694741
  -0.97292417539009922432013436741109727701     0.79401000840050799691721079244437410456    -0.97292417539009922432013436741109727701  0.00080970598183008558082672894690368694741
  -0.84816165762030954827694205762217955054    -0.97292417539009922432013436741109727701     0.79401000840050799691721079244437410456  0.00080970598183008558082672894690368694741
  -0.97292417539009922432013436741109727701    -0.84816165762030954827694205762217955054    -0.97292417539009922432013436741109727701  0.00080970598183008558082672894690368694741
  -0.97292417539009922432013436741109727701    -0.97292417539009922432013436741109727701    -0.84816165762030954827694205762217955054  0.00080970598183008558082672894690368694741
  -0.97292417539009922432013436741109727701     0.79401000840050799691721079244437410456    -0.84816165762030954827694205762217955054  0.00080970598183008558082672894690368694741
  -0.84816165762030954827694205762217955054    -0.97292417539009922432013436741109727701    -0.97292417539009922432013436741109727701  0.00080970598183008558082672894690368694741
   0.79401000840050799691721079244437410456    -0.84816165762030954827694205762217955054    -0.97292417539009922432013436741109727701  0.00080970598183008558082672894690368694741
   0.58569684604402261592591012787340307017    -0.96870763166905545158979668486881098776    -0.64828158270591171274631675813578109466   0.0014545996237087342042123810735298506123
   0.58569684604402261592591012787340307017    -0.96870763166905545158979668486881098776    -0.96870763166905545158979668486881098776   0.0014545996237087342042123810735298506123
  -0.96870763166905545158979668486881098776    -0.96870763166905545158979668486881098776     0.58569684604402261592591012787340307017   0.0014545996237087342042123810735298506123
  -0.64828158270591171274631675813578109466     0.58569684604402261592591012787340307017    -0.96870763166905545158979668486881098776   0.0014545996237087342042123810735298506123
  -0.96870763166905545158979668486881098776    -0.64828158270591171274631675813578109466     0.58569684604402261592591012787340307017   0.0014545996237087342042123810735298506123
  -0.96870763166905545158979668486881098776     0.58569684604402261592591012787340307017    -0.96870763166905545158979668486881098776   0.0014545996237087342042123810735298506123
  -0.64828158270591171274631675813578109466    -0.96870763166905545158979668486881098776     0.58569684604402261592591012787340307017   0.0014545996237087342042123810735298506123
  -0.96870763166905545158979668486881098776    -0.64828158270591171274631675813578109466    -0.96870763166905545158979668486881098776   0.0014545996237087342042123810735298506123
  -0.96870763166905545158979668486881098776    -0.96870763166905545158979668486881098776    -0.64828158270591171274631675813578109466   0.0014545996237087342042123810735298506123
  -0.96870763166905545158979668486881098776     0.58569684604402261592591012787340307017    -0.64828158270591171274631675813578109466   0.0014545996237087342042123810735298506123
  -0.64828158270591171274631675813578109466    -0.96870763166905545158979668486881098776    -0.96870763166905545158979668486881098776   0.0014545996237087342042123810735298506123
   0.58569684604402261592591012787340307017    -0.64828158270591171274631675813578109466    -0.96870763166905545158979668486881098776   0.0014545996237087342042123810735298506123
   0.42381952750017229853499788382004495586    -0.89328245179177912876873387177180802879    -0.63725462391661404099753014027642889828   0.0049316869824516919914434512820956028464
   0.42381952750017229853499788382004495586    -0.89328245179177912876873387177180802879    -0.89328245179177912876873387177180802879   0.0049316869824516919914434512820956028464
  -0.89328245179177912876873387177180802879    -0.89328245179177912876873387177180802879     0.42381952750017229853499788382004495586   0.0049316869824516919914434512820956028464
  -0.63725462391661404099753014027642889828     0.42381952750017229853499788382004495586    -0.89328245179177912876873387177180802879   0.0049316869824516919914434512820956028464
  -0.89328245179177912876873387177180802879    -0.63725462391661404099753014027642889828     0.42381952750017229853499788382004495586   0.0049316869824516919914434512820956028464
  -0.89328245179177912876873387177180802879     0.42381952750017229853499788382004495586    -0.89328245179177912876873387177180802879   0.0049316869824516919914434512820956028464
  -0.63725462391661404099753014027642889828    -0.89328245179177912876873387177180802879     0.42381952750017229853499788382004495586   0.0049316869824516919914434512820956028464
  -0.89328245179177912876873387177180802879    -0.63725462391661404099753014027642889828    -0.89328245179177912876873387177180802879   0.0049316869824516919914434512820956028464
  -0.89328245179177912876873387177180802879    -0.89328245179177912876873387177180802879    -0.63725462391661404099753014027642889828   0.0049316869824516919914434512820956028464
  -0.89328245179177912876873387177180802879     0.42381952750017229853499788382004495586    -0.63725462391661404099753014027642889828   0.0049316869824516919914434512820956028464
  -0.63725462391661404099753014027642889828    -0.89328245179177912876873387177180802879    -0.89328245179177912876873387177180802879   0.0049316869824516919914434512820956028464
   0.42381952750017229853499788382004495586    -0.63725462391661404099753014027642889828    -0.89328245179177912876873387177180802879   0.0049316869824516919914434512820956028464
   0.67230141548949998300298710690903876268    -0.85166057490619155768783348033178578683    -0.96898026567711686762732014624546718901   0.0023048628936894775567606187470130211499
   0.67230141548949998300298710690903876268    -0.85166057490619155768783348033178578683    -0.85166057490619155768783348033178578683   0.0023048628936894775567606187470130211499
  -0.85166057490619155768783348033178578683    -0.85166057490619155768783348033178578683     0.67230141548949998300298710690903876268   0.0023048628936894775567606187470130211499
  -0.96898026567711686762732014624546718901     0.67230141548949998300298710690903876268    -0.85166057490619155768783348033178578683   0.0023048628936894775567606187470130211499
  -0.85166057490619155768783348033178578683    -0.96898026567711686762732014624546718901     0.67230141548949998300298710690903876268   0.0023048628936894775567606187470130211499
  -0.85166057490619155768783348033178578683     0.67230141548949998300298710690903876268    -0.85166057490619155768783348033178578683   0.0023048628936894775567606187470130211499
  -0.96898026567711686762732014624546718901    -0.85166057490619155768783348033178578683     0.67230141548949998300298710690903876268   0.0023048628936894775567606187470130211499
  -0.85166057490619155768783348033178578683    -0.96898026567711686762732014624546718901    -0.85166057490619155768783348033178578683   0.0023048628936894775567606187470130211499
  -0.85166057490619155768783348033178578683    -0.85166057490619155768783348033178578683    -0.96898026567711686762732014624546718901   0.0023048628936894775567606187470130211499
  -0.85166057490619155768783348033178578683     0.67230141548949998300298710690903876268    -0.96898026567711686762732014624546718901   0.0023048628936894775567606187470130211499
  -0.96898026567711686762732014624546718901    -0.85166057490619155768783348033178578683    -0.85166057490619155768783348033178578683   0.0023048628936894775567606187470130211499
   0.67230141548949998300298710690903876268    -0.96898026567711686762732014624546718901    -0.85166057490619155768783348033178578683   0.0023048628936894775567606187470130211499
   0.11020109885870492062544833074374341814    -0.83103202531820144397167402712257026631    -0.44813704822230203268210027649860288553   0.0089560744661800553202672680605890313554
   0.11020109885870492062544833074374341814    -0.83103202531820144397167402712257026631    -0.83103202531820144397167402712257026631   0.0089560744661800553202672680605890313554
  -0.83103202531820144397167402712257026631    -0.83103202531820144397167402712257026631     0.11020109885870492062544833074374341814   0.0089560744661800553202672680605890313554
  -0.44813704822230203268210027649860288553     0.11020109885870492062544833074374341814    -0.83103202531820144397167402712257026631   0.0089560744661800553202672680605890313554
  -0.83103202531820144397167402712257026631    -0.44813704822230203268210027649860288553     0.11020109885870492062544833074374341814   0.0089560744661800553202672680605890313554
  -0.83103202531820144397167402712257026631     0.11020109885870492062544833074374341814    -0.83103202531820144397167402712257026631   0.0089560744661800553202672680605890313554
  -0.44813704822230203268210027649860288553    -0.83103202531820144397167402712257026631     0.11020109885870492062544833074374341814   0.0089560744661800553202672680605890313554
  -0.83103202531820144397167402712257026631    -0.44813704822230203268210027649860288553    -0.83103202531820144397167402712257026631   0.0089560744661800553202672680605890313554
  -0.83103202531820144397167402712257026631    -0.83103202531820144397167402712257026631    -0.44813704822230203268210027649860288553   0.0089560744661800553202672680605890313554
  -0.83103202531820144397167402712257026631     0.11020109885870492062544833074374341814    -0.44813704822230203268210027649860288553   0.0089560744661800553202672680605890313554
  -0.44813704822230203268210027649860288553    -0.83103202531820144397167402712257026631    -0.83103202531820144397167402712257026631   0.0089560744661800553202672680605890313554
   0.11020109885870492062544833074374341814    -0.44813704822230203268210027649860288553    -0.83103202531820144397167402712257026631   0.0089560744661800553202672680605890313554
   0.33885043620682558456801487978204155973    -0.70265153962379319108351432522813160305    -0.93354735695923920240098622932577835364    0.005775353586033017093956343507766631015
   0.33885043620682558456801487978204155973    -0.70265153962379319108351432522813160305    -0.70265153962379319108351432522813160305    0.005775353586033017093956343507766631015
  -0.70265153962379319108351432522813160305    -0.70265153962379319108351432522813160305     0.33885043620682558456801487978204155973    0.005775353586033017093956343507766631015
  -0.93354735695923920240098622932577835364     0.33885043620682558456801487978204155973    -0.70265153962379319108351432522813160305    0.005775353586033017093956343507766631015
  -0.70265153962379319108351432522813160305    -0.93354735695923920240098622932577835364     0.33885043620682558456801487978204155973    0.005775353586033017093956343507766631015
  -0.70265153962379319108351432522813160305     0.33885043620682558456801487978204155973    -0.70265153962379319108351432522813160305    0.005775353586033017093956343507766631015
  -0.93354735695923920240098622932577835364    -0.70265153962379319108351432522813160305     0.33885043620682558456801487978204155973    0.005775353586033017093956343507766631015
  -0.70265153962379319108351432522813160305    -0.93354735695923920240098622932577835364    -0.70265153962379319108351432522813160305    0.005775353586033017093956343507766631015
  -0.70265153962379319108351432522813160305    -0.70265153962379319108351432522813160305    -0.93354735695923920240098622932577835364    0.005775353586033017093956343507766631015
  -0.70265153962379319108351432522813160305     0.33885043620682558456801487978204155973    -0.93354735695923920240098622932577835364    0.005775353586033017093956343507766631015
  -0.93354735695923920240098622932577835364    -0.70265153962379319108351432522813160305    -0.70265153962379319108351432522813160305    0.005775353586033017093956343507766631015
   0.33885043620682558456801487978204155973    -0.93354735695923920240098622932577835364    -0.70265153962379319108351432522813160305    0.005775353586033017093956343507766631015
  -0.16396077254040949902682851188344782113    -0.68756419036585068312565908956150273913     -0.4609108467278891347218533089935467006    0.013981450935560243350017701714867785638
  -0.16396077254040949902682851188344782113    -0.68756419036585068312565908956150273913    -0.68756419036585068312565908956150273913    0.013981450935560243350017701714867785638
  -0.68756419036585068312565908956150273913    -0.68756419036585068312565908956150273913    -0.16396077254040949902682851188344782113    0.013981450935560243350017701714867785638
   -0.4609108467278891347218533089935467006    -0.16396077254040949902682851188344782113    -0.68756419036585068312565908956150273913    0.013981450935560243350017701714867785638
  -0.68756419036585068312565908956150273913     -0.4609108467278891347218533089935467006    -0.16396077254040949902682851188344782113    0.013981450935560243350017701714867785638
  -0.68756419036585068312565908956150273913    -0.16396077254040949902682851188344782113    -0.68756419036585068312565908956150273913    0.013981450935560243350017701714867785638
   -0.4609108467278891347218533089935467006    -0.68756419036585068312565908956150273913    -0.16396077254040949902682851188344782113    0.013981450935560243350017701714867785638
  -0.68756419036585068312565908956150273913     -0.4609108467278891347218533089935467006    -0.68756419036585068312565908956150273913    0.013981450935560243350017701714867785638
  -0.68756419036585068312565908956150273913    -0.68756419036585068312565908956150273913     -0.4609108467278891347218533089935467006    0.013981450935560243350017701714867785638
  -0.68756419036585068312565908956150273913    -0.16396077254040949902682851188344782113     -0.4609108467278891347218533089935467006    0.013981450935560243350017701714867785638
   -0.4609108467278891347218533089935467006    -0.68756419036585068312565908956150273913    -0.68756419036585068312565908956150273913    0.013981450935560243350017701714867785638
  -0.16396077254040949902682851188344782113     -0.4609108467278891347218533089935467006    -0.68756419036585068312565908956150273913    0.013981450935560243350017701714867785638
  0.074342926506715464501707744964933526821    -0.61471060056155911217826506695466112821     -0.8449217253835972401451776110556112704   0.0050725855949191535821685844643284090869
  0.074342926506715464501707744964933526821    -0.61471060056155911217826506695466112821    -0.61471060056155911217826506695466112821   0.0050725855949191535821685844643284090869
  -0.61471060056155911217826506695466112821    -0.61471060056155911217826506695466112821    0.074342926506715464501707744964933526821   0.0050725855949191535821685844643284090869
   -0.8449217253835972401451776110556112704    0.074342926506715464501707744964933526821    -0.61471060056155911217826506695466112821   0.0050725855949191535821685844643284090869
  -0.61471060056155911217826506695466112821     -0.8449217253835972401451776110556112704    0.074342926506715464501707744964933526821   0.0050725855949191535821685844643284090869
  -0.61471060056155911217826506695466112821    0.074342926506715464501707744964933526821    -0.61471060056155911217826506695466112821   0.0050725855949191535821685844643284090869
   -0.8449217253835972401451776110556112704    -0.61471060056155911217826506695466112821    0.074342926506715464501707744964933526821   0.0050725855949191535821685844643284090869
  -0.61471060056155911217826506695466112821     -0.8449217253835972401451776110556112704    -0.61471060056155911217826506695466112821   0.0050725855949191535821685844643284090869
  -0.61471060056155911217826506695466112821    -0.61471060056155911217826506695466112821     -0.8449217253835972401451776110556112704   0.0050725855949191535821685844643284090869
  -0.61471060056155911217826506695466112821    0.074342926506715464501707744964933526821     -0.8449217253835972401451776110556112704   0.0050725855949191535821685844643284090869
   -0.8449217253835972401451776110556112704    -0.61471060056155911217826506695466112821    -0.61471060056155911217826506695466112821   0.0050725855949191535821685844643284090869
  0.074342926506715464501707744964933526821     -0.8449217253835972401451776110556112704    -0.61471060056155911217826506695466112821   0.0050725855949191535821685844643284090869
   0.16576697998995535856190770855186839641     -0.5851509959408939091420136562937121559     -0.9954649881081675402778803959644440846   0.0016448856171356848930227145603013917999
   0.16576697998995535856190770855186839641     -0.5851509959408939091420136562937121559     -0.5851509959408939091420136562937121559   0.0016448856171356848930227145603013917999
   -0.5851509959408939091420136562937121559     -0.5851509959408939091420136562937121559     0.16576697998995535856190770855186839641   0.0016448856171356848930227145603013917999
   -0.9954649881081675402778803959644440846     0.16576697998995535856190770855186839641     -0.5851509959408939091420136562937121559   0.0016448856171356848930227145603013917999
   -0.5851509959408939091420136562937121559     -0.9954649881081675402778803959644440846     0.16576697998995535856190770855186839641   0.0016448856171356848930227145603013917999
   -0.5851509959408939091420136562937121559     0.16576697998995535856190770855186839641     -0.5851509959408939091420136562937121559   0.0016448856171356848930227145603013917999
   -0.9954649881081675402778803959644440846     -0.5851509959408939091420136562937121559     0.16576697998995535856190770855186839641   0.0016448856171356848930227145603013917999
   -0.5851509959408939091420136562937121559     -0.9954649881081675402778803959644440846     -0.5851509959408939091420136562937121559   0.0016448856171356848930227145603013917999
   -0.5851509959408939091420136562937121559     -0.5851509959408939091420136562937121559     -0.9954649881081675402778803959644440846   0.0016448856171356848930227145603013917999
   -0.5851509959408939091420136562937121559     0.16576697998995535856190770855186839641     -0.9954649881081675402778803959644440846   0.0016448856171356848930227145603013917999
   -0.9954649881081675402778803959644440846     -0.5851509959408939091420136562937121559     -0.5851509959408939091420136562937121559   0.0016448856171356848930227145603013917999
   0.16576697998995535856190770855186839641     -0.9954649881081675402778803959644440846     -0.5851509959408939091420136562937121559   0.0016448856171356848930227145603013917999
 -0.049980374050407452551426039546694219654    -0.53534647622556188437905605984126057069    -0.87932667349846877869046184077078463896    0.007554885740483008132144812467378467532
 -0.049980374050407452551426039546694219654    -0.53534647622556188437905605984126057069    -0.53534647622556188437905605984126057069    0.007554885740483008132144812467378467532
  -0.53534647622556188437905605984126057069    -0.53534647622556188437905605984126057069   -0.049980374050407452551426039546694219654    0.007554885740483008132144812467378467532
  -0.87932667349846877869046184077078463896   -0.049980374050407452551426039546694219654    -0.53534647622556188437905605984126057069    0.007554885740483008132144812467378467532
  -0.53534647622556188437905605984126057069    -0.87932667349846877869046184077078463896   -0.049980374050407452551426039546694219654    0.007554885740483008132144812467378467532
  -0.53534647622556188437905605984126057069   -0.049980374050407452551426039546694219654    -0.53534647622556188437905605984126057069    0.007554885740483008132144812467378467532
  -0.87932667349846877869046184077078463896    -0.53534647622556188437905605984126057069   -0.049980374050407452551426039546694219654    0.007554885740483008132144812467378467532
  -0.53534647622556188437905605984126057069    -0.87932667349846877869046184077078463896    -0.53534647622556188437905605984126057069    0.007554885740483008132144812467378467532
  -0.53534647622556188437905605984126057069    -0.53534647622556188437905605984126057069    -0.87932667349846877869046184077078463896    0.007554885740483008132144812467378467532
  -0.53534647622556188437905605984126057069   -0.049980374050407452551426039546694219654    -0.87932667349846877869046184077078463896    0.007554885740483008132144812467378467532
  -0.87932667349846877869046184077078463896    -0.53534647622556188437905605984126057069    -0.53534647622556188437905605984126057069    0.007554885740483008132144812467378467532
 -0.049980374050407452551426039546694219654    -0.87932667349846877869046184077078463896    -0.53534647622556188437905605984126057069    0.007554885740483008132144812467378467532
   -0.1540513427653268304651009097432336746    -0.43781462350036509932788654594457693017    -0.97031941023394297087912599836761246505   0.0054768219336110892383973758622054993816
   -0.1540513427653268304651009097432336746    -0.43781462350036509932788654594457693017    -0.43781462350036509932788654594457693017   0.0054768219336110892383973758622054993816
  -0.43781462350036509932788654594457693017    -0.43781462350036509932788654594457693017     -0.1540513427653268304651009097432336746   0.0054768219336110892383973758622054993816
  -0.97031941023394297087912599836761246505     -0.1540513427653268304651009097432336746    -0.43781462350036509932788654594457693017   0.0054768219336110892383973758622054993816
  -0.43781462350036509932788654594457693017    -0.97031941023394297087912599836761246505     -0.1540513427653268304651009097432336746   0.0054768219336110892383973758622054993816
  -0.43781462350036509932788654594457693017     -0.1540513427653268304651009097432336746    -0.43781462350036509932788654594457693017   0.0054768219336110892383973758622054993816
  -0.97031941023394297087912599836761246505    -0.43781462350036509932788654594457693017     -0.1540513427653268304651009097432336746   0.0054768219336110892383973758622054993816
  -0.43781462350036509932788654594457693017    -0.97031941023394297087912599836761246505    -0.43781462350036509932788654594457693017   0.0054768219336110892383973758622054993816
  -0.43781462350036509932788654594457693017    -0.43781462350036509932788654594457693017    -0.97031941023394297087912599836761246505   0.0054768219336110892383973758622054993816
  -0.43781462350036509932788654594457693017     -0.1540513427653268304651009097432336746    -0.97031941023394297087912599836761246505   0.0054768219336110892383973758622054993816
  -0.97031941023394297087912599836761246505    -0.43781462350036509932788654594457693017    -0.43781462350036509932788654594457693017   0.0054768219336110892383973758622054993816
   -0.1540513427653268304651009097432336746    -0.97031941023394297087912599836761246505    -0.43781462350036509932788654594457693017   0.0054768219336110892383973758622054993816
  -0.67072454959084939985173968690941235514    -0.22844690909826200169871590984619319047    -0.87238163221262659675082849339820126393    0.010976824831571838063262045094776520851
  -0.67072454959084939985173968690941235514    -0.22844690909826200169871590984619319047    -0.22844690909826200169871590984619319047    0.010976824831571838063262045094776520851
  -0.22844690909826200169871590984619319047    -0.22844690909826200169871590984619319047    -0.67072454959084939985173968690941235514    0.010976824831571838063262045094776520851
  -0.87238163221262659675082849339820126393    -0.67072454959084939985173968690941235514    -0.22844690909826200169871590984619319047    0.010976824831571838063262045094776520851
  -0.22844690909826200169871590984619319047    -0.87238163221262659675082849339820126393    -0.67072454959084939985173968690941235514    0.010976824831571838063262045094776520851
  -0.22844690909826200169871590984619319047    -0.67072454959084939985173968690941235514    -0.22844690909826200169871590984619319047    0.010976824831571838063262045094776520851
  -0.87238163221262659675082849339820126393    -0.22844690909826200169871590984619319047    -0.67072454959084939985173968690941235514    0.010976824831571838063262045094776520851
  -0.22844690909826200169871590984619319047    -0.87238163221262659675082849339820126393    -0.22844690909826200169871590984619319047    0.010976824831571838063262045094776520851
  -0.22844690909826200169871590984619319047    -0.22844690909826200169871590984619319047    -0.87238163221262659675082849339820126393    0.010976824831571838063262045094776520851
  -0.22844690909826200169871590984619319047    -0.67072454959084939985173968690941235514    -0.87238163221262659675082849339820126393    0.010976824831571838063262045094776520851
  -0.87238163221262659675082849339820126393    -0.22844690909826200169871590984619319047    -0.22844690909826200169871590984619319047    0.010976824831571838063262045094776520851
  -0.67072454959084939985173968690941235514    -0.87238163221262659675082849339820126393    -0.22844690909826200169871590984619319047    0.010976824831571838063262045094776520851
  -0.66584463066257249727343797069571896236    -0.17526347372531094504052990037415723912     -0.9836284218868056126455022285559665594   0.0031156835867235982487571350190488227543
  -0.66584463066257249727343797069571896236    -0.17526347372531094504052990037415723912    -0.17526347372531094504052990037415723912   0.0031156835867235982487571350190488227543
  -0.17526347372531094504052990037415723912    -0.17526347372531094504052990037415723912    -0.66584463066257249727343797069571896236   0.0031156835867235982487571350190488227543
   -0.9836284218868056126455022285559665594    -0.66584463066257249727343797069571896236    -0.17526347372531094504052990037415723912   0.0031156835867235982487571350190488227543
  -0.17526347372531094504052990037415723912     -0.9836284218868056126455022285559665594    -0.66584463066257249727343797069571896236   0.0031156835867235982487571350190488227543
  -0.17526347372531094504052990037415723912    -0.66584463066257249727343797069571896236    -0.17526347372531094504052990037415723912   0.0031156835867235982487571350190488227543
   -0.9836284218868056126455022285559665594    -0.17526347372531094504052990037415723912    -0.66584463066257249727343797069571896236   0.0031156835867235982487571350190488227543
  -0.17526347372531094504052990037415723912     -0.9836284218868056126455022285559665594    -0.17526347372531094504052990037415723912   0.0031156835867235982487571350190488227543
  -0.17526347372531094504052990037415723912    -0.17526347372531094504052990037415723912     -0.9836284218868056126455022285559665594   0.0031156835867235982487571350190488227543
  -0.17526347372531094504052990037415723912    -0.66584463066257249727343797069571896236     -0.9836284218868056126455022285559665594   0.0031156835867235982487571350190488227543
   -0.9836284218868056126455022285559665594    -0.17526347372531094504052990037415723912    -0.17526347372531094504052990037415723912   0.0031156835867235982487571350190488227543
  -0.66584463066257249727343797069571896236     -0.9836284218868056126455022285559665594    -0.17526347372531094504052990037415723912   0.0031156835867235982487571350190488227543
   -0.8645925987718480366112631713003706989   -0.077705322437622093372096219905401436006    -0.97999675635290777664454438888882642908   0.0024807918883315020783141355256497219916
   -0.8645925987718480366112631713003706989   -0.077705322437622093372096219905401436006   -0.077705322437622093372096219905401436006   0.0024807918883315020783141355256497219916
 -0.077705322437622093372096219905401436006   -0.077705322437622093372096219905401436006     -0.8645925987718480366112631713003706989   0.0024807918883315020783141355256497219916
  -0.97999675635290777664454438888882642908     -0.8645925987718480366112631713003706989   -0.077705322437622093372096219905401436006   0.0024807918883315020783141355256497219916
 -0.077705322437622093372096219905401436006    -0.97999675635290777664454438888882642908     -0.8645925987718480366112631713003706989   0.0024807918883315020783141355256497219916
 -0.077705322437622093372096219905401436006     -0.8645925987718480366112631713003706989   -0.077705322437622093372096219905401436006   0.0024807918883315020783141355256497219916
  -0.97999675635290777664454438888882642908   -0.077705322437622093372096219905401436006     -0.8645925987718480366112631713003706989   0.0024807918883315020783141355256497219916
 -0.077705322437622093372096219905401436006    -0.97999675635290777664454438888882642908   -0.077705322437622093372096219905401436006   0.0024807918883315020783141355256497219916
 -0.077705322437622093372096219905401436006   -0.077705322437622093372096219905401436006    -0.97999675635290777664454438888882642908   0.0024807918883315020783141355256497219916
 -0.077705322437622093372096219905401436006     -0.8645925987718480366112631713003706989    -0.97999675635290777664454438888882642908   0.0024807918883315020783141355256497219916
  -0.97999675635290777664454438888882642908   -0.077705322437622093372096219905401436006   -0.077705322437622093372096219905401436006   0.0024807918883315020783141355256497219916
   -0.8645925987718480366112631713003706989    -0.97999675635290777664454438888882642908   -0.077705322437622093372096219905401436006   0.0024807918883315020783141355256497219916
   0.46497583818315725768752316848992432496    -0.84330610792361662667908011484125913405    -0.99314627271321123051929965682993220344   0.0014504911830783332451874667822372950849
  -0.84330610792361662667908011484125913405    -0.99314627271321123051929965682993220344     0.46497583818315725768752316848992432496   0.0014504911830783332451874667822372950849
  -0.84330610792361662667908011484125913405     0.46497583818315725768752316848992432496    -0.99314627271321123051929965682993220344   0.0014504911830783332451874667822372950849
  -0.99314627271321123051929965682993220344     0.46497583818315725768752316848992432496    -0.62852345754632940048914339681873298748   0.0014504911830783332451874667822372950849
  -0.99314627271321123051929965682993220344     0.46497583818315725768752316848992432496    -0.84330610792361662667908011484125913405   0.0014504911830783332451874667822372950849
  -0.62852345754632940048914339681873298748     0.46497583818315725768752316848992432496    -0.99314627271321123051929965682993220344   0.0014504911830783332451874667822372950849
  -0.99314627271321123051929965682993220344    -0.84330610792361662667908011484125913405    -0.62852345754632940048914339681873298748   0.0014504911830783332451874667822372950849
  -0.99314627271321123051929965682993220344    -0.62852345754632940048914339681873298748     0.46497583818315725768752316848992432496   0.0014504911830783332451874667822372950849
  -0.62852345754632940048914339681873298748    -0.84330610792361662667908011484125913405    -0.99314627271321123051929965682993220344   0.0014504911830783332451874667822372950849
   0.46497583818315725768752316848992432496    -0.84330610792361662667908011484125913405    -0.62852345754632940048914339681873298748   0.0014504911830783332451874667822372950849
  -0.62852345754632940048914339681873298748     0.46497583818315725768752316848992432496    -0.84330610792361662667908011484125913405   0.0014504911830783332451874667822372950849
  -0.99314627271321123051929965682993220344    -0.84330610792361662667908011484125913405     0.46497583818315725768752316848992432496   0.0014504911830783332451874667822372950849
  -0.62852345754632940048914339681873298748    -0.84330610792361662667908011484125913405     0.46497583818315725768752316848992432496   0.0014504911830783332451874667822372950849
   0.46497583818315725768752316848992432496    -0.62852345754632940048914339681873298748    -0.99314627271321123051929965682993220344   0.0014504911830783332451874667822372950849
  -0.99314627271321123051929965682993220344    -0.62852345754632940048914339681873298748    -0.84330610792361662667908011484125913405   0.0014504911830783332451874667822372950849
  -0.84330610792361662667908011484125913405    -0.62852345754632940048914339681873298748    -0.99314627271321123051929965682993220344   0.0014504911830783332451874667822372950849
   0.46497583818315725768752316848992432496    -0.62852345754632940048914339681873298748    -0.84330610792361662667908011484125913405   0.0014504911830783332451874667822372950849
  -0.84330610792361662667908011484125913405    -0.62852345754632940048914339681873298748     0.46497583818315725768752316848992432496   0.0014504911830783332451874667822372950849
  -0.84330610792361662667908011484125913405     0.46497583818315725768752316848992432496    -0.62852345754632940048914339681873298748   0.0014504911830783332451874667822372950849
  -0.62852345754632940048914339681873298748    -0.99314627271321123051929965682993220344     0.46497583818315725768752316848992432496   0.0014504911830783332451874667822372950849
   0.46497583818315725768752316848992432496    -0.99314627271321123051929965682993220344    -0.62852345754632940048914339681873298748   0.0014504911830783332451874667822372950849
   0.46497583818315725768752316848992432496    -0.99314627271321123051929965682993220344    -0.84330610792361662667908011484125913405   0.0014504911830783332451874667822372950849
  -0.84330610792361662667908011484125913405    -0.99314627271321123051929965682993220344    -0.62852345754632940048914339681873298748   0.0014504911830783332451874667822372950849
  -0.62852345754632940048914339681873298748    -0.99314627271321123051929965682993220344    -0.84330610792361662667908011484125913405   0.0014504911830783332451874667822372950849
   0.24177574418858883068255630490443133558    -0.91025002150462750176017213399597468752    -0.97323606133049288850202928009243101196   0.0025543440743643092897187700667686349036
  -0.91025002150462750176017213399597468752    -0.97323606133049288850202928009243101196     0.24177574418858883068255630490443133558   0.0025543440743643092897187700667686349036
  -0.91025002150462750176017213399597468752     0.24177574418858883068255630490443133558    -0.97323606133049288850202928009243101196   0.0025543440743643092897187700667686349036
  -0.97323606133049288850202928009243101196     0.24177574418858883068255630490443133558     -0.3582896613534684404203548908160256361   0.0025543440743643092897187700667686349036
  -0.97323606133049288850202928009243101196     0.24177574418858883068255630490443133558    -0.91025002150462750176017213399597468752   0.0025543440743643092897187700667686349036
   -0.3582896613534684404203548908160256361     0.24177574418858883068255630490443133558    -0.97323606133049288850202928009243101196   0.0025543440743643092897187700667686349036
  -0.97323606133049288850202928009243101196    -0.91025002150462750176017213399597468752     -0.3582896613534684404203548908160256361   0.0025543440743643092897187700667686349036
  -0.97323606133049288850202928009243101196     -0.3582896613534684404203548908160256361     0.24177574418858883068255630490443133558   0.0025543440743643092897187700667686349036
   -0.3582896613534684404203548908160256361    -0.91025002150462750176017213399597468752    -0.97323606133049288850202928009243101196   0.0025543440743643092897187700667686349036
   0.24177574418858883068255630490443133558    -0.91025002150462750176017213399597468752     -0.3582896613534684404203548908160256361   0.0025543440743643092897187700667686349036
   -0.3582896613534684404203548908160256361     0.24177574418858883068255630490443133558    -0.91025002150462750176017213399597468752   0.0025543440743643092897187700667686349036
  -0.97323606133049288850202928009243101196    -0.91025002150462750176017213399597468752     0.24177574418858883068255630490443133558   0.0025543440743643092897187700667686349036
   -0.3582896613534684404203548908160256361    -0.91025002150462750176017213399597468752     0.24177574418858883068255630490443133558   0.0025543440743643092897187700667686349036
   0.24177574418858883068255630490443133558     -0.3582896613534684404203548908160256361    -0.97323606133049288850202928009243101196   0.0025543440743643092897187700667686349036
  -0.97323606133049288850202928009243101196     -0.3582896613534684404203548908160256361    -0.91025002150462750176017213399597468752   0.0025543440743643092897187700667686349036
  -0.91025002150462750176017213399597468752     -0.3582896613534684404203548908160256361    -0.97323606133049288850202928009243101196   0.0025543440743643092897187700667686349036
   0.24177574418858883068255630490443133558     -0.3582896613534684404203548908160256361    -0.91025002150462750176017213399597468752   0.0025543440743643092897187700667686349036
  -0.91025002150462750176017213399597468752     -0.3582896613534684404203548908160256361     0.24177574418858883068255630490443133558   0.0025543440743643092897187700667686349036
  -0.91025002150462750176017213399597468752     0.24177574418858883068255630490443133558     -0.3582896613534684404203548908160256361   0.0025543440743643092897187700667686349036
   -0.3582896613534684404203548908160256361    -0.97323606133049288850202928009243101196     0.24177574418858883068255630490443133558   0.0025543440743643092897187700667686349036
   0.24177574418858883068255630490443133558    -0.97323606133049288850202928009243101196     -0.3582896613534684404203548908160256361   0.0025543440743643092897187700667686349036
   0.24177574418858883068255630490443133558    -0.97323606133049288850202928009243101196    -0.91025002150462750176017213399597468752   0.0025543440743643092897187700667686349036
  -0.91025002150462750176017213399597468752    -0.97323606133049288850202928009243101196     -0.3582896613534684404203548908160256361   0.0025543440743643092897187700667686349036
   -0.3582896613534684404203548908160256361    -0.97323606133049288850202928009243101196    -0.91025002150462750176017213399597468752   0.0025543440743643092897187700667686349036
   0.11251421884710101683790830634970578628    -0.74288071522669747018359214853531441142    -0.96042754055626942243618814032783607152   0.0052184428485641048746718501683312151737
  -0.74288071522669747018359214853531441142    -0.96042754055626942243618814032783607152     0.11251421884710101683790830634970578628   0.0052184428485641048746718501683312151737
  -0.74288071522669747018359214853531441142     0.11251421884710101683790830634970578628    -0.96042754055626942243618814032783607152   0.0052184428485641048746718501683312151737
  -0.96042754055626942243618814032783607152     0.11251421884710101683790830634970578628    -0.40920596306413412421812801748655530334   0.0052184428485641048746718501683312151737
  -0.96042754055626942243618814032783607152     0.11251421884710101683790830634970578628    -0.74288071522669747018359214853531441142   0.0052184428485641048746718501683312151737
  -0.40920596306413412421812801748655530334     0.11251421884710101683790830634970578628    -0.96042754055626942243618814032783607152   0.0052184428485641048746718501683312151737
  -0.96042754055626942243618814032783607152    -0.74288071522669747018359214853531441142    -0.40920596306413412421812801748655530334   0.0052184428485641048746718501683312151737
  -0.96042754055626942243618814032783607152    -0.40920596306413412421812801748655530334     0.11251421884710101683790830634970578628   0.0052184428485641048746718501683312151737
  -0.40920596306413412421812801748655530334    -0.74288071522669747018359214853531441142    -0.96042754055626942243618814032783607152   0.0052184428485641048746718501683312151737
   0.11251421884710101683790830634970578628    -0.74288071522669747018359214853531441142    -0.40920596306413412421812801748655530334   0.0052184428485641048746718501683312151737
  -0.40920596306413412421812801748655530334     0.11251421884710101683790830634970578628    -0.74288071522669747018359214853531441142   0.0052184428485641048746718501683312151737
  -0.96042754055626942243618814032783607152    -0.74288071522669747018359214853531441142     0.11251421884710101683790830634970578628   0.0052184428485641048746718501683312151737
  -0.40920596306413412421812801748655530334    -0.74288071522669747018359214853531441142     0.11251421884710101683790830634970578628   0.0052184428485641048746718501683312151737
   0.11251421884710101683790830634970578628    -0.40920596306413412421812801748655530334    -0.96042754055626942243618814032783607152   0.0052184428485641048746718501683312151737
  -0.96042754055626942243618814032783607152    -0.40920596306413412421812801748655530334    -0.74288071522669747018359214853531441142   0.0052184428485641048746718501683312151737
  -0.74288071522669747018359214853531441142    -0.40920596306413412421812801748655530334    -0.96042754055626942243618814032783607152   0.0052184428485641048746718501683312151737
   0.11251421884710101683790830634970578628    -0.40920596306413412421812801748655530334    -0.74288071522669747018359214853531441142   0.0052184428485641048746718501683312151737
  -0.74288071522669747018359214853531441142    -0.40920596306413412421812801748655530334     0.11251421884710101683790830634970578628   0.0052184428485641048746718501683312151737
  -0.74288071522669747018359214853531441142     0.11251421884710101683790830634970578628    -0.40920596306413412421812801748655530334   0.0052184428485641048746718501683312151737
  -0.40920596306413412421812801748655530334    -0.96042754055626942243618814032783607152     0.11251421884710101683790830634970578628   0.0052184428485641048746718501683312151737
   0.11251421884710101683790830634970578628    -0.96042754055626942243618814032783607152    -0.40920596306413412421812801748655530334   0.0052184428485641048746718501683312151737
   0.11251421884710101683790830634970578628    -0.96042754055626942243618814032783607152    -0.74288071522669747018359214853531441142   0.0052184428485641048746718501683312151737
  -0.74288071522669747018359214853531441142    -0.96042754055626942243618814032783607152    -0.40920596306413412421812801748655530334   0.0052184428485641048746718501683312151737
  -0.40920596306413412421812801748655530334    -0.96042754055626942243618814032783607152    -0.74288071522669747018359214853531441142   0.0052184428485641048746718501683312151737

