                                       -0.5                                         -0.5                                         -0.5     0.07734739854997367644741906257553729918
  -0.99999999876036601109069831529161985423    -0.99999999876036601109069831529161985423      0.9999999962810980332720949458748595627  8.5759042345675186085903030258742437834e-05
  -0.99999999876036601109069831529161985423      0.9999999962810980332720949458748595627    -0.99999999876036601109069831529161985423  8.5759042345675186085903030258742437834e-05
    0.9999999962810980332720949458748595627    -0.99999999876036601109069831529161985423    -0.99999999876036601109069831529161985423  8.5759042345675186085903030258742437834e-05
  -0.99999999876036601109069831529161985423    -0.99999999876036601109069831529161985423    -0.99999999876036601109069831529161985423  8.5759042345675186085903030258742437834e-05
  -0.67845092920947681169601712222921603853    -0.67845092920947681169601712222921603853    0.035352787628430435088051366687648115583    0.030897784616567277310532826869162311937
  -0.67845092920947681169601712222921603853    0.035352787628430435088051366687648115583    -0.67845092920947681169601712222921603853    0.030897784616567277310532826869162311937
  0.035352787628430435088051366687648115583    -0.67845092920947681169601712222921603853    -0.67845092920947681169601712222921603853    0.030897784616567277310532826869162311937
  -0.67845092920947681169601712222921603853    -0.67845092920947681169601712222921603853    -0.67845092920947681169601712222921603853    0.030897784616567277310532826869162311937
  -0.35544695635715805159186380319222134027    -0.35544695635715805159186380319222134027    -0.93365913092852584522440859042333597919    0.039417216447239047523644877985518239107
  -0.35544695635715805159186380319222134027    -0.93365913092852584522440859042333597919    -0.35544695635715805159186380319222134027    0.039417216447239047523644877985518239107
  -0.93365913092852584522440859042333597919    -0.35544695635715805159186380319222134027    -0.35544695635715805159186380319222134027    0.039417216447239047523644877985518239107
  -0.35544695635715805159186380319222134027    -0.35544695635715805159186380319222134027    -0.35544695635715805159186380319222134027    0.039417216447239047523644877985518239107
  -0.90978216330917283407807385501200614331    -0.90978216330917283407807385501200614331     0.72934648992751850223422156503601842994    0.010751973306154910354337519688619045729
  -0.90978216330917283407807385501200614331     0.72934648992751850223422156503601842994    -0.90978216330917283407807385501200614331    0.010751973306154910354337519688619045729
   0.72934648992751850223422156503601842994    -0.90978216330917283407807385501200614331    -0.90978216330917283407807385501200614331    0.010751973306154910354337519688619045729
  -0.90978216330917283407807385501200614331    -0.90978216330917283407807385501200614331    -0.90978216330917283407807385501200614331    0.010751973306154910354337519688619045729
  -0.77540690799124790934402070093968875729    -0.22459309200875209065597929906031124271    -0.22459309200875209065597929906031124271     0.05084544013826995406889748131136091475
  -0.22459309200875209065597929906031124271    -0.77540690799124790934402070093968875729    -0.22459309200875209065597929906031124271     0.05084544013826995406889748131136091475
  -0.77540690799124790934402070093968875729    -0.77540690799124790934402070093968875729    -0.22459309200875209065597929906031124271     0.05084544013826995406889748131136091475
  -0.77540690799124790934402070093968875729    -0.22459309200875209065597929906031124271    -0.77540690799124790934402070093968875729     0.05084544013826995406889748131136091475
  -0.22459309200875209065597929906031124271    -0.77540690799124790934402070093968875729    -0.77540690799124790934402070093968875729     0.05084544013826995406889748131136091475
  -0.22459309200875209065597929906031124271    -0.22459309200875209065597929906031124271    -0.77540690799124790934402070093968875729     0.05084544013826995406889748131136091475
    -0.994890841533917338064711949103255315   -0.082257102495081453456435781598997046246    -0.84059495347591975502241648769875059251    0.011179229597731402927583520512290878612
    -0.994890841533917338064711949103255315   -0.082257102495081453456435781598997046246   -0.082257102495081453456435781598997046246    0.011179229597731402927583520512290878612
 -0.082257102495081453456435781598997046246   -0.082257102495081453456435781598997046246      -0.994890841533917338064711949103255315    0.011179229597731402927583520512290878612
  -0.84059495347591975502241648769875059251      -0.994890841533917338064711949103255315   -0.082257102495081453456435781598997046246    0.011179229597731402927583520512290878612
 -0.082257102495081453456435781598997046246    -0.84059495347591975502241648769875059251      -0.994890841533917338064711949103255315    0.011179229597731402927583520512290878612
 -0.082257102495081453456435781598997046246      -0.994890841533917338064711949103255315   -0.082257102495081453456435781598997046246    0.011179229597731402927583520512290878612
  -0.84059495347591975502241648769875059251   -0.082257102495081453456435781598997046246      -0.994890841533917338064711949103255315    0.011179229597731402927583520512290878612
 -0.082257102495081453456435781598997046246    -0.84059495347591975502241648769875059251   -0.082257102495081453456435781598997046246    0.011179229597731402927583520512290878612
 -0.082257102495081453456435781598997046246   -0.082257102495081453456435781598997046246    -0.84059495347591975502241648769875059251    0.011179229597731402927583520512290878612
 -0.082257102495081453456435781598997046246      -0.994890841533917338064711949103255315    -0.84059495347591975502241648769875059251    0.011179229597731402927583520512290878612
  -0.84059495347591975502241648769875059251   -0.082257102495081453456435781598997046246   -0.082257102495081453456435781598997046246    0.011179229597731402927583520512290878612
    -0.994890841533917338064711949103255315    -0.84059495347591975502241648769875059251   -0.082257102495081453456435781598997046246    0.011179229597731402927583520512290878612
   0.43670065288414901811354448912928750012    -0.93244825862932284418902737202159413719    -0.57180413562550332973548974508609922574    0.013646079136993770600501763121325612648
   0.43670065288414901811354448912928750012    -0.93244825862932284418902737202159413719    -0.93244825862932284418902737202159413719    0.013646079136993770600501763121325612648
  -0.93244825862932284418902737202159413719    -0.93244825862932284418902737202159413719     0.43670065288414901811354448912928750012    0.013646079136993770600501763121325612648
  -0.57180413562550332973548974508609922574     0.43670065288414901811354448912928750012    -0.93244825862932284418902737202159413719    0.013646079136993770600501763121325612648
  -0.93244825862932284418902737202159413719    -0.57180413562550332973548974508609922574     0.43670065288414901811354448912928750012    0.013646079136993770600501763121325612648
  -0.93244825862932284418902737202159413719     0.43670065288414901811354448912928750012    -0.93244825862932284418902737202159413719    0.013646079136993770600501763121325612648
  -0.57180413562550332973548974508609922574    -0.93244825862932284418902737202159413719     0.43670065288414901811354448912928750012    0.013646079136993770600501763121325612648
  -0.93244825862932284418902737202159413719    -0.57180413562550332973548974508609922574    -0.93244825862932284418902737202159413719    0.013646079136993770600501763121325612648
  -0.93244825862932284418902737202159413719    -0.93244825862932284418902737202159413719    -0.57180413562550332973548974508609922574    0.013646079136993770600501763121325612648
  -0.93244825862932284418902737202159413719     0.43670065288414901811354448912928750012    -0.57180413562550332973548974508609922574    0.013646079136993770600501763121325612648
  -0.57180413562550332973548974508609922574    -0.93244825862932284418902737202159413719    -0.93244825862932284418902737202159413719    0.013646079136993770600501763121325612648
   0.43670065288414901811354448912928750012    -0.57180413562550332973548974508609922574    -0.93244825862932284418902737202159413719    0.013646079136993770600501763121325612648
  -0.93116817884364945982158957577713628669    -0.63271726038014422042206258028726154683     0.19660269960393790066571473635165938035    0.027366554623984184053091789082666607808
  -0.93116817884364945982158957577713628669    -0.63271726038014422042206258028726154683    -0.63271726038014422042206258028726154683    0.027366554623984184053091789082666607808
  -0.63271726038014422042206258028726154683    -0.63271726038014422042206258028726154683    -0.93116817884364945982158957577713628669    0.027366554623984184053091789082666607808
   0.19660269960393790066571473635165938035    -0.93116817884364945982158957577713628669    -0.63271726038014422042206258028726154683    0.027366554623984184053091789082666607808
  -0.63271726038014422042206258028726154683     0.19660269960393790066571473635165938035    -0.93116817884364945982158957577713628669    0.027366554623984184053091789082666607808
  -0.63271726038014422042206258028726154683    -0.93116817884364945982158957577713628669    -0.63271726038014422042206258028726154683    0.027366554623984184053091789082666607808
   0.19660269960393790066571473635165938035    -0.63271726038014422042206258028726154683    -0.93116817884364945982158957577713628669    0.027366554623984184053091789082666607808
  -0.63271726038014422042206258028726154683     0.19660269960393790066571473635165938035    -0.63271726038014422042206258028726154683    0.027366554623984184053091789082666607808
  -0.63271726038014422042206258028726154683    -0.63271726038014422042206258028726154683     0.19660269960393790066571473635165938035    0.027366554623984184053091789082666607808
  -0.63271726038014422042206258028726154683    -0.93116817884364945982158957577713628669     0.19660269960393790066571473635165938035    0.027366554623984184053091789082666607808
   0.19660269960393790066571473635165938035    -0.63271726038014422042206258028726154683    -0.63271726038014422042206258028726154683    0.027366554623984184053091789082666607808
  -0.93116817884364945982158957577713628669     0.19660269960393790066571473635165938035    -0.63271726038014422042206258028726154683    0.027366554623984184053091789082666607808
