                                       -0.5                                         -0.5                                         -0.5    0.020716789083766789689636788042399407972
  -0.97525055258002240395135270487546517914    -0.97525055258002240395135270487546517914     0.92575165774006721185405811462639553741  0.00029117165402261084276763009980496420011
  -0.97525055258002240395135270487546517914     0.92575165774006721185405811462639553741    -0.97525055258002240395135270487546517914  0.00029117165402261084276763009980496420011
   0.92575165774006721185405811462639553741    -0.97525055258002240395135270487546517914    -0.97525055258002240395135270487546517914  0.00029117165402261084276763009980496420011
  -0.97525055258002240395135270487546517914    -0.97525055258002240395135270487546517914    -0.97525055258002240395135270487546517914  0.00029117165402261084276763009980496420011
  -0.87959748228524187252123236230771207328    -0.87959748228524187252123236230771207328     0.63879244685572561756369708692313621983   0.0026920724704013319346126429961197396754
  -0.87959748228524187252123236230771207328     0.63879244685572561756369708692313621983    -0.87959748228524187252123236230771207328   0.0026920724704013319346126429961197396754
   0.63879244685572561756369708692313621983    -0.87959748228524187252123236230771207328    -0.87959748228524187252123236230771207328   0.0026920724704013319346126429961197396754
  -0.87959748228524187252123236230771207328    -0.87959748228524187252123236230771207328    -0.87959748228524187252123236230771207328   0.0026920724704013319346126429961197396754
  -0.78391245601647764109327482551571140558    -0.78391245601647764109327482551571140558     0.35173736804943292327982447654713421673   0.0051634359713728409528361140164313556116
  -0.78391245601647764109327482551571140558     0.35173736804943292327982447654713421673    -0.78391245601647764109327482551571140558   0.0051634359713728409528361140164313556116
   0.35173736804943292327982447654713421673    -0.78391245601647764109327482551571140558    -0.78391245601647764109327482551571140558   0.0051634359713728409528361140164313556116
  -0.78391245601647764109327482551571140558    -0.78391245601647764109327482551571140558    -0.78391245601647764109327482551571140558   0.0051634359713728409528361140164313556116
  -0.62217107703064326086775099891890177515    -0.62217107703064326086775099891890177515    -0.13348676890807021739674700324329467454    0.018753739610417031952926134223009377683
  -0.62217107703064326086775099891890177515    -0.13348676890807021739674700324329467454    -0.62217107703064326086775099891890177515    0.018753739610417031952926134223009377683
  -0.13348676890807021739674700324329467454    -0.62217107703064326086775099891890177515    -0.62217107703064326086775099891890177515    0.018753739610417031952926134223009377683
  -0.62217107703064326086775099891890177515    -0.62217107703064326086775099891890177515    -0.62217107703064326086775099891890177515    0.018753739610417031952926134223009377683
  -0.40440433882201827597605197471801343774    -0.40440433882201827597605197471801343774    -0.78678698353394517207184407584595968679    0.017440512940211150983869896982108286434
  -0.40440433882201827597605197471801343774    -0.78678698353394517207184407584595968679    -0.40440433882201827597605197471801343774    0.017440512940211150983869896982108286434
  -0.78678698353394517207184407584595968679    -0.40440433882201827597605197471801343774    -0.40440433882201827597605197471801343774    0.017440512940211150983869896982108286434
  -0.40440433882201827597605197471801343774    -0.40440433882201827597605197471801343774    -0.40440433882201827597605197471801343774    0.017440512940211150983869896982108286434
  -0.35033890409889025363754355059471723431    -0.35033890409889025363754355059471723431    -0.94898328770332923908736934821584829708   0.0084983771075351325500976857659247880254
  -0.35033890409889025363754355059471723431    -0.94898328770332923908736934821584829708    -0.35033890409889025363754355059471723431   0.0084983771075351325500976857659247880254
  -0.94898328770332923908736934821584829708    -0.35033890409889025363754355059471723431    -0.35033890409889025363754355059471723431   0.0084983771075351325500976857659247880254
  -0.35033890409889025363754355059471723431    -0.35033890409889025363754355059471723431    -0.35033890409889025363754355059471723431   0.0084983771075351325500976857659247880254
  -0.33510133133999196552642214697637537968    -0.33510133133999196552642214697637537968    -0.99469600598002410342073355907087386097   0.0007824584578323612744361091774597217117
  -0.33510133133999196552642214697637537968    -0.99469600598002410342073355907087386097    -0.33510133133999196552642214697637537968   0.0007824584578323612744361091774597217117
  -0.99469600598002410342073355907087386097    -0.33510133133999196552642214697637537968    -0.33510133133999196552642214697637537968   0.0007824584578323612744361091774597217117
  -0.33510133133999196552642214697637537968    -0.33510133133999196552642214697637537968    -0.33510133133999196552642214697637537968   0.0007824584578323612744361091774597217117
  -0.96849635217193288347447287215631046624   -0.031503647828067116525527127843689533761   -0.031503647828067116525527127843689533761   0.0015749528188720779269893050858008750216
 -0.031503647828067116525527127843689533761    -0.96849635217193288347447287215631046624   -0.031503647828067116525527127843689533761   0.0015749528188720779269893050858008750216
  -0.96849635217193288347447287215631046624    -0.96849635217193288347447287215631046624   -0.031503647828067116525527127843689533761   0.0015749528188720779269893050858008750216
  -0.96849635217193288347447287215631046624   -0.031503647828067116525527127843689533761    -0.96849635217193288347447287215631046624   0.0015749528188720779269893050858008750216
 -0.031503647828067116525527127843689533761    -0.96849635217193288347447287215631046624    -0.96849635217193288347447287215631046624   0.0015749528188720779269893050858008750216
 -0.031503647828067116525527127843689533761   -0.031503647828067116525527127843689533761    -0.96849635217193288347447287215631046624   0.0015749528188720779269893050858008750216
  -0.85507128946354866159263733409508083254    -0.14492871053645133840736266590491916746    -0.14492871053645133840736266590491916746    0.010410744526915581314896698163715707611
  -0.14492871053645133840736266590491916746    -0.85507128946354866159263733409508083254    -0.14492871053645133840736266590491916746    0.010410744526915581314896698163715707611
  -0.85507128946354866159263733409508083254    -0.85507128946354866159263733409508083254    -0.14492871053645133840736266590491916746    0.010410744526915581314896698163715707611
  -0.85507128946354866159263733409508083254    -0.14492871053645133840736266590491916746    -0.85507128946354866159263733409508083254    0.010410744526915581314896698163715707611
  -0.14492871053645133840736266590491916746    -0.85507128946354866159263733409508083254    -0.85507128946354866159263733409508083254    0.010410744526915581314896698163715707611
  -0.14492871053645133840736266590491916746    -0.14492871053645133840736266590491916746    -0.85507128946354866159263733409508083254    0.010410744526915581314896698163715707611
   -0.7012692321020321437111115366442350803     -0.2987307678979678562888884633557649197     -0.2987307678979678562888884633557649197    0.015200565816697849041949941666016463323
   -0.2987307678979678562888884633557649197     -0.7012692321020321437111115366442350803     -0.2987307678979678562888884633557649197    0.015200565816697849041949941666016463323
   -0.7012692321020321437111115366442350803     -0.7012692321020321437111115366442350803     -0.2987307678979678562888884633557649197    0.015200565816697849041949941666016463323
   -0.7012692321020321437111115366442350803     -0.2987307678979678562888884633557649197     -0.7012692321020321437111115366442350803    0.015200565816697849041949941666016463323
   -0.2987307678979678562888884633557649197     -0.7012692321020321437111115366442350803     -0.7012692321020321437111115366442350803    0.015200565816697849041949941666016463323
   -0.2987307678979678562888884633557649197     -0.2987307678979678562888884633557649197     -0.7012692321020321437111115366442350803    0.015200565816697849041949941666016463323
   0.58784574889534628468627822210375410596     -0.9754128053882804514297744544910356549    -0.63702013811878538182672931312168279616   0.0010973138167690520994629055613760594036
   0.58784574889534628468627822210375410596     -0.9754128053882804514297744544910356549     -0.9754128053882804514297744544910356549   0.0010973138167690520994629055613760594036
   -0.9754128053882804514297744544910356549     -0.9754128053882804514297744544910356549     0.58784574889534628468627822210375410596   0.0010973138167690520994629055613760594036
  -0.63702013811878538182672931312168279616     0.58784574889534628468627822210375410596     -0.9754128053882804514297744544910356549   0.0010973138167690520994629055613760594036
   -0.9754128053882804514297744544910356549    -0.63702013811878538182672931312168279616     0.58784574889534628468627822210375410596   0.0010973138167690520994629055613760594036
   -0.9754128053882804514297744544910356549     0.58784574889534628468627822210375410596     -0.9754128053882804514297744544910356549   0.0010973138167690520994629055613760594036
  -0.63702013811878538182672931312168279616     -0.9754128053882804514297744544910356549     0.58784574889534628468627822210375410596   0.0010973138167690520994629055613760594036
   -0.9754128053882804514297744544910356549    -0.63702013811878538182672931312168279616     -0.9754128053882804514297744544910356549   0.0010973138167690520994629055613760594036
   -0.9754128053882804514297744544910356549     -0.9754128053882804514297744544910356549    -0.63702013811878538182672931312168279616   0.0010973138167690520994629055613760594036
   -0.9754128053882804514297744544910356549     0.58784574889534628468627822210375410596    -0.63702013811878538182672931312168279616   0.0010973138167690520994629055613760594036
  -0.63702013811878538182672931312168279616     -0.9754128053882804514297744544910356549     -0.9754128053882804514297744544910356549   0.0010973138167690520994629055613760594036
   0.58784574889534628468627822210375410596    -0.63702013811878538182672931312168279616     -0.9754128053882804514297744544910356549   0.0010973138167690520994629055613760594036
   0.26642755908358959237115830848031977959    -0.96980064274426536144412034117200997151    -0.32682627359505886948291762613629983657   0.0019455362375498671388335314955051467784
   0.26642755908358959237115830848031977959    -0.96980064274426536144412034117200997151    -0.96980064274426536144412034117200997151   0.0019455362375498671388335314955051467784
  -0.96980064274426536144412034117200997151    -0.96980064274426536144412034117200997151     0.26642755908358959237115830848031977959   0.0019455362375498671388335314955051467784
  -0.32682627359505886948291762613629983657     0.26642755908358959237115830848031977959    -0.96980064274426536144412034117200997151   0.0019455362375498671388335314955051467784
  -0.96980064274426536144412034117200997151    -0.32682627359505886948291762613629983657     0.26642755908358959237115830848031977959   0.0019455362375498671388335314955051467784
  -0.96980064274426536144412034117200997151     0.26642755908358959237115830848031977959    -0.96980064274426536144412034117200997151   0.0019455362375498671388335314955051467784
  -0.32682627359505886948291762613629983657    -0.96980064274426536144412034117200997151     0.26642755908358959237115830848031977959   0.0019455362375498671388335314955051467784
  -0.96980064274426536144412034117200997151    -0.32682627359505886948291762613629983657    -0.96980064274426536144412034117200997151   0.0019455362375498671388335314955051467784
  -0.96980064274426536144412034117200997151    -0.96980064274426536144412034117200997151    -0.32682627359505886948291762613629983657   0.0019455362375498671388335314955051467784
  -0.96980064274426536144412034117200997151     0.26642755908358959237115830848031977959    -0.32682627359505886948291762613629983657   0.0019455362375498671388335314955051467784
  -0.32682627359505886948291762613629983657    -0.96980064274426536144412034117200997151    -0.96980064274426536144412034117200997151   0.0019455362375498671388335314955051467784
   0.26642755908358959237115830848031977959    -0.32682627359505886948291762613629983657    -0.96980064274426536144412034117200997151   0.0019455362375498671388335314955051467784
   0.79017131433077041663828449057508270097    -0.96773825197147414416444415501634871397    -0.85469481038782212830939618054238527303   0.0011660537731612829937100772970348735797
   0.79017131433077041663828449057508270097    -0.96773825197147414416444415501634871397    -0.96773825197147414416444415501634871397   0.0011660537731612829937100772970348735797
  -0.96773825197147414416444415501634871397    -0.96773825197147414416444415501634871397     0.79017131433077041663828449057508270097   0.0011660537731612829937100772970348735797
  -0.85469481038782212830939618054238527303     0.79017131433077041663828449057508270097    -0.96773825197147414416444415501634871397   0.0011660537731612829937100772970348735797
  -0.96773825197147414416444415501634871397    -0.85469481038782212830939618054238527303     0.79017131433077041663828449057508270097   0.0011660537731612829937100772970348735797
  -0.96773825197147414416444415501634871397     0.79017131433077041663828449057508270097    -0.96773825197147414416444415501634871397   0.0011660537731612829937100772970348735797
  -0.85469481038782212830939618054238527303    -0.96773825197147414416444415501634871397     0.79017131433077041663828449057508270097   0.0011660537731612829937100772970348735797
  -0.96773825197147414416444415501634871397    -0.85469481038782212830939618054238527303    -0.96773825197147414416444415501634871397   0.0011660537731612829937100772970348735797
  -0.96773825197147414416444415501634871397    -0.96773825197147414416444415501634871397    -0.85469481038782212830939618054238527303   0.0011660537731612829937100772970348735797
  -0.96773825197147414416444415501634871397     0.79017131433077041663828449057508270097    -0.85469481038782212830939618054238527303   0.0011660537731612829937100772970348735797
  -0.85469481038782212830939618054238527303    -0.96773825197147414416444415501634871397    -0.96773825197147414416444415501634871397   0.0011660537731612829937100772970348735797
   0.79017131433077041663828449057508270097    -0.85469481038782212830939618054238527303    -0.96773825197147414416444415501634871397   0.0011660537731612829937100772970348735797
   0.49268824267596329117579046244869374486    -0.89848236009986974778081638202706539869    -0.69572352247622379561415769839456294747   0.0047656784464285527947513864891022816898
   0.49268824267596329117579046244869374486    -0.89848236009986974778081638202706539869    -0.89848236009986974778081638202706539869   0.0047656784464285527947513864891022816898
  -0.89848236009986974778081638202706539869    -0.89848236009986974778081638202706539869     0.49268824267596329117579046244869374486   0.0047656784464285527947513864891022816898
  -0.69572352247622379561415769839456294747     0.49268824267596329117579046244869374486    -0.89848236009986974778081638202706539869   0.0047656784464285527947513864891022816898
  -0.89848236009986974778081638202706539869    -0.69572352247622379561415769839456294747     0.49268824267596329117579046244869374486   0.0047656784464285527947513864891022816898
  -0.89848236009986974778081638202706539869     0.49268824267596329117579046244869374486    -0.89848236009986974778081638202706539869   0.0047656784464285527947513864891022816898
  -0.69572352247622379561415769839456294747    -0.89848236009986974778081638202706539869     0.49268824267596329117579046244869374486   0.0047656784464285527947513864891022816898
  -0.89848236009986974778081638202706539869    -0.69572352247622379561415769839456294747    -0.89848236009986974778081638202706539869   0.0047656784464285527947513864891022816898
  -0.89848236009986974778081638202706539869    -0.89848236009986974778081638202706539869    -0.69572352247622379561415769839456294747   0.0047656784464285527947513864891022816898
  -0.89848236009986974778081638202706539869     0.49268824267596329117579046244869374486    -0.69572352247622379561415769839456294747   0.0047656784464285527947513864891022816898
  -0.69572352247622379561415769839456294747    -0.89848236009986974778081638202706539869    -0.89848236009986974778081638202706539869   0.0047656784464285527947513864891022816898
   0.49268824267596329117579046244869374486    -0.69572352247622379561415769839456294747    -0.89848236009986974778081638202706539869   0.0047656784464285527947513864891022816898
   0.21081769951780255326249513744987320891     -0.8948792898215115527074671303908699202    -0.42105911987477944784756087666813336851   0.0048611748821748188545939747801952421403
   0.21081769951780255326249513744987320891     -0.8948792898215115527074671303908699202     -0.8948792898215115527074671303908699202   0.0048611748821748188545939747801952421403
   -0.8948792898215115527074671303908699202     -0.8948792898215115527074671303908699202     0.21081769951780255326249513744987320891   0.0048611748821748188545939747801952421403
  -0.42105911987477944784756087666813336851     0.21081769951780255326249513744987320891     -0.8948792898215115527074671303908699202   0.0048611748821748188545939747801952421403
   -0.8948792898215115527074671303908699202    -0.42105911987477944784756087666813336851     0.21081769951780255326249513744987320891   0.0048611748821748188545939747801952421403
   -0.8948792898215115527074671303908699202     0.21081769951780255326249513744987320891     -0.8948792898215115527074671303908699202   0.0048611748821748188545939747801952421403
  -0.42105911987477944784756087666813336851     -0.8948792898215115527074671303908699202     0.21081769951780255326249513744987320891   0.0048611748821748188545939747801952421403
   -0.8948792898215115527074671303908699202    -0.42105911987477944784756087666813336851     -0.8948792898215115527074671303908699202   0.0048611748821748188545939747801952421403
   -0.8948792898215115527074671303908699202     -0.8948792898215115527074671303908699202    -0.42105911987477944784756087666813336851   0.0048611748821748188545939747801952421403
   -0.8948792898215115527074671303908699202     0.21081769951780255326249513744987320891    -0.42105911987477944784756087666813336851   0.0048611748821748188545939747801952421403
  -0.42105911987477944784756087666813336851     -0.8948792898215115527074671303908699202     -0.8948792898215115527074671303908699202   0.0048611748821748188545939747801952421403
   0.21081769951780255326249513744987320891    -0.42105911987477944784756087666813336851     -0.8948792898215115527074671303908699202   0.0048611748821748188545939747801952421403
    0.6357160413842134026430467000775728103    -0.82458219195996823327896167026277695622    -0.98655165746427693608512335955201889786   0.0017106370951218909922425457727690916538
    0.6357160413842134026430467000775728103    -0.82458219195996823327896167026277695622    -0.82458219195996823327896167026277695622   0.0017106370951218909922425457727690916538
  -0.82458219195996823327896167026277695622    -0.82458219195996823327896167026277695622      0.6357160413842134026430467000775728103   0.0017106370951218909922425457727690916538
  -0.98655165746427693608512335955201889786      0.6357160413842134026430467000775728103    -0.82458219195996823327896167026277695622   0.0017106370951218909922425457727690916538
  -0.82458219195996823327896167026277695622    -0.98655165746427693608512335955201889786      0.6357160413842134026430467000775728103   0.0017106370951218909922425457727690916538
  -0.82458219195996823327896167026277695622      0.6357160413842134026430467000775728103    -0.82458219195996823327896167026277695622   0.0017106370951218909922425457727690916538
  -0.98655165746427693608512335955201889786    -0.82458219195996823327896167026277695622      0.6357160413842134026430467000775728103   0.0017106370951218909922425457727690916538
  -0.82458219195996823327896167026277695622    -0.98655165746427693608512335955201889786    -0.82458219195996823327896167026277695622   0.0017106370951218909922425457727690916538
  -0.82458219195996823327896167026277695622    -0.82458219195996823327896167026277695622    -0.98655165746427693608512335955201889786   0.0017106370951218909922425457727690916538
  -0.82458219195996823327896167026277695622      0.6357160413842134026430467000775728103    -0.98655165746427693608512335955201889786   0.0017106370951218909922425457727690916538
  -0.98655165746427693608512335955201889786    -0.82458219195996823327896167026277695622    -0.82458219195996823327896167026277695622   0.0017106370951218909922425457727690916538
    0.6357160413842134026430467000775728103    -0.98655165746427693608512335955201889786    -0.82458219195996823327896167026277695622   0.0017106370951218909922425457727690916538
   0.15608296662336237028298406667628167119    -0.79122396169644321523133829954946253388    -0.57363504323047593982030746757735660343    0.009804632447007428578454677873315636989
   0.15608296662336237028298406667628167119    -0.79122396169644321523133829954946253388    -0.79122396169644321523133829954946253388    0.009804632447007428578454677873315636989
  -0.79122396169644321523133829954946253388    -0.79122396169644321523133829954946253388     0.15608296662336237028298406667628167119    0.009804632447007428578454677873315636989
  -0.57363504323047593982030746757735660343     0.15608296662336237028298406667628167119    -0.79122396169644321523133829954946253388    0.009804632447007428578454677873315636989
  -0.79122396169644321523133829954946253388    -0.57363504323047593982030746757735660343     0.15608296662336237028298406667628167119    0.009804632447007428578454677873315636989
  -0.79122396169644321523133829954946253388     0.15608296662336237028298406667628167119    -0.79122396169644321523133829954946253388    0.009804632447007428578454677873315636989
  -0.57363504323047593982030746757735660343    -0.79122396169644321523133829954946253388     0.15608296662336237028298406667628167119    0.009804632447007428578454677873315636989
  -0.79122396169644321523133829954946253388    -0.57363504323047593982030746757735660343    -0.79122396169644321523133829954946253388    0.009804632447007428578454677873315636989
  -0.79122396169644321523133829954946253388    -0.79122396169644321523133829954946253388    -0.57363504323047593982030746757735660343    0.009804632447007428578454677873315636989
  -0.79122396169644321523133829954946253388     0.15608296662336237028298406667628167119    -0.57363504323047593982030746757735660343    0.009804632447007428578454677873315636989
  -0.57363504323047593982030746757735660343    -0.79122396169644321523133829954946253388    -0.79122396169644321523133829954946253388    0.009804632447007428578454677873315636989
   0.15608296662336237028298406667628167119    -0.57363504323047593982030746757735660343    -0.79122396169644321523133829954946253388    0.009804632447007428578454677873315636989
   0.30751450540432659077863695736587158171    -0.67930517633370124846616439216951832326    -0.94890415273692409384630817302683493518   0.0069829854869839839967467536311872012266
   0.30751450540432659077863695736587158171    -0.67930517633370124846616439216951832326    -0.67930517633370124846616439216951832326   0.0069829854869839839967467536311872012266
  -0.67930517633370124846616439216951832326    -0.67930517633370124846616439216951832326     0.30751450540432659077863695736587158171   0.0069829854869839839967467536311872012266
  -0.94890415273692409384630817302683493518     0.30751450540432659077863695736587158171    -0.67930517633370124846616439216951832326   0.0069829854869839839967467536311872012266
  -0.67930517633370124846616439216951832326    -0.94890415273692409384630817302683493518     0.30751450540432659077863695736587158171   0.0069829854869839839967467536311872012266
  -0.67930517633370124846616439216951832326     0.30751450540432659077863695736587158171    -0.67930517633370124846616439216951832326   0.0069829854869839839967467536311872012266
  -0.94890415273692409384630817302683493518    -0.67930517633370124846616439216951832326     0.30751450540432659077863695736587158171   0.0069829854869839839967467536311872012266
  -0.67930517633370124846616439216951832326    -0.94890415273692409384630817302683493518    -0.67930517633370124846616439216951832326   0.0069829854869839839967467536311872012266
  -0.67930517633370124846616439216951832326    -0.67930517633370124846616439216951832326    -0.94890415273692409384630817302683493518   0.0069829854869839839967467536311872012266
  -0.67930517633370124846616439216951832326     0.30751450540432659077863695736587158171    -0.94890415273692409384630817302683493518   0.0069829854869839839967467536311872012266
  -0.94890415273692409384630817302683493518    -0.67930517633370124846616439216951832326    -0.67930517633370124846616439216951832326   0.0069829854869839839967467536311872012266
   0.30751450540432659077863695736587158171    -0.94890415273692409384630817302683493518    -0.67930517633370124846616439216951832326   0.0069829854869839839967467536311872012266
  0.032625931975434631654986042354869957714    -0.52108464610038628580333729312663735985    -0.99045663977466206004831145610159523801    0.003289281924024351037992500923003183376
  0.032625931975434631654986042354869957714    -0.52108464610038628580333729312663735985    -0.52108464610038628580333729312663735985    0.003289281924024351037992500923003183376
  -0.52108464610038628580333729312663735985    -0.52108464610038628580333729312663735985    0.032625931975434631654986042354869957714    0.003289281924024351037992500923003183376
  -0.99045663977466206004831145610159523801    0.032625931975434631654986042354869957714    -0.52108464610038628580333729312663735985    0.003289281924024351037992500923003183376
  -0.52108464610038628580333729312663735985    -0.99045663977466206004831145610159523801    0.032625931975434631654986042354869957714    0.003289281924024351037992500923003183376
  -0.52108464610038628580333729312663735985    0.032625931975434631654986042354869957714    -0.52108464610038628580333729312663735985    0.003289281924024351037992500923003183376
  -0.99045663977466206004831145610159523801    -0.52108464610038628580333729312663735985    0.032625931975434631654986042354869957714    0.003289281924024351037992500923003183376
  -0.52108464610038628580333729312663735985    -0.99045663977466206004831145610159523801    -0.52108464610038628580333729312663735985    0.003289281924024351037992500923003183376
  -0.52108464610038628580333729312663735985    -0.52108464610038628580333729312663735985    -0.99045663977466206004831145610159523801    0.003289281924024351037992500923003183376
  -0.52108464610038628580333729312663735985    0.032625931975434631654986042354869957714    -0.99045663977466206004831145610159523801    0.003289281924024351037992500923003183376
  -0.99045663977466206004831145610159523801    -0.52108464610038628580333729312663735985    -0.52108464610038628580333729312663735985    0.003289281924024351037992500923003183376
  0.032625931975434631654986042354869957714    -0.99045663977466206004831145610159523801    -0.52108464610038628580333729312663735985    0.003289281924024351037992500923003183376
  -0.63079952093363217428199525531682225507    -0.20023684974010485762463596243823819559    -0.96872677958615811046873281980670135375   0.0055838727583553644937645777197595376842
  -0.63079952093363217428199525531682225507    -0.20023684974010485762463596243823819559    -0.20023684974010485762463596243823819559   0.0055838727583553644937645777197595376842
  -0.20023684974010485762463596243823819559    -0.20023684974010485762463596243823819559    -0.63079952093363217428199525531682225507   0.0055838727583553644937645777197595376842
  -0.96872677958615811046873281980670135375    -0.63079952093363217428199525531682225507    -0.20023684974010485762463596243823819559   0.0055838727583553644937645777197595376842
  -0.20023684974010485762463596243823819559    -0.96872677958615811046873281980670135375    -0.63079952093363217428199525531682225507   0.0055838727583553644937645777197595376842
  -0.20023684974010485762463596243823819559    -0.63079952093363217428199525531682225507    -0.20023684974010485762463596243823819559   0.0055838727583553644937645777197595376842
  -0.96872677958615811046873281980670135375    -0.20023684974010485762463596243823819559    -0.63079952093363217428199525531682225507   0.0055838727583553644937645777197595376842
  -0.20023684974010485762463596243823819559    -0.96872677958615811046873281980670135375    -0.20023684974010485762463596243823819559   0.0055838727583553644937645777197595376842
  -0.20023684974010485762463596243823819559    -0.20023684974010485762463596243823819559    -0.96872677958615811046873281980670135375   0.0055838727583553644937645777197595376842
  -0.20023684974010485762463596243823819559    -0.63079952093363217428199525531682225507    -0.96872677958615811046873281980670135375   0.0055838727583553644937645777197595376842
  -0.96872677958615811046873281980670135375    -0.20023684974010485762463596243823819559    -0.20023684974010485762463596243823819559   0.0055838727583553644937645777197595376842
  -0.63079952093363217428199525531682225507    -0.96872677958615811046873281980670135375    -0.20023684974010485762463596243823819559   0.0055838727583553644937645777197595376842
  -0.86647903458422793189643282032713600896   -0.075830563744423960524180393963275435162    -0.98185983792692414705520639174631312072   0.0024667971230787643635583101176257719119
  -0.86647903458422793189643282032713600896   -0.075830563744423960524180393963275435162   -0.075830563744423960524180393963275435162   0.0024667971230787643635583101176257719119
 -0.075830563744423960524180393963275435162   -0.075830563744423960524180393963275435162    -0.86647903458422793189643282032713600896   0.0024667971230787643635583101176257719119
  -0.98185983792692414705520639174631312072    -0.86647903458422793189643282032713600896   -0.075830563744423960524180393963275435162   0.0024667971230787643635583101176257719119
 -0.075830563744423960524180393963275435162    -0.98185983792692414705520639174631312072    -0.86647903458422793189643282032713600896   0.0024667971230787643635583101176257719119
 -0.075830563744423960524180393963275435162    -0.86647903458422793189643282032713600896   -0.075830563744423960524180393963275435162   0.0024667971230787643635583101176257719119
  -0.98185983792692414705520639174631312072   -0.075830563744423960524180393963275435162    -0.86647903458422793189643282032713600896   0.0024667971230787643635583101176257719119
 -0.075830563744423960524180393963275435162    -0.98185983792692414705520639174631312072   -0.075830563744423960524180393963275435162   0.0024667971230787643635583101176257719119
 -0.075830563744423960524180393963275435162   -0.075830563744423960524180393963275435162    -0.98185983792692414705520639174631312072   0.0024667971230787643635583101176257719119
 -0.075830563744423960524180393963275435162    -0.86647903458422793189643282032713600896    -0.98185983792692414705520639174631312072   0.0024667971230787643635583101176257719119
  -0.98185983792692414705520639174631312072   -0.075830563744423960524180393963275435162   -0.075830563744423960524180393963275435162   0.0024667971230787643635583101176257719119
  -0.86647903458422793189643282032713600896    -0.98185983792692414705520639174631312072   -0.075830563744423960524180393963275435162   0.0024667971230787643635583101176257719119
   0.42505883124221640852722387798720343652    -0.86626854019499776142810853500406950162    -0.99019613414011081142063945580846375529   0.0015879002829195898286695723695875647215
  -0.86626854019499776142810853500406950162    -0.99019613414011081142063945580846375529     0.42505883124221640852722387798720343652   0.0015879002829195898286695723695875647215
  -0.86626854019499776142810853500406950162     0.42505883124221640852722387798720343652    -0.99019613414011081142063945580846375529   0.0015879002829195898286695723695875647215
  -0.99019613414011081142063945580846375529     0.42505883124221640852722387798720343652    -0.56859415690710783567847588717467017961   0.0015879002829195898286695723695875647215
  -0.99019613414011081142063945580846375529     0.42505883124221640852722387798720343652    -0.86626854019499776142810853500406950162   0.0015879002829195898286695723695875647215
  -0.56859415690710783567847588717467017961     0.42505883124221640852722387798720343652    -0.99019613414011081142063945580846375529   0.0015879002829195898286695723695875647215
  -0.99019613414011081142063945580846375529    -0.86626854019499776142810853500406950162    -0.56859415690710783567847588717467017961   0.0015879002829195898286695723695875647215
  -0.99019613414011081142063945580846375529    -0.56859415690710783567847588717467017961     0.42505883124221640852722387798720343652   0.0015879002829195898286695723695875647215
  -0.56859415690710783567847588717467017961    -0.86626854019499776142810853500406950162    -0.99019613414011081142063945580846375529   0.0015879002829195898286695723695875647215
   0.42505883124221640852722387798720343652    -0.86626854019499776142810853500406950162    -0.56859415690710783567847588717467017961   0.0015879002829195898286695723695875647215
  -0.56859415690710783567847588717467017961     0.42505883124221640852722387798720343652    -0.86626854019499776142810853500406950162   0.0015879002829195898286695723695875647215
  -0.99019613414011081142063945580846375529    -0.86626854019499776142810853500406950162     0.42505883124221640852722387798720343652   0.0015879002829195898286695723695875647215
  -0.56859415690710783567847588717467017961    -0.86626854019499776142810853500406950162     0.42505883124221640852722387798720343652   0.0015879002829195898286695723695875647215
   0.42505883124221640852722387798720343652    -0.56859415690710783567847588717467017961    -0.99019613414011081142063945580846375529   0.0015879002829195898286695723695875647215
  -0.99019613414011081142063945580846375529    -0.56859415690710783567847588717467017961    -0.86626854019499776142810853500406950162   0.0015879002829195898286695723695875647215
  -0.86626854019499776142810853500406950162    -0.56859415690710783567847588717467017961    -0.99019613414011081142063945580846375529   0.0015879002829195898286695723695875647215
   0.42505883124221640852722387798720343652    -0.56859415690710783567847588717467017961    -0.86626854019499776142810853500406950162   0.0015879002829195898286695723695875647215
  -0.86626854019499776142810853500406950162    -0.56859415690710783567847588717467017961     0.42505883124221640852722387798720343652   0.0015879002829195898286695723695875647215
  -0.86626854019499776142810853500406950162     0.42505883124221640852722387798720343652    -0.56859415690710783567847588717467017961   0.0015879002829195898286695723695875647215
  -0.56859415690710783567847588717467017961    -0.99019613414011081142063945580846375529     0.42505883124221640852722387798720343652   0.0015879002829195898286695723695875647215
   0.42505883124221640852722387798720343652    -0.99019613414011081142063945580846375529    -0.56859415690710783567847588717467017961   0.0015879002829195898286695723695875647215
   0.42505883124221640852722387798720343652    -0.99019613414011081142063945580846375529    -0.86626854019499776142810853500406950162   0.0015879002829195898286695723695875647215
  -0.86626854019499776142810853500406950162    -0.99019613414011081142063945580846375529    -0.56859415690710783567847588717467017961   0.0015879002829195898286695723695875647215
  -0.56859415690710783567847588717467017961    -0.99019613414011081142063945580846375529    -0.86626854019499776142810853500406950162   0.0015879002829195898286695723695875647215
   0.12839222185260074620574017961931183209    -0.79043339477898062719023658158816062493    -0.96998636571997537037187647641090076705   0.0041539224838529245492496635210479122106
  -0.79043339477898062719023658158816062493    -0.96998636571997537037187647641090076705     0.12839222185260074620574017961931183209   0.0041539224838529245492496635210479122106
  -0.79043339477898062719023658158816062493     0.12839222185260074620574017961931183209    -0.96998636571997537037187647641090076705   0.0041539224838529245492496635210479122106
  -0.96998636571997537037187647641090076705     0.12839222185260074620574017961931183209    -0.36797246135364474864362712162025044011   0.0041539224838529245492496635210479122106
  -0.96998636571997537037187647641090076705     0.12839222185260074620574017961931183209    -0.79043339477898062719023658158816062493   0.0041539224838529245492496635210479122106
  -0.36797246135364474864362712162025044011     0.12839222185260074620574017961931183209    -0.96998636571997537037187647641090076705   0.0041539224838529245492496635210479122106
  -0.96998636571997537037187647641090076705    -0.79043339477898062719023658158816062493    -0.36797246135364474864362712162025044011   0.0041539224838529245492496635210479122106
  -0.96998636571997537037187647641090076705    -0.36797246135364474864362712162025044011     0.12839222185260074620574017961931183209   0.0041539224838529245492496635210479122106
  -0.36797246135364474864362712162025044011    -0.79043339477898062719023658158816062493    -0.96998636571997537037187647641090076705   0.0041539224838529245492496635210479122106
   0.12839222185260074620574017961931183209    -0.79043339477898062719023658158816062493    -0.36797246135364474864362712162025044011   0.0041539224838529245492496635210479122106
  -0.36797246135364474864362712162025044011     0.12839222185260074620574017961931183209    -0.79043339477898062719023658158816062493   0.0041539224838529245492496635210479122106
  -0.96998636571997537037187647641090076705    -0.79043339477898062719023658158816062493     0.12839222185260074620574017961931183209   0.0041539224838529245492496635210479122106
  -0.36797246135364474864362712162025044011    -0.79043339477898062719023658158816062493     0.12839222185260074620574017961931183209   0.0041539224838529245492496635210479122106
   0.12839222185260074620574017961931183209    -0.36797246135364474864362712162025044011    -0.96998636571997537037187647641090076705   0.0041539224838529245492496635210479122106
  -0.96998636571997537037187647641090076705    -0.36797246135364474864362712162025044011    -0.79043339477898062719023658158816062493   0.0041539224838529245492496635210479122106
  -0.79043339477898062719023658158816062493    -0.36797246135364474864362712162025044011    -0.96998636571997537037187647641090076705   0.0041539224838529245492496635210479122106
   0.12839222185260074620574017961931183209    -0.36797246135364474864362712162025044011    -0.79043339477898062719023658158816062493   0.0041539224838529245492496635210479122106
  -0.79043339477898062719023658158816062493    -0.36797246135364474864362712162025044011     0.12839222185260074620574017961931183209   0.0041539224838529245492496635210479122106
  -0.79043339477898062719023658158816062493     0.12839222185260074620574017961931183209    -0.36797246135364474864362712162025044011   0.0041539224838529245492496635210479122106
  -0.36797246135364474864362712162025044011    -0.96998636571997537037187647641090076705     0.12839222185260074620574017961931183209   0.0041539224838529245492496635210479122106
   0.12839222185260074620574017961931183209    -0.96998636571997537037187647641090076705    -0.36797246135364474864362712162025044011   0.0041539224838529245492496635210479122106
   0.12839222185260074620574017961931183209    -0.96998636571997537037187647641090076705    -0.79043339477898062719023658158816062493   0.0041539224838529245492496635210479122106
  -0.79043339477898062719023658158816062493    -0.96998636571997537037187647641090076705    -0.36797246135364474864362712162025044011   0.0041539224838529245492496635210479122106
  -0.36797246135364474864362712162025044011    -0.96998636571997537037187647641090076705    -0.79043339477898062719023658158816062493   0.0041539224838529245492496635210479122106
  -0.06175902713142051835958331294658550372     -0.6392880603090986808257891991987228531    -0.87386157104941897763359142966892089573    0.011380024089044959115629144227023456362
   -0.6392880603090986808257891991987228531    -0.87386157104941897763359142966892089573    -0.06175902713142051835958331294658550372    0.011380024089044959115629144227023456362
   -0.6392880603090986808257891991987228531    -0.06175902713142051835958331294658550372    -0.87386157104941897763359142966892089573    0.011380024089044959115629144227023456362
  -0.87386157104941897763359142966892089573    -0.06175902713142051835958331294658550372    -0.42509134151006182318103605818577074745    0.011380024089044959115629144227023456362
  -0.87386157104941897763359142966892089573    -0.06175902713142051835958331294658550372     -0.6392880603090986808257891991987228531    0.011380024089044959115629144227023456362
  -0.42509134151006182318103605818577074745    -0.06175902713142051835958331294658550372    -0.87386157104941897763359142966892089573    0.011380024089044959115629144227023456362
  -0.87386157104941897763359142966892089573     -0.6392880603090986808257891991987228531    -0.42509134151006182318103605818577074745    0.011380024089044959115629144227023456362
  -0.87386157104941897763359142966892089573    -0.42509134151006182318103605818577074745    -0.06175902713142051835958331294658550372    0.011380024089044959115629144227023456362
  -0.42509134151006182318103605818577074745     -0.6392880603090986808257891991987228531    -0.87386157104941897763359142966892089573    0.011380024089044959115629144227023456362
  -0.06175902713142051835958331294658550372     -0.6392880603090986808257891991987228531    -0.42509134151006182318103605818577074745    0.011380024089044959115629144227023456362
  -0.42509134151006182318103605818577074745    -0.06175902713142051835958331294658550372     -0.6392880603090986808257891991987228531    0.011380024089044959115629144227023456362
  -0.87386157104941897763359142966892089573     -0.6392880603090986808257891991987228531    -0.06175902713142051835958331294658550372    0.011380024089044959115629144227023456362
  -0.42509134151006182318103605818577074745     -0.6392880603090986808257891991987228531    -0.06175902713142051835958331294658550372    0.011380024089044959115629144227023456362
  -0.06175902713142051835958331294658550372    -0.42509134151006182318103605818577074745    -0.87386157104941897763359142966892089573    0.011380024089044959115629144227023456362
  -0.87386157104941897763359142966892089573    -0.42509134151006182318103605818577074745     -0.6392880603090986808257891991987228531    0.011380024089044959115629144227023456362
   -0.6392880603090986808257891991987228531    -0.42509134151006182318103605818577074745    -0.87386157104941897763359142966892089573    0.011380024089044959115629144227023456362
  -0.06175902713142051835958331294658550372    -0.42509134151006182318103605818577074745     -0.6392880603090986808257891991987228531    0.011380024089044959115629144227023456362
   -0.6392880603090986808257891991987228531    -0.42509134151006182318103605818577074745    -0.06175902713142051835958331294658550372    0.011380024089044959115629144227023456362
   -0.6392880603090986808257891991987228531    -0.06175902713142051835958331294658550372    -0.42509134151006182318103605818577074745    0.011380024089044959115629144227023456362
  -0.42509134151006182318103605818577074745    -0.87386157104941897763359142966892089573    -0.06175902713142051835958331294658550372    0.011380024089044959115629144227023456362
  -0.06175902713142051835958331294658550372    -0.87386157104941897763359142966892089573    -0.42509134151006182318103605818577074745    0.011380024089044959115629144227023456362
  -0.06175902713142051835958331294658550372    -0.87386157104941897763359142966892089573     -0.6392880603090986808257891991987228531    0.011380024089044959115629144227023456362
   -0.6392880603090986808257891991987228531    -0.87386157104941897763359142966892089573    -0.42509134151006182318103605818577074745    0.011380024089044959115629144227023456362
  -0.42509134151006182318103605818577074745    -0.87386157104941897763359142966892089573     -0.6392880603090986808257891991987228531    0.011380024089044959115629144227023456362

