-1.0 1.0 -1.0
1.0 -1.0 -1.0
-1.0 -1.0 -1.0
-0.566293655878678 0.132587311757356 -1.0
0.132587311757356 -0.566293655878678 -1.0
-0.566293655878678 -0.566293655878678 -1.0
-0.222195622530102 -0.555608754939795 -1.0
-0.555608754939795 -0.222195622530102 -1.0
-0.222195622530102 -0.222195622530102 -1.0
0.0 -1.0 -1.0
-1.0 0.0 -1.0
0.0 0.0 -1.0
0.89975799541146 -0.89975799541146 -1.0
-1.0 -0.89975799541146 -1.0
-0.89975799541146 -1.0 -1.0
0.89975799541146 -1.0 -1.0
-1.0 0.89975799541146 -1.0
-0.89975799541146 0.89975799541146 -1.0
-0.861709494494173 0.723418988988347 -1.0
0.723418988988347 -0.861709494494173 -1.0
-0.861709494494173 -0.861709494494173 -1.0
0.677186279510738 -0.677186279510738 -1.0
-1.0 -0.677186279510738 -1.0
-0.677186279510738 -1.0 -1.0
0.677186279510738 -1.0 -1.0
-1.0 0.677186279510738 -1.0
-0.677186279510738 0.677186279510738 -1.0
0.446014634733999 -0.602621886086653 -1.0
-0.843392748647346 -0.602621886086653 -1.0
-0.602621886086653 -0.843392748647346 -1.0
0.446014634733999 -0.843392748647346 -1.0
-0.843392748647346 0.446014634733999 -1.0
-0.602621886086653 0.446014634733999 -1.0
0.363117463826178 -0.363117463826178 -1.0
-1.0 -0.363117463826178 -1.0
-0.363117463826178 -1.0 -1.0
0.363117463826178 -1.0 -1.0
-1.0 0.363117463826178 -1.0
-0.363117463826178 0.363117463826178 -1.0
0.10143688572376 -0.265044207129911 -1.0
-0.836392678593849 -0.265044207129911 -1.0
-0.265044207129911 -0.836392678593849 -1.0
0.10143688572376 -0.836392678593849 -1.0
-0.836392678593849 0.10143688572376 -1.0
-0.265044207129911 0.10143688572376 -1.0
-1.0 1.0 -0.8997579954114602
1.0 -1.0 -0.8997579954114602
-1.0 -1.0 -0.8997579954114602
-0.566293655878678 0.132587311757356 -0.8997579954114602
0.132587311757356 -0.566293655878678 -0.8997579954114602
-0.566293655878678 -0.566293655878678 -0.8997579954114602
-0.222195622530102 -0.555608754939795 -0.8997579954114602
-0.555608754939795 -0.222195622530102 -0.8997579954114602
-0.222195622530102 -0.222195622530102 -0.8997579954114602
0.0 -1.0 -0.8997579954114602
-1.0 0.0 -0.8997579954114602
0.0 0.0 -0.8997579954114602
0.89975799541146 -0.89975799541146 -0.8997579954114602
-1.0 -0.89975799541146 -0.8997579954114602
-0.89975799541146 -1.0 -0.8997579954114602
0.89975799541146 -1.0 -0.8997579954114602
-1.0 0.89975799541146 -0.8997579954114602
-0.89975799541146 0.89975799541146 -0.8997579954114602
-0.861709494494173 0.723418988988347 -0.8997579954114602
0.723418988988347 -0.861709494494173 -0.8997579954114602
-0.861709494494173 -0.861709494494173 -0.8997579954114602
0.677186279510738 -0.677186279510738 -0.8997579954114602
-1.0 -0.677186279510738 -0.8997579954114602
-0.677186279510738 -1.0 -0.8997579954114602
0.677186279510738 -1.0 -0.8997579954114602
-1.0 0.677186279510738 -0.8997579954114602
-0.677186279510738 0.677186279510738 -0.8997579954114602
0.446014634733999 -0.602621886086653 -0.8997579954114602
-0.843392748647346 -0.602621886086653 -0.8997579954114602
-0.602621886086653 -0.843392748647346 -0.8997579954114602
0.446014634733999 -0.843392748647346 -0.8997579954114602
-0.843392748647346 0.446014634733999 -0.8997579954114602
-0.602621886086653 0.446014634733999 -0.8997579954114602
0.363117463826178 -0.363117463826178 -0.8997579954114602
-1.0 -0.363117463826178 -0.8997579954114602
-0.363117463826178 -1.0 -0.8997579954114602
0.363117463826178 -1.0 -0.8997579954114602
-1.0 0.363117463826178 -0.8997579954114602
-0.363117463826178 0.363117463826178 -0.8997579954114602
0.10143688572376 -0.265044207129911 -0.8997579954114602
-0.836392678593849 -0.265044207129911 -0.8997579954114602
-0.265044207129911 -0.836392678593849 -0.8997579954114602
0.10143688572376 -0.836392678593849 -0.8997579954114602
-0.836392678593849 0.10143688572376 -0.8997579954114602
-0.265044207129911 0.10143688572376 -0.8997579954114602
-1.0 1.0 -0.6771862795107377
1.0 -1.0 -0.6771862795107377
-1.0 -1.0 -0.6771862795107377
-0.566293655878678 0.132587311757356 -0.6771862795107377
0.132587311757356 -0.566293655878678 -0.6771862795107377
-0.566293655878678 -0.566293655878678 -0.6771862795107377
-0.222195622530102 -0.555608754939795 -0.6771862795107377
-0.555608754939795 -0.222195622530102 -0.6771862795107377
-0.222195622530102 -0.222195622530102 -0.6771862795107377
0.0 -1.0 -0.6771862795107377
-1.0 0.0 -0.6771862795107377
0.0 0.0 -0.6771862795107377
0.89975799541146 -0.89975799541146 -0.6771862795107377
-1.0 -0.89975799541146 -0.6771862795107377
-0.89975799541146 -1.0 -0.6771862795107377
0.89975799541146 -1.0 -0.6771862795107377
-1.0 0.89975799541146 -0.6771862795107377
-0.89975799541146 0.89975799541146 -0.6771862795107377
-0.861709494494173 0.723418988988347 -0.6771862795107377
0.723418988988347 -0.861709494494173 -0.6771862795107377
-0.861709494494173 -0.861709494494173 -0.6771862795107377
0.677186279510738 -0.677186279510738 -0.6771862795107377
-1.0 -0.677186279510738 -0.6771862795107377
-0.677186279510738 -1.0 -0.6771862795107377
0.677186279510738 -1.0 -0.6771862795107377
-1.0 0.677186279510738 -0.6771862795107377
-0.677186279510738 0.677186279510738 -0.6771862795107377
0.446014634733999 -0.602621886086653 -0.6771862795107377
-0.843392748647346 -0.602621886086653 -0.6771862795107377
-0.602621886086653 -0.843392748647346 -0.6771862795107377
0.446014634733999 -0.843392748647346 -0.6771862795107377
-0.843392748647346 0.446014634733999 -0.6771862795107377
-0.602621886086653 0.446014634733999 -0.6771862795107377
0.363117463826178 -0.363117463826178 -0.6771862795107377
-1.0 -0.363117463826178 -0.6771862795107377
-0.363117463826178 -1.0 -0.6771862795107377
0.363117463826178 -1.0 -0.6771862795107377
-1.0 0.363117463826178 -0.6771862795107377
-0.363117463826178 0.363117463826178 -0.6771862795107377
0.10143688572376 -0.265044207129911 -0.6771862795107377
-0.836392678593849 -0.265044207129911 -0.6771862795107377
-0.265044207129911 -0.836392678593849 -0.6771862795107377
0.10143688572376 -0.836392678593849 -0.6771862795107377
-0.836392678593849 0.10143688572376 -0.6771862795107377
-0.265044207129911 0.10143688572376 -0.6771862795107377
-1.0 1.0 -0.3631174638261782
1.0 -1.0 -0.3631174638261782
-1.0 -1.0 -0.3631174638261782
-0.566293655878678 0.132587311757356 -0.3631174638261782
0.132587311757356 -0.566293655878678 -0.3631174638261782
-0.566293655878678 -0.566293655878678 -0.3631174638261782
-0.222195622530102 -0.555608754939795 -0.3631174638261782
-0.555608754939795 -0.222195622530102 -0.3631174638261782
-0.222195622530102 -0.222195622530102 -0.3631174638261782
0.0 -1.0 -0.3631174638261782
-1.0 0.0 -0.3631174638261782
0.0 0.0 -0.3631174638261782
0.89975799541146 -0.89975799541146 -0.3631174638261782
-1.0 -0.89975799541146 -0.3631174638261782
-0.89975799541146 -1.0 -0.3631174638261782
0.89975799541146 -1.0 -0.3631174638261782
-1.0 0.89975799541146 -0.3631174638261782
-0.89975799541146 0.89975799541146 -0.3631174638261782
-0.861709494494173 0.723418988988347 -0.3631174638261782
0.723418988988347 -0.861709494494173 -0.3631174638261782
-0.861709494494173 -0.861709494494173 -0.3631174638261782
0.677186279510738 -0.677186279510738 -0.3631174638261782
-1.0 -0.677186279510738 -0.3631174638261782
-0.677186279510738 -1.0 -0.3631174638261782
0.677186279510738 -1.0 -0.3631174638261782
-1.0 0.677186279510738 -0.3631174638261782
-0.677186279510738 0.677186279510738 -0.3631174638261782
0.446014634733999 -0.602621886086653 -0.3631174638261782
-0.843392748647346 -0.602621886086653 -0.3631174638261782
-0.602621886086653 -0.843392748647346 -0.3631174638261782
0.446014634733999 -0.843392748647346 -0.3631174638261782
-0.843392748647346 0.446014634733999 -0.3631174638261782
-0.602621886086653 0.446014634733999 -0.3631174638261782
0.363117463826178 -0.363117463826178 -0.3631174638261782
-1.0 -0.363117463826178 -0.3631174638261782
-0.363117463826178 -1.0 -0.3631174638261782
0.363117463826178 -1.0 -0.3631174638261782
-1.0 0.363117463826178 -0.3631174638261782
-0.363117463826178 0.363117463826178 -0.3631174638261782
0.10143688572376 -0.265044207129911 -0.3631174638261782
-0.836392678593849 -0.265044207129911 -0.3631174638261782
-0.265044207129911 -0.836392678593849 -0.3631174638261782
0.10143688572376 -0.836392678593849 -0.3631174638261782
-0.836392678593849 0.10143688572376 -0.3631174638261782
-0.265044207129911 0.10143688572376 -0.3631174638261782
-1.0 1.0 0.0
1.0 -1.0 0.0
-1.0 -1.0 0.0
-0.566293655878678 0.132587311757356 0.0
0.132587311757356 -0.566293655878678 0.0
-0.566293655878678 -0.566293655878678 0.0
-0.222195622530102 -0.555608754939795 0.0
-0.555608754939795 -0.222195622530102 0.0
-0.222195622530102 -0.222195622530102 0.0
0.0 -1.0 0.0
-1.0 0 0.0
0.0 0.0 0.0
0.89975799541146 -0.89975799541146 0.0
-1.0 -0.89975799541146 0.0
-0.89975799541146 -1.0 0.0
0.89975799541146 -1.0 0.0
-1.0 0.89975799541146 0.0
-0.89975799541146 0.89975799541146 0.0
-0.861709494494173 0.723418988988347 0.0
0.723418988988347 -0.861709494494173 0.0
-0.861709494494173 -0.861709494494173 0.0
0.677186279510738 -0.677186279510738 0.0
-1.0 -0.677186279510738 0.0
-0.677186279510738 -1.0 0.0
0.677186279510738 -1.0 0.0
-1.0 0.677186279510738 0.0
-0.677186279510738 0.677186279510738 0.0
0.446014634733999 -0.602621886086653 0.0
-0.843392748647346 -0.602621886086653 0.0
-0.602621886086653 -0.843392748647346 0.0
0.446014634733999 -0.843392748647346 0.0
-0.843392748647346 0.446014634733999 0.0
-0.602621886086653 0.446014634733999 0.0
0.363117463826178 -0.363117463826178 0.0
-1.0 -0.363117463826178 0.0
-0.363117463826178 -1.0 0.0
0.363117463826178 -1.0 0.0
-1.0 0.363117463826178 0.0
-0.363117463826178 0.363117463826178 0.0
0.10143688572376 -0.265044207129911 0.0
-0.836392678593849 -0.265044207129911 0.0
-0.265044207129911 -0.836392678593849 0.0
0.10143688572376 -0.836392678593849 0.0
-0.836392678593849 0.10143688572376 0.0
-0.265044207129911 0.10143688572376 0.0
-1.0 1.0 0.3631174638261782
1.0 -1.0 0.3631174638261782
-1.0 -1.0 0.3631174638261782
-0.566293655878678 0.132587311757356 0.3631174638261782
0.132587311757356 -0.566293655878678 0.3631174638261782
-0.566293655878678 -0.566293655878678 0.3631174638261782
-0.222195622530102 -0.555608754939795 0.3631174638261782
-0.555608754939795 -0.222195622530102 0.3631174638261782
-0.222195622530102 -0.222195622530102 0.3631174638261782
0.0 -1.0 0.3631174638261782
-1.0 0.0 0.3631174638261782
0 0 0.3631174638261782
0.89975799541146 -0.89975799541146 0.3631174638261782
-1.0 -0.89975799541146 0.3631174638261782
-0.89975799541146 -1.0 0.3631174638261782
0.89975799541146 -1.0 0.3631174638261782
-1.0 0.89975799541146 0.3631174638261782
-0.89975799541146 0.89975799541146 0.3631174638261782
-0.861709494494173 0.723418988988347 0.3631174638261782
0.723418988988347 -0.861709494494173 0.3631174638261782
-0.861709494494173 -0.861709494494173 0.3631174638261782
0.677186279510738 -0.677186279510738 0.3631174638261782
-1.0 -0.677186279510738 0.3631174638261782
-0.677186279510738 -1.0 0.3631174638261782
0.677186279510738 -1.0 0.3631174638261782
-1.0 0.677186279510738 0.3631174638261782
-0.677186279510738 0.677186279510738 0.3631174638261782
0.446014634733999 -0.602621886086653 0.3631174638261782
-0.843392748647346 -0.602621886086653 0.3631174638261782
-0.602621886086653 -0.843392748647346 0.3631174638261782
0.446014634733999 -0.843392748647346 0.3631174638261782
-0.843392748647346 0.446014634733999 0.3631174638261782
-0.602621886086653 0.446014634733999 0.3631174638261782
0.363117463826178 -0.363117463826178 0.3631174638261782
-1.0 -0.363117463826178 0.3631174638261782
-0.363117463826178 -1.0 0.3631174638261782
0.363117463826178 -1.0 0.3631174638261782
-1.0 0.363117463826178 0.3631174638261782
-0.363117463826178 0.363117463826178 0.3631174638261782
0.10143688572376 -0.265044207129911 0.3631174638261782
-0.836392678593849 -0.265044207129911 0.3631174638261782
-0.265044207129911 -0.836392678593849 0.3631174638261782
0.10143688572376 -0.836392678593849 0.3631174638261782
-0.836392678593849 0.10143688572376 0.3631174638261782
-0.265044207129911 0.10143688572376 0.3631174638261782
-1.0 1.0 0.6771862795107377
1.0 -1.0 0.6771862795107377
-1.0 -1.0 0.6771862795107377
-0.566293655878678 0.132587311757356 0.6771862795107377
0.132587311757356 -0.566293655878678 0.6771862795107377
-0.566293655878678 -0.566293655878678 0.6771862795107377
-0.222195622530102 -0.555608754939795 0.6771862795107377
-0.555608754939795 -0.222195622530102 0.6771862795107377
-0.222195622530102 -0.222195622530102 0.6771862795107377
0.0 -1.0 0.6771862795107377
-1.0 0.0 0.6771862795107377
0.0 0.0 0.6771862795107377
0.89975799541146 -0.89975799541146 0.6771862795107377
-1.0 -0.89975799541146 0.6771862795107377
-0.89975799541146 -1.0 0.6771862795107377
0.89975799541146 -1.0 0.6771862795107377
-1.0 0.89975799541146 0.6771862795107377
-0.89975799541146 0.89975799541146 0.6771862795107377
-0.861709494494173 0.723418988988347 0.6771862795107377
0.723418988988347 -0.861709494494173 0.6771862795107377
-0.861709494494173 -0.861709494494173 0.6771862795107377
0.677186279510738 -0.677186279510738 0.6771862795107377
-1.0 -0.677186279510738 0.6771862795107377
-0.677186279510738 -1.0 0.6771862795107377
0.677186279510738 -1.0 0.6771862795107377
-1.0 0.677186279510738 0.6771862795107377
-0.677186279510738 0.677186279510738 0.6771862795107377
0.446014634733999 -0.602621886086653 0.6771862795107377
-0.843392748647346 -0.602621886086653 0.6771862795107377
-0.602621886086653 -0.843392748647346 0.6771862795107377
0.446014634733999 -0.843392748647346 0.6771862795107377
-0.843392748647346 0.446014634733999 0.6771862795107377
-0.602621886086653 0.446014634733999 0.6771862795107377
0.363117463826178 -0.363117463826178 0.6771862795107377
-1.0 -0.363117463826178 0.6771862795107377
-0.363117463826178 -1.0 0.6771862795107377
0.363117463826178 -1.0 0.6771862795107377
-1.0 0.363117463826178 0.6771862795107377
-0.363117463826178 0.363117463826178 0.6771862795107377
0.10143688572376 -0.265044207129911 0.6771862795107377
-0.836392678593849 -0.265044207129911 0.6771862795107377
-0.265044207129911 -0.836392678593849 0.6771862795107377
0.10143688572376 -0.836392678593849 0.6771862795107377
-0.836392678593849 0.10143688572376 0.6771862795107377
-0.265044207129911 0.10143688572376 0.6771862795107377
-1.0 1.0 0.8997579954114602
1.0 -1.0 0.8997579954114602
-1.0 -1.0 0.8997579954114602
-0.566293655878678 0.132587311757356 0.8997579954114602
0.132587311757356 -0.566293655878678 0.8997579954114602
-0.566293655878678 -0.566293655878678 0.8997579954114602
-0.222195622530102 -0.555608754939795 0.8997579954114602
-0.555608754939795 -0.222195622530102 0.8997579954114602
-0.222195622530102 -0.222195622530102 0.8997579954114602
0.0 -1.0 0.8997579954114602
-1.0 0.0 0.8997579954114602
0.0 0.0 0.8997579954114602
0.89975799541146 -0.89975799541146 0.8997579954114602
-1.0 -0.89975799541146 0.8997579954114602
-0.89975799541146 -1.0 0.8997579954114602
0.89975799541146 -1.0 0.8997579954114602
-1.0 0.89975799541146 0.8997579954114602
-0.89975799541146 0.89975799541146 0.8997579954114602
-0.861709494494173 0.723418988988347 0.8997579954114602
0.723418988988347 -0.861709494494173 0.8997579954114602
-0.861709494494173 -0.861709494494173 0.8997579954114602
0.677186279510738 -0.677186279510738 0.8997579954114602
-1.0 -0.677186279510738 0.8997579954114602
-0.677186279510738 -1.0 0.8997579954114602
0.677186279510738 -1.0 0.8997579954114602
-1.0 0.677186279510738 0.8997579954114602
-0.677186279510738 0.677186279510738 0.8997579954114602
0.446014634733999 -0.602621886086653 0.8997579954114602
-0.843392748647346 -0.602621886086653 0.8997579954114602
-0.602621886086653 -0.843392748647346 0.8997579954114602
0.446014634733999 -0.843392748647346 0.8997579954114602
-0.843392748647346 0.446014634733999 0.8997579954114602
-0.602621886086653 0.446014634733999 0.8997579954114602
0.363117463826178 -0.363117463826178 0.8997579954114602
-1.0 -0.363117463826178 0.8997579954114602
-0.363117463826178 -1.0 0.8997579954114602
0.363117463826178 -1.0 0.8997579954114602
-1.0 0.363117463826178 0.8997579954114602
-0.363117463826178 0.363117463826178 0.8997579954114602
0.10143688572376 -0.265044207129911 0.8997579954114602
-0.836392678593849 -0.265044207129911 0.8997579954114602
-0.265044207129911 -0.836392678593849 0.8997579954114602
0.10143688572376 -0.836392678593849 0.8997579954114602
-0.836392678593849 0.10143688572376 0.8997579954114602
-0.265044207129911 0.10143688572376 0.8997579954114602
-1.0 1.0 1.0
1.0 -1.0 1.0
-1.0 -1.0 1.0
-0.566293655878678 0.132587311757356 1.0
0.132587311757356 -0.566293655878678 1.0
-0.566293655878678 -0.566293655878678 1.0
-0.222195622530102 -0.555608754939795 1.0
-0.555608754939795 -0.222195622530102 1.0
-0.222195622530102 -0.222195622530102 1.0
0.0 -1.0 1.0
-1.0 0.0 1.0
0.0 0.0 1.0
0.89975799541146 -0.89975799541146 1.0
-1.0 -0.89975799541146 1.0
-0.89975799541146 -1.0 1.0
0.89975799541146 -1.0 1.0
-1.0 0.89975799541146 1.0
-0.89975799541146 0.89975799541146 1.0
-0.861709494494173 0.723418988988347 1.0
0.723418988988347 -0.861709494494173 1.0
-0.861709494494173 -0.861709494494173 1.0
0.677186279510738 -0.677186279510738 1.0
-1.0 -0.677186279510738 1.0
-0.677186279510738 -1.0 1.0
0.677186279510738 -1.0 1.0
-1.0 0.677186279510738 1.0
-0.677186279510738 0.677186279510738 1.0
0.446014634733999 -0.602621886086653 1.0
-0.843392748647346 -0.602621886086653 1.0
-0.602621886086653 -0.843392748647346 1.0
0.446014634733999 -0.843392748647346 1.0
-0.843392748647346 0.446014634733999 1.0
-0.602621886086653 0.446014634733999 1.0
0.363117463826178 -0.363117463826178 1.0
-1.0 -0.363117463826178 1.0
-0.363117463826178 -1.0 1.0
0.363117463826178 -1.0 1.0
-1.0 0.363117463826178 1.0
-0.363117463826178 0.363117463826178 1.0
0.10143688572376 -0.265044207129911 1.0
-0.836392678593849 -0.265044207129911 1.0
-0.265044207129911 -0.836392678593849 1.0
0.10143688572376 -0.836392678593849 1.0
-0.836392678593849 0.10143688572376 1.0
-0.265044207129911.0 0.10143688572376 1.0
