-1.0 1.0 -1.0
1.0 -1.0 -1.0
-1.0 -1.0 -1.0
-0.5515835075553056 0.1031670151106112 -1.0
0.1031670151106112 -0.5515835075553056 -1.0
-0.5515835075553056 -0.5515835075553056 -1.0
0.0 -1.0 -1.0
-1.0 0.0 -1.0
0.0 0.0 -1.0
0.654653670707977 -0.654653670707977 -1.0
-1.0 -0.654653670707977 -1.0
-0.654653670707977 -1.0 -1.0
0.654653670707977 -1.0 -1.0
-1.0 0.654653670707977 -1.0
-0.654653670707977 0.654653670707977 -1.0
-1.0 1.0 -0.65465367070797714
1.0 -1.0 -0.65465367070797714
-1.0 -1.0 -0.65465367070797714
-0.5515835075553056 0.1031670151106112 -0.65465367070797714
0.1031670151106112 -0.5515835075553056 -0.65465367070797714
-0.5515835075553056 -0.5515835075553056 -0.65465367070797714
0.0 -1.0 -0.65465367070797714
-1.0 0.0 -0.65465367070797714
0.0 0.0 -0.65465367070797714
0.654653670707977 -0.654653670707977 -0.65465367070797714
-1.0 -0.654653670707977 -0.65465367070797714
-0.654653670707977 -1.0 -0.65465367070797714
0.654653670707977 -1.0 -0.65465367070797714
-1.0 0.654653670707977 -0.65465367070797714
-0.654653670707977 0.654653670707977 -0.65465367070797714
-1.0 1.0 0.0
1.0 -1.0 0.0
-1.0 -1.0 0.0
-0.5515835075553056 0.1031670151106112 0.0
0.1031670151106112 -0.5515835075553056 0.0
-0.5515835075553056 -0.5515835075553056 0.0
0.0 -1.0 0.0
-1.0 0.0 0.0
0.0 0.0 0.0
0.654653670707977 -0.654653670707977 0.0
-1.0 -0.654653670707977 0.0
-0.654653670707977 -1.0 0.0
0.654653670707977 -1.0 0.0
-1.0 0.654653670707977 0.0
-0.654653670707977 0.654653670707977 0.0
-1.0 1.0 0.65465367070797714
1.0 -1.0 0.65465367070797714
-1.0 -1.0 0.65465367070797714
-0.5515835075553056 0.1031670151106112 0.65465367070797714
0.1031670151106112 -0.5515835075553056 0.65465367070797714
-0.5515835075553056 -0.5515835075553056 0.65465367070797714
0.0 -1.0 0.65465367070797714
-1.0 0.0 0.65465367070797714
0.0 0.0 0.65465367070797714
0.654653670707977 -0.654653670707977 0.65465367070797714
-1.0 -0.654653670707977 0.65465367070797714
-0.654653670707977 -1.0 0.65465367070797714
0.654653670707977 -1.0 0.65465367070797714
-1.0 0.654653670707977 0.65465367070797714
-0.654653670707977 0.654653670707977 0.65465367070797714
-1.0 1.0 1.0
1.0 -1.0 1.0
-1.0 -1.0 1.0
-0.5515835075553056 0.1031670151106112 1.0
0.1031670151106112 -0.5515835075553056 1.0
-0.5515835075553056 -0.5515835075553056 1.0
0.0 -1.0 1.0
-1.0 0.0 1.0
0.0 0.0 1.0
0.654653670707977 -0.654653670707977 1.0
-1.0 -0.654653670707977 1.0
-0.654653670707977 -1.0 1.0
0.654653670707977 -1.0 1.0
-1.0 0.654653670707977 1.0
-0.654653670707977 0.654653670707977 1.0
