-0.3333333333333333 -0.3333333333333333 -1.0
-1.0 1.0 -1.0
1.0 -1.0 -1.0
-1.0 -1.0 -1.0
0.447213595499958 -0.447213595499958 -1.0
-1.0 -0.447213595499958 -1.0
-0.447213595499958 -1.0 -1.0
0.447213595499958 -1.0 -1.0
-1.0 0.447213595499958 -1.0
-0.447213595499958 0.447213595499958 -1.0
-0.3333333333333333 -0.3333333333333333 -0.44721359549995794
-1.0 1.0 -0.44721359549995794
1.0 -1.0 -0.44721359549995794
-1.0 -1.0 -0.44721359549995794
0.447213595499958 -0.447213595499958 -0.44721359549995794
-1.0 -0.447213595499958 -0.44721359549995794
-0.447213595499958 -1.0 -0.44721359549995794
0.447213595499958 -1.0 -0.44721359549995794
-1.0 0.447213595499958 -0.44721359549995794
-0.447213595499958 0.447213595499958 -0.44721359549995794
-0.3333333333333333 -0.3333333333333333 0.44721359549995794
-1.0 1.0 0.44721359549995794
1.0 -1.0 0.44721359549995794
-1.0 -1.0 0.44721359549995794
0.447213595499958 -0.447213595499958 0.44721359549995794
-1.0 -0.447213595499958 0.44721359549995794
-0.447213595499958 -1.0 0.44721359549995794
0.447213595499958 -1.0 0.44721359549995794
-1.0 0.447213595499958 0.44721359549995794
-0.447213595499958 0.447213595499958 0.44721359549995794
-0.3333333333333333 -0.3333333333333333 1.0
-1.0 1.0 1.0
1.0 -1.0 1.0
-1.0 -1.0 1.0
0.447213595499958 -0.447213595499958 1.0
-1.0 -0.447213595499958 1.0
-0.447213595499958 -1.0 1.0
0.447213595499958 -1.0 1.0
-1.0 0.447213595499958 1.0
-0.447213595499958 0.447213595499958 1.0
