-1.0 1.0 -1.0
1.0 -1.0 -1.0
-1.0 -1.0 -1.0
-0.68854346464994 0.377086929299879 -1.0
0.377086929299879 -0.68854346464994 -1.0
-0.68854346464994 -0.68854346464994 -1.0
-0.165752193680209 -0.668495612639582 -1.0
-0.668495612639582 -0.165752193680209 -1.0
-0.165752193680209 -0.165752193680209 -1.0
0.765055323929465 -0.765055323929465 -1.0
-1.0 -0.765055323929465 -1.0
-0.765055323929465 -1.0 -1.0
0.765055323929465 -1.0 -1.0
-1.0 0.765055323929465 -1.0
-0.765055323929465 0.765055323929465 -1.0
0.285231516480645 -0.285231516480645 -1.0
-1.0 -0.285231516480645 -1.0
-0.285231516480645 -1.0 -1.0
0.285231516480645 -1.0 -1.0
-1.0 0.285231516480645 -1.0
-0.285231516480645 0.285231516480645 -1.0
-1.0 1.0 -0.7650553239294647
1.0 -1.0 -0.7650553239294647
-1.0 -1.0 -0.7650553239294647
-0.68854346464994 0.377086929299879 -0.7650553239294647
0.377086929299879 -0.68854346464994 -0.7650553239294647
-0.68854346464994 -0.68854346464994 -0.7650553239294647
-0.165752193680209 -0.668495612639582 -0.7650553239294647
-0.668495612639582 -0.165752193680209 -0.7650553239294647
-0.165752193680209 -0.165752193680209 -0.7650553239294647
0.765055323929465 -0.765055323929465 -0.7650553239294647
-1.0 -0.765055323929465 -0.7650553239294647
-0.765055323929465 -1.0 -0.7650553239294647
0.765055323929465 -1.0 -0.7650553239294647
-1.0 0.765055323929465 -0.7650553239294647
-0.765055323929465 0.765055323929465 -0.7650553239294647
0.285231516480645 -0.285231516480645 -0.7650553239294647
-1.0 -0.285231516480645 -0.7650553239294647
-0.285231516480645 -1.0 -0.7650553239294647
0.285231516480645 -1.0 -0.7650553239294647
-1.0 0.285231516480645 -0.7650553239294647
-0.285231516480645 0.285231516480645 -0.7650553239294647
-1.0 1.0 -0.2852315164806451
1.0 -1.0 -0.2852315164806451
-1.0 -1.0 -0.2852315164806451
-0.68854346464994 0.377086929299879 -0.2852315164806451
0.377086929299879 -0.68854346464994 -0.2852315164806451
-0.68854346464994 -0.68854346464994 -0.2852315164806451
-0.165752193680209 -0.668495612639582 -0.2852315164806451
-0.668495612639582 -0.165752193680209 -0.2852315164806451
-0.165752193680209 -0.165752193680209 -0.2852315164806451
0.765055323929465 -0.765055323929465 -0.2852315164806451
-1.0 -0.765055323929465 -0.2852315164806451
-0.765055323929465 -1.0 -0.2852315164806451
0.765055323929465 -1.0 -0.2852315164806451
-1.0 0.765055323929465 -0.2852315164806451
-0.765055323929465 0.765055323929465 -0.2852315164806451
0.285231516480645 -0.285231516480645 -0.2852315164806451
-1.0 -0.285231516480645 -0.2852315164806451
-0.285231516480645 -1.0 -0.2852315164806451
0.285231516480645 -1.0 -0.2852315164806451
-1.0 0.285231516480645 -0.2852315164806451
-0.285231516480645 0.285231516480645 -0.2852315164806451
-1.0 1.0 0.2852315164806451
1.0 -1.0 0.2852315164806451
-1.0 -1.0 0.2852315164806451
-0.68854346464994 0.377086929299879 0.2852315164806451
0.377086929299879 -0.68854346464994 0.2852315164806451
-0.68854346464994 -0.68854346464994 0.2852315164806451
-0.165752193680209 -0.668495612639582 0.2852315164806451
-0.668495612639582 -0.165752193680209 0.2852315164806451
-0.165752193680209 -0.165752193680209 0.2852315164806451
0.765055323929465 -0.765055323929465 0.2852315164806451
-1.0 -0.765055323929465 0.2852315164806451
-0.765055323929465 -1.0 0.2852315164806451
0.765055323929465 -1.0 0.2852315164806451
-1.0 0.765055323929465 0.2852315164806451
-0.765055323929465 0.765055323929465 0.2852315164806451
0.285231516480645 -0.285231516480645 0.2852315164806451
-1.0 -0.285231516480645 0.2852315164806451
-0.285231516480645 -1.0 0.2852315164806451
0.285231516480645 -1.0 0.2852315164806451
-1.0 0.285231516480645 0.2852315164806451
-0.285231516480645 0.285231516480645 0.2852315164806451
-1.0 1.0 0.7650553239294647
1.0 -1.0 0.7650553239294647
-1.0 -1.0 0.7650553239294647
-0.68854346464994 0.377086929299879 0.7650553239294647
0.377086929299879 -0.68854346464994 0.7650553239294647
-0.68854346464994 -0.68854346464994 0.7650553239294647
-0.165752193680209 -0.668495612639582 0.7650553239294647
-0.668495612639582 -0.165752193680209 0.7650553239294647
-0.165752193680209 -0.165752193680209 0.7650553239294647
0.765055323929465 -0.765055323929465 0.7650553239294647
-1.0 -0.765055323929465 0.7650553239294647
-0.765055323929465 -1.0 0.7650553239294647
0.765055323929465 -1.0 0.7650553239294647
-1.0 0.765055323929465 0.7650553239294647
-0.765055323929465 0.765055323929465 0.7650553239294647
0.285231516480645 -0.285231516480645 0.7650553239294647
-1.0 -0.285231516480645 0.7650553239294647
-0.285231516480645 -1.0 0.7650553239294647
0.285231516480645 -1.0 0.7650553239294647
-1.0 0.285231516480645 0.7650553239294647
-0.285231516480645 0.285231516480645 0.7650553239294647
-1.0 1.0 1.0
1.0 -1.0 1.0
-1.0 -1.0 1.0
-0.68854346464994 0.377086929299879 1.0
0.377086929299879 -0.68854346464994 1.0
-0.68854346464994 -0.68854346464994 1.0
-0.165752193680209 -0.668495612639582 1.0
-0.668495612639582 -0.165752193680209 1.0
-0.165752193680209 -0.165752193680209 1.0
0.765055323929465 -0.765055323929465 1.0
-1.0 -0.765055323929465 1.0
-0.765055323929465 -1.0 1.0
0.765055323929465 -1.0 1.0
-1.0 0.765055323929465 1.0
-0.765055323929465 0.765055323929465 1.0
0.285231516480645 -0.285231516480645 1.0
-1.0 -0.285231516480645 1.0
-0.285231516480645 -1.0 1.0
0.285231516480645 -1.0 1.0
-1.0 0.285231516480645 1.0
-0.285231516480645 0.285231516480645 1.0
