-1.0 1.0 -1.0
1.0 -1.0 -1.0
-1.0 -1.0 -1.0
-0.825283816702066 0.650567633404132 -1.0
0.650567633404132 -0.825283816702066 -1.0
-0.825283816702066 -0.825283816702066 -1.0
-0.09895829633478349 -0.802083407330433 -1.0
-0.802083407330433 -0.09895829633478349 -1.0
-0.09895829633478349 -0.09895829633478349 -1.0
-0.466671445131973 -0.0666571097360546 -1.0
-0.0666571097360546 -0.466671445131973 -1.0
-0.466671445131973 -0.466671445131973 -1.0
0.871740148509607 -0.871740148509607 -1.0
-1.0 -0.871740148509607 -1.0
-0.871740148509607 -1.0 -1.0
0.871740148509607 -1.0 -1.0
-1.0 0.871740148509607 -1.0
-0.871740148509607 0.871740148509607 -1.0
0.591700181433142 -0.591700181433142 -1.0
-1.0 -0.591700181433142 -1.0
-0.591700181433142 -1.0 -1.0
0.591700181433142 -1.0 -1.0
-1.0 0.591700181433142 -1.0
-0.591700181433142 0.591700181433142 -1.0
0.30891067581573 -0.502211370361115 -1.0
-0.806699305454614 -0.502211370361115 -1.0
-0.502211370361115 -0.806699305454614 -1.0
0.30891067581573 -0.806699305454614 -1.0
-0.806699305454614 0.30891067581573 -1.0
-0.502211370361115 0.30891067581573 -1.0
0.209299217902479 -0.209299217902479 -1.0
-1.0 -0.209299217902479 -1.0
-0.209299217902479 -1.0 -1.0
0.209299217902479 -1.0 -1.0
-1.0 0.209299217902479 -1.0
-0.209299217902479 0.209299217902479 -1.0
-1.0 1.0 -0.8717401485096066
1.0 -1.0 -0.8717401485096066
-1.0 -1.0 -0.8717401485096066
-0.825283816702066 0.650567633404132 -0.8717401485096066
0.650567633404132 -0.825283816702066 -0.8717401485096066
-0.825283816702066 -0.825283816702066 -0.8717401485096066
-0.09895829633478349 -0.802083407330433 -0.8717401485096066
-0.802083407330433 -0.09895829633478349 -0.8717401485096066
-0.09895829633478349 -0.09895829633478349 -0.8717401485096066
-0.466671445131973 -0.0666571097360546 -0.8717401485096066
-0.0666571097360546 -0.466671445131973 -0.8717401485096066
-0.466671445131973 -0.466671445131973 -0.8717401485096066
0.871740148509607 -0.871740148509607 -0.8717401485096066
-1.0 -0.871740148509607 -0.8717401485096066
-0.871740148509607 -1.0 -0.8717401485096066
0.871740148509607 -1.0 -0.8717401485096066
-1.0 0.871740148509607 -0.8717401485096066
-0.871740148509607 0.871740148509607 -0.8717401485096066
0.591700181433142 -0.591700181433142 -0.8717401485096066
-1.0 -0.591700181433142 -0.8717401485096066
-0.591700181433142 -1.0 -0.8717401485096066
0.591700181433142 -1.0 -0.8717401485096066
-1.0 0.591700181433142 -0.8717401485096066
-0.591700181433142 0.591700181433142 -0.8717401485096066
0.30891067581573 -0.502211370361115 -0.8717401485096066
-0.806699305454614 -0.502211370361115 -0.8717401485096066
-0.502211370361115 -0.806699305454614 -0.8717401485096066
0.30891067581573 -0.806699305454614 -0.8717401485096066
-0.806699305454614 0.30891067581573 -0.8717401485096066
-0.502211370361115 0.30891067581573 -0.8717401485096066
0.209299217902479 -0.209299217902479 -0.8717401485096066
-1.0 -0.209299217902479 -0.8717401485096066
-0.209299217902479 -1.0 -0.8717401485096066
0.209299217902479 -1.0 -0.8717401485096066
-1.0 0.209299217902479 -0.8717401485096066
-0.209299217902479 0.209299217902479 -0.8717401485096066
-1.0 1.0 -0.5917001814331423
1.0 -1.0 -0.5917001814331423
-1.0 -1.0 -0.5917001814331423
-0.825283816702066 0.650567633404132 -0.5917001814331423
0.650567633404132 -0.825283816702066 -0.5917001814331423
-0.825283816702066 -0.825283816702066 -0.5917001814331423
-0.09895829633478349 -0.802083407330433 -0.5917001814331423
-0.802083407330433 -0.09895829633478349 -0.5917001814331423
-0.09895829633478349 -0.09895829633478349 -0.5917001814331423
-0.466671445131973 -0.0666571097360546 -0.5917001814331423
-0.0666571097360546 -0.466671445131973 -0.5917001814331423
-0.466671445131973 -0.466671445131973 -0.5917001814331423
0.871740148509607 -0.871740148509607 -0.5917001814331423
-1.0 -0.871740148509607 -0.5917001814331423
-0.871740148509607 -1.0 -0.5917001814331423
0.871740148509607 -1.0 -0.5917001814331423
-1.0 0.871740148509607 -0.5917001814331423
-0.871740148509607 0.871740148509607 -0.5917001814331423
0.591700181433142 -0.591700181433142 -0.5917001814331423
-1.0 -0.591700181433142 -0.5917001814331423
-0.591700181433142 -1.0 -0.5917001814331423
0.591700181433142 -1.0 -0.5917001814331423
-1.0 0.591700181433142 -0.5917001814331423
-0.591700181433142 0.591700181433142 -0.5917001814331423
0.30891067581573 -0.502211370361115 -0.5917001814331423
-0.806699305454614 -0.502211370361115 -0.5917001814331423
-0.502211370361115 -0.806699305454614 -0.5917001814331423
0.30891067581573 -0.806699305454614 -0.5917001814331423
-0.806699305454614 0.30891067581573 -0.5917001814331423
-0.502211370361115 0.30891067581573 -0.5917001814331423
0.209299217902479 -0.209299217902479 -0.5917001814331423
-1.0 -0.209299217902479 -0.5917001814331423
-0.209299217902479 -1.0 -0.5917001814331423
0.209299217902479 -1.0 -0.5917001814331423
-1.0 0.209299217902479 -0.5917001814331423
-0.209299217902479 0.209299217902479 -0.5917001814331423
-1.0 1.0 -0.2092992179024789
1.0 -1.0 -0.2092992179024789
-1.0 -1.0 -0.2092992179024789
-0.825283816702066 0.650567633404132 -0.2092992179024789
0.650567633404132 -0.825283816702066 -0.2092992179024789
-0.825283816702066 -0.825283816702066 -0.2092992179024789
-0.09895829633478349 -0.802083407330433 -0.2092992179024789
-0.802083407330433 -0.09895829633478349 -0.2092992179024789
-0.09895829633478349 -0.09895829633478349 -0.2092992179024789
-0.466671445131973 -0.0666571097360546 -0.2092992179024789
-0.0666571097360546 -0.466671445131973 -0.2092992179024789
-0.466671445131973 -0.466671445131973 -0.2092992179024789
0.871740148509607 -0.871740148509607 -0.2092992179024789
-1.0 -0.871740148509607 -0.2092992179024789
-0.871740148509607 -1.0 -0.2092992179024789
0.871740148509607 -1.0 -0.2092992179024789
-1.0 0.871740148509607 -0.2092992179024789
-0.871740148509607 0.871740148509607 -0.2092992179024789
0.591700181433142 -0.591700181433142 -0.2092992179024789
-1.0 -0.591700181433142 -0.2092992179024789
-0.591700181433142 -1.0 -0.2092992179024789
0.591700181433142 -1.0 -0.2092992179024789
-1.0 0.591700181433142 -0.2092992179024789
-0.591700181433142 0.591700181433142 -0.2092992179024789
0.30891067581573 -0.502211370361115 -0.2092992179024789
-0.806699305454614 -0.502211370361115 -0.2092992179024789
-0.502211370361115 -0.806699305454614 -0.2092992179024789
0.30891067581573 -0.806699305454614 -0.2092992179024789
-0.806699305454614 0.30891067581573 -0.2092992179024789
-0.502211370361115 0.30891067581573 -0.2092992179024789
0.209299217902479 -0.209299217902479 -0.2092992179024789
-1.0 -0.209299217902479 -0.2092992179024789
-0.209299217902479 -1.0 -0.2092992179024789
0.209299217902479 -1.0 -0.2092992179024789
-1.0 0.209299217902479 -0.2092992179024789
-0.209299217902479 0.209299217902479 -0.2092992179024789
-1.0 1.0 0.2092992179024789
1.0 -1.0 0.2092992179024789
-1.0 -1.0 0.2092992179024789
-0.825283816702066 0.650567633404132 0.2092992179024789
0.650567633404132 -0.825283816702066 0.2092992179024789
-0.825283816702066 -0.825283816702066 0.2092992179024789
-0.09895829633478349 -0.802083407330433 0.2092992179024789
-0.802083407330433 -0.09895829633478349 0.2092992179024789
-0.09895829633478349 -0.09895829633478349 0.2092992179024789
-0.466671445131973 -0.0666571097360546 0.2092992179024789
-0.0666571097360546 -0.466671445131973 0.2092992179024789
-0.466671445131973 -0.466671445131973 0.2092992179024789
0.871740148509607 -0.871740148509607 0.2092992179024789
-1.0 -0.871740148509607 0.2092992179024789
-0.871740148509607 -1.0 0.2092992179024789
0.871740148509607 -1.0 0.2092992179024789
-1.0 0.871740148509607 0.2092992179024789
-0.871740148509607 0.871740148509607 0.2092992179024789
0.591700181433142 -0.591700181433142 0.2092992179024789
-1.0 -0.591700181433142 0.2092992179024789
-0.591700181433142 -1.0 0.2092992179024789
0.591700181433142 -1.0 0.2092992179024789
-1.0 0.591700181433142 0.2092992179024789
-0.591700181433142 0.591700181433142 0.2092992179024789
0.30891067581573 -0.502211370361115 0.2092992179024789
-0.806699305454614 -0.502211370361115 0.2092992179024789
-0.502211370361115 -0.806699305454614 0.2092992179024789
0.30891067581573 -0.806699305454614 0.2092992179024789
-0.806699305454614 0.30891067581573 0.2092992179024789
-0.502211370361115 0.30891067581573 0.2092992179024789
0.209299217902479 -0.209299217902479 0.2092992179024789
-1.0 -0.209299217902479 0.2092992179024789
-0.209299217902479 -1.0 0.2092992179024789
0.209299217902479 -1.0 0.2092992179024789
-1.0 0.209299217902479 0.2092992179024789
-0.209299217902479 0.209299217902479 0.2092992179024789
-1.0 1.0 0.5917001814331423
1.0 -1.0 0.5917001814331423
-1.0 -1.0 0.5917001814331423
-0.825283816702066 0.650567633404132 0.5917001814331423
0.650567633404132 -0.825283816702066 0.5917001814331423
-0.825283816702066 -0.825283816702066 0.5917001814331423
-0.09895829633478349 -0.802083407330433 0.5917001814331423
-0.802083407330433 -0.09895829633478349 0.5917001814331423
-0.09895829633478349 -0.09895829633478349 0.5917001814331423
-0.466671445131973 -0.0666571097360546 0.5917001814331423
-0.0666571097360546 -0.466671445131973 0.5917001814331423
-0.466671445131973 -0.466671445131973 0.5917001814331423
0.871740148509607 -0.871740148509607 0.5917001814331423
-1.0 -0.871740148509607 0.5917001814331423
-0.871740148509607 -1.0 0.5917001814331423
0.871740148509607 -1.0 0.5917001814331423
-1.0 0.871740148509607 0.5917001814331423
-0.871740148509607 0.871740148509607 0.5917001814331423
0.591700181433142 -0.591700181433142 0.5917001814331423
-1.0 -0.591700181433142 0.5917001814331423
-0.591700181433142 -1.0 0.5917001814331423
0.591700181433142 -1.0 0.5917001814331423
-1.0 0.591700181433142 0.5917001814331423
-0.591700181433142 0.591700181433142 0.5917001814331423
0.30891067581573 -0.502211370361115 0.5917001814331423
-0.806699305454614 -0.502211370361115 0.5917001814331423
-0.502211370361115 -0.806699305454614 0.5917001814331423
0.30891067581573 -0.806699305454614 0.5917001814331423
-0.806699305454614 0.30891067581573 0.5917001814331423
-0.502211370361115 0.30891067581573 0.5917001814331423
0.209299217902479 -0.209299217902479 0.5917001814331423
-1.0 -0.209299217902479 0.5917001814331423
-0.209299217902479 -1.0 0.5917001814331423
0.209299217902479 -1.0 0.5917001814331423
-1.0 0.209299217902479 0.5917001814331423
-0.209299217902479 0.209299217902479 0.5917001814331423
-1.0 1.0 0.8717401485096066
1.0 -1.0 0.8717401485096066
-1.0 -1.0 0.8717401485096066
-0.825283816702066 0.650567633404132 0.8717401485096066
0.650567633404132 -0.825283816702066 0.8717401485096066
-0.825283816702066 -0.825283816702066 0.8717401485096066
-0.09895829633478349 -0.802083407330433 0.8717401485096066
-0.802083407330433 -0.09895829633478349 0.8717401485096066
-0.09895829633478349 -0.09895829633478349 0.8717401485096066
-0.466671445131973 -0.0666571097360546 0.8717401485096066
-0.0666571097360546 -0.466671445131973 0.8717401485096066
-0.466671445131973 -0.466671445131973 0.8717401485096066
0.871740148509607 -0.871740148509607 0.8717401485096066
-1.0 -0.871740148509607 0.8717401485096066
-0.871740148509607 -1.0 0.8717401485096066
0.871740148509607 -1.0 0.8717401485096066
-1.0 0.871740148509607 0.8717401485096066
-0.871740148509607 0.871740148509607 0.8717401485096066
0.591700181433142 -0.591700181433142 0.8717401485096066
-1.0 -0.591700181433142 0.8717401485096066
-0.591700181433142 -1.0 0.8717401485096066
0.591700181433142 -1.0 0.8717401485096066
-1.0 0.591700181433142 0.8717401485096066
-0.591700181433142 0.591700181433142 0.8717401485096066
0.30891067581573 -0.502211370361115 0.8717401485096066
-0.806699305454614 -0.502211370361115 0.8717401485096066
-0.502211370361115 -0.806699305454614 0.8717401485096066
0.30891067581573 -0.806699305454614 0.8717401485096066
-0.806699305454614 0.30891067581573 0.8717401485096066
-0.502211370361115 0.30891067581573 0.8717401485096066
0.209299217902479 -0.209299217902479 0.8717401485096066
-1.0 -0.209299217902479 0.8717401485096066
-0.209299217902479 -1.0 0.8717401485096066
0.209299217902479 -1.0 0.8717401485096066
-1.0 0.209299217902479 0.8717401485096066
-0.209299217902479 0.209299217902479 0.8717401485096066
-1.0 1.0 1.0
1.0 -1.0 1.0
-1.0 -1.0 1.0
-0.825283816702066 0.650567633404132 1.0
0.650567633404132 -0.825283816702066 1.0
-0.825283816702066 -0.825283816702066 1.0
-0.09895829633478349 -0.802083407330433 1.0
-0.802083407330433 -0.09895829633478349 1.0
-0.09895829633478349 -0.09895829633478349 1.0
-0.466671445131973 -0.0666571097360546 1.0
-0.0666571097360546 -0.466671445131973 1.0
-0.466671445131973 -0.466671445131973 1.0
0.871740148509607 -0.871740148509607 1.0
-1.0 -0.871740148509607 1.0
-0.871740148509607 -1.0 1.0
0.871740148509607 -1.0 1.0
-1.0 0.871740148509607 1.0
-0.871740148509607 0.871740148509607 1.0
0.591700181433142 -0.591700181433142 1.0
-1.0 -0.591700181433142 1.0
-0.591700181433142 -1.0 1.0
0.591700181433142 -1.0 1.0
-1.0 0.591700181433142 1.0
-0.591700181433142 0.591700181433142 1.0
0.30891067581573 -0.502211370361115 1.0
-0.806699305454614 -0.502211370361115 1.0
-0.502211370361115 -0.806699305454614 1.0
0.30891067581573 -0.806699305454614 1.0
-0.806699305454614 0.30891067581573 1.0
-0.502211370361115 0.30891067581573 1.0
0.209299217902479 -0.209299217902479 1.0
-1.0 -0.209299217902479 1.0
-0.209299217902479 -1.0 1.0
0.209299217902479 -1.0 1.0
-1.0 0.209299217902479 1.0
-0.209299217902479 0.209299217902479 1.0
