-0.3333333333333333 -0.3333333333333333 -1.0
-1.0 1.0 -1.0
1.0 -1.0 -1.0
-1.0 -1.0 -1.0
0.447213595499958 -0.447213595499958 -1.0
-1.0 -0.447213595499958 -1.0
-0.447213595499958 -1.0 -1.0
0.447213595499958 -1.0 -1.0
-1.0 0.447213595499958 -1.0
-0.447213595499958 0.447213595499958 -1.0
-0.3333333333333333 -0.3333333333333333 -0.4472135954999579
-1.0 1.0 -0.4472135954999579
1.0 -1.0 -0.4472135954999579
-1.0 -1.0 -0.4472135954999579
0.447213595499958 -0.447213595499958 -0.4472135954999579
-1.0 -0.447213595499958 -0.4472135954999579
-0.447213595499958 -1.0 -0.4472135954999579
0.447213595499958 -1.0 -0.4472135954999579
-1.0 0.447213595499958 -0.4472135954999579
-0.447213595499958 0.447213595499958 -0.4472135954999579
-0.3333333333333333 -0.3333333333333333 0.4472135954999579
-1.0 1.0 0.4472135954999579
1.0 -1.0 0.4472135954999579
-1.0 -1.0 0.4472135954999579
0.447213595499958 -0.447213595499958 0.4472135954999579
-1.0 -0.447213595499958 0.4472135954999579
-0.447213595499958 -1.0 0.4472135954999579
0.447213595499958 -1.0 0.4472135954999579
-1.0 0.447213595499958 0.4472135954999579
-0.447213595499958 0.447213595499958 0.4472135954999579
-0.3333333333333333 -0.3333333333333333 1.0
-1.0 1.0 1.0
1.0 -1.0 1.0
-1.0 -1.0 1.0
0.447213595499958 -0.447213595499958 1.0
-1.0 -0.447213595499958 1.0
-0.447213595499958 -1.0 1.0
0.447213595499958 -1.0 1.0
-1.0 0.447213595499958 1.0
-0.447213595499958 0.447213595499958 1.0
