-0.3333333333333333 -0.3333333333333333 -1.0
-1.0 1.0 -1.0
1.0 -1.0 -1.0
-1.0 -1.0 -1.0
-0.7695164961934418 0.5390329923868836 -1.0
0.5390329923868836 -0.7695164961934418 -1.0
-0.7695164961934418 -0.7695164961934418 -1.0
0.0 -1.0 -1.0
-1.0 0.0 -1.0
0.0 0.0 -1.0
0.8302238962785673 -0.8302238962785673 -1.0
-1.0 -0.8302238962785673 -1.0
-0.8302238962785673 -1.0 -1.0
0.8302238962785673 -1.0 -1.0
-1.0 0.8302238962785673 -1.0
-0.8302238962785673 0.8302238962785673 -1.0
0.4688487934707144 -0.4688487934707144 -1.0
-1.0 -0.4688487934707144 -1.0
-0.4688487934707144 -1.0 -1.0
0.4688487934707144 -1.0 -1.0
-1.0 0.4688487934707144 -1.0
-0.4688487934707144 0.4688487934707144 -1.0
0.1088646525710102 -0.3647692565366892 -1.0
-0.744095396034321 -0.3647692565366892 -1.0
-0.3647692565366892 -0.744095396034321 -1.0
0.1088646525710102 -0.744095396034321 -1.0
-0.744095396034321 0.1088646525710102 -1.0
-0.3647692565366892 0.1088646525710102 -1.0
-0.3333333333333333 -0.3333333333333333 -0.83022389627856693
-1.0 1.0 -0.83022389627856693
1.0 -1.0 -0.83022389627856693
-1.0 -1.0 -0.83022389627856693
-0.7695164961934418 0.5390329923868836 -0.83022389627856693
0.5390329923868836 -0.7695164961934418 -0.83022389627856693
-0.7695164961934418 -0.7695164961934418 -0.83022389627856693
0.0 -1.0 -0.83022389627856693
-1.0 0.0 -0.83022389627856693
0.0 0.0 -0.83022389627856693
0.8302238962785673 -0.8302238962785673 -0.83022389627856693
-1.0 -0.8302238962785673 -0.83022389627856693
-0.8302238962785673 -1.0 -0.83022389627856693
0.8302238962785673 -1.0 -0.83022389627856693
-1.0 0.8302238962785673 -0.83022389627856693
-0.8302238962785673 0.8302238962785673 -0.83022389627856693
0.4688487934707144 -0.4688487934707144 -0.83022389627856693
-1.0 -0.4688487934707144 -0.83022389627856693
-0.4688487934707144 -1.0 -0.83022389627856693
0.4688487934707144 -1.0 -0.83022389627856693
-1.0 0.4688487934707144 -0.83022389627856693
-0.4688487934707144 0.4688487934707144 -0.83022389627856693
0.1088646525710102 -0.3647692565366892 -0.83022389627856693
-0.744095396034321 -0.3647692565366892 -0.83022389627856693
-0.3647692565366892 -0.744095396034321 -0.83022389627856693
0.1088646525710102 -0.744095396034321 -0.83022389627856693
-0.744095396034321 0.1088646525710102 -0.83022389627856693
-0.3647692565366892 0.1088646525710102 -0.83022389627856693
-0.3333333333333333 -0.3333333333333333 -0.46884879347071421
-1.0 1.0 -0.46884879347071421
1.0 -1.0 -0.46884879347071421
-1.0 -1.0 -0.46884879347071421
-0.7695164961934418 0.5390329923868836 -0.46884879347071421
0.5390329923868836 -0.7695164961934418 -0.46884879347071421
-0.7695164961934418 -0.7695164961934418 -0.46884879347071421
0.0 -1.0 -0.46884879347071421
-1.0 0.0 -0.46884879347071421
0.0 0.0 -0.46884879347071421
0.8302238962785673 -0.8302238962785673 -0.46884879347071421
-1.0 -0.8302238962785673 -0.46884879347071421
-0.8302238962785673 -1.0 -0.46884879347071421
0.8302238962785673 -1.0 -0.46884879347071421
-1.0 0.8302238962785673 -0.46884879347071421
-0.8302238962785673 0.8302238962785673 -0.46884879347071421
0.4688487934707144 -0.4688487934707144 -0.46884879347071421
-1.0 -0.4688487934707144 -0.46884879347071421
-0.4688487934707144 -1.0 -0.46884879347071421
0.4688487934707144 -1.0 -0.46884879347071421
-1.0 0.4688487934707144 -0.46884879347071421
-0.4688487934707144 0.4688487934707144 -0.46884879347071421
0.1088646525710102 -0.3647692565366892 -0.46884879347071421
-0.744095396034321 -0.3647692565366892 -0.46884879347071421
-0.3647692565366892 -0.744095396034321 -0.46884879347071421
0.1088646525710102 -0.744095396034321 -0.46884879347071421
-0.744095396034321 0.1088646525710102 -0.46884879347071421
-0.3647692565366892 0.1088646525710102 -0.46884879347071421
-0.3333333333333333 -0.3333333333333333 0.0
-1.0 1.0 0.0
1.0 -1.0 0.0
-1.0 -1.0 0.0
-0.7695164961934418 0.5390329923868836 0.0
0.5390329923868836 -0.7695164961934418 0.0
-0.7695164961934418 -0.7695164961934418 0.0
0.0 -1.0 0.0
-1.0 0.0 0.0
0.0 0.0 0.0
0.8302238962785673 -0.8302238962785673 0.0
-1.0 -0.8302238962785673 0.0
-0.8302238962785673 -1.0 0.0
0.8302238962785673 -1.0 0.0
-1.0 0.8302238962785673 0.0
-0.8302238962785673 0.8302238962785673 0.0
0.4688487934707144 -0.4688487934707144 0.0
-1.0 -0.4688487934707144 0.0
-0.4688487934707144 -1.0 0.0
0.4688487934707144 -1.0 0.0
-1.0 0.4688487934707144 0.0
-0.4688487934707144 0.4688487934707144 0.0
0.1088646525710102 -0.3647692565366892 0.0
-0.744095396034321 -0.3647692565366892 0.0
-0.3647692565366892 -0.744095396034321 0.0
0.1088646525710102 -0.744095396034321 0.0
-0.744095396034321 0.1088646525710102 0.0
-0.3647692565366892 0.1088646525710102 0.0
-0.3333333333333333 -0.3333333333333333 0.46884879347071421
-1.0 1.0 0.46884879347071421
1.0 -1.0 0.46884879347071421
-1.0 -1.0 0.46884879347071421
-0.7695164961934418 0.5390329923868836 0.46884879347071421
0.5390329923868836 -0.7695164961934418 0.46884879347071421
-0.7695164961934418 -0.7695164961934418 0.46884879347071421
0.0 -1.0 0.46884879347071421
-1.0 0.0 0.46884879347071421
0.0 0.0 0.46884879347071421
0.8302238962785673 -0.8302238962785673 0.46884879347071421
-1.0 -0.8302238962785673 0.46884879347071421
-0.8302238962785673 -1.0 0.46884879347071421
0.8302238962785673 -1.0 0.46884879347071421
-1.0 0.8302238962785673 0.46884879347071421
-0.8302238962785673 0.8302238962785673 0.46884879347071421
0.4688487934707144 -0.4688487934707144 0.46884879347071421
-1.0 -0.4688487934707144 0.46884879347071421
-0.4688487934707144 -1.0 0.46884879347071421
0.4688487934707144 -1.0 0.46884879347071421
-1.0 0.4688487934707144 0.46884879347071421
-0.4688487934707144 0.4688487934707144 0.46884879347071421
0.1088646525710102 -0.3647692565366892 0.46884879347071421
-0.744095396034321 -0.3647692565366892 0.46884879347071421
-0.3647692565366892 -0.744095396034321 0.46884879347071421
0.1088646525710102 -0.744095396034321 0.46884879347071421
-0.744095396034321 0.1088646525710102 0.46884879347071421
-0.3647692565366892 0.1088646525710102 0.46884879347071421
-0.3333333333333333 -0.3333333333333333 0.83022389627856693
-1.0 1.0 0.83022389627856693
1.0 -1.0 0.83022389627856693
-1.0 -1.0 0.83022389627856693
-0.7695164961934418 0.5390329923868836 0.83022389627856693
0.5390329923868836 -0.7695164961934418 0.83022389627856693
-0.7695164961934418 -0.7695164961934418 0.83022389627856693
0.0 -1.0 0.83022389627856693
-1.0 0.0 0.83022389627856693
0.0 0.0 0.83022389627856693
0.8302238962785673 -0.8302238962785673 0.83022389627856693
-1.0 -0.8302238962785673 0.83022389627856693
-0.8302238962785673 -1.0 0.83022389627856693
0.8302238962785673 -1.0 0.83022389627856693
-1.0 0.8302238962785673 0.83022389627856693
-0.8302238962785673 0.8302238962785673 0.83022389627856693
0.4688487934707144 -0.4688487934707144 0.83022389627856693
-1.0 -0.4688487934707144 0.83022389627856693
-0.4688487934707144 -1.0 0.83022389627856693
0.4688487934707144 -1.0 0.83022389627856693
-1.0 0.4688487934707144 0.83022389627856693
-0.4688487934707144 0.4688487934707144 0.83022389627856693
0.1088646525710102 -0.3647692565366892 0.83022389627856693
-0.744095396034321 -0.3647692565366892 0.83022389627856693
-0.3647692565366892 -0.744095396034321 0.83022389627856693
0.1088646525710102 -0.744095396034321 0.83022389627856693
-0.744095396034321 0.1088646525710102 0.83022389627856693
-0.3647692565366892 0.1088646525710102 0.83022389627856693
-0.3333333333333333 -0.3333333333333333 1.0
-1.0 1.0 1.0
1.0 -1.0 1.0
-1.0 -1.0 1.0
-0.7695164961934418 0.5390329923868836 1.0
0.5390329923868836 -0.7695164961934418 1.0
-0.7695164961934418 -0.7695164961934418 1.0
0.0 -1.0 1.0
-1.0 0.0 1.0
0.0 0.0 1.0
0.8302238962785673 -0.8302238962785673 1.0
-1.0 -0.8302238962785673 1.0
-0.8302238962785673 -1.0 1.0
0.8302238962785673 -1.0 1.0
-1.0 0.8302238962785673 1.0
-0.8302238962785673 0.8302238962785673 1.0
0.4688487934707144 -0.4688487934707144 1.0
-1.0 -0.4688487934707144 1.0
-0.4688487934707144 -1.0 1.0
0.4688487934707144 -1.0 1.0
-1.0 0.4688487934707144 1.0
-0.4688487934707144 0.4688487934707144 1.0
0.1088646525710102 -0.3647692565366892 1.0
-0.744095396034321 -0.3647692565366892 1.0
-0.3647692565366892 -0.744095396034321 1.0
0.1088646525710102 -0.744095396034321 1.0
-0.744095396034321 0.1088646525710102 1.0
-0.3647692565366892 0.1088646525710102 1.0
