-0.943774095634672 0.887548191269344 -1.0 0.0013812499595384
0.887548191269344 -0.943774095634672 -1.0 0.0013812499595384
-0.943774095634672 -0.943774095634672 -1.0 0.0013812499595384
-0.645721803061366 0.291443606122732 -1.0 0.010052651243565067
0.291443606122732 -0.645721803061366 -1.0 0.010052651243565067
-0.645721803061366 -0.645721803061366 -1.0 0.010052651243565067
-0.188982808265134 -0.622034383469732 -1.0 0.0130063736497656
-0.622034383469732 -0.188982808265134 -1.0 0.0130063736497656
-0.188982808265134 -0.188982808265134 -1.0 0.0130063736497656
0.635801960056998 -0.702868375458226 -1.0 0.0038625692496630667
-0.932933584598772 -0.702868375458226 -1.0 0.0038625692496630667
-0.702868375458226 -0.932933584598772 -1.0 0.0038625692496630667
0.635801960056998 -0.932933584598772 -1.0 0.0038625692496630667
-0.932933584598772 0.635801960056998 -1.0 0.0038625692496630667
-0.702868375458226 0.635801960056998 -1.0 0.0038625692496630667
0.209957823550266 -0.285607402768638 -1.0 0.0061395155461246667
-0.924350420781628 -0.285607402768638 -1.0 0.0061395155461246667
-0.285607402768638 -0.924350420781628 -1.0 0.0061395155461246667
0.209957823550266 -0.924350420781628 -1.0 0.0061395155461246667
-0.924350420781628 0.209957823550266 -1.0 0.0061395155461246667
-0.285607402768638 0.209957823550266 -1.0 0.0061395155461246667
-0.943774095634672 0.887548191269344 -0.76505532392946469 0.0078415277710904827
0.887548191269344 -0.943774095634672 -0.76505532392946469 0.0078415277710904827
-0.943774095634672 -0.943774095634672 -0.76505532392946469 0.0078415277710904827
-0.645721803061366 0.291443606122732 -0.76505532392946469 0.057070151101286786
0.291443606122732 -0.645721803061366 -0.76505532392946469 0.057070151101286786
-0.645721803061366 -0.645721803061366 -0.76505532392946469 0.057070151101286786
-0.188982808265134 -0.622034383469732 -0.76505532392946469 0.07383880048032756
-0.622034383469732 -0.188982808265134 -0.76505532392946469 0.07383880048032756
-0.188982808265134 -0.188982808265134 -0.76505532392946469 0.07383880048032756
0.635801960056998 -0.702868375458226 -0.76505532392946469 0.021928285919454551
-0.932933584598772 -0.702868375458226 -0.76505532392946469 0.021928285919454551
-0.702868375458226 -0.932933584598772 -0.76505532392946469 0.021928285919454551
0.635801960056998 -0.932933584598772 -0.76505532392946469 0.021928285919454551
-0.932933584598772 0.635801960056998 -0.76505532392946469 0.021928285919454551
-0.702868375458226 0.635801960056998 -0.76505532392946469 0.021928285919454551
0.209957823550266 -0.285607402768638 -0.76505532392946469 0.03485479317014228
-0.924350420781628 -0.285607402768638 -0.76505532392946469 0.03485479317014228
-0.285607402768638 -0.924350420781628 -0.76505532392946469 0.03485479317014228
0.209957823550266 -0.924350420781628 -0.76505532392946469 0.03485479317014228
-0.924350420781628 0.209957823550266 -0.76505532392946469 0.03485479317014228
-0.285607402768638 0.209957823550266 -0.76505532392946469 0.03485479317014228
-0.943774095634672 0.887548191269344 -0.2852315164806451 0.011495971662447117
0.887548191269344 -0.943774095634672 -0.2852315164806451 0.011495971662447117
-0.943774095634672 -0.943774095634672 -0.2852315164806451 0.011495971662447117
-0.645721803061366 0.291443606122732 -0.2852315164806451 0.083666966308624148
0.291443606122732 -0.645721803061366 -0.2852315164806451 0.083666966308624148
-0.645721803061366 -0.645721803061366 -0.2852315164806451 0.083666966308624148
-0.188982808265134 -0.622034383469732 -0.2852315164806451 0.10825043061639084
-0.622034383469732 -0.188982808265134 -0.2852315164806451 0.10825043061639084
-0.188982808265134 -0.188982808265134 -0.2852315164806451 0.10825043061639084
0.635801960056998 -0.702868375458226 -0.2852315164806451 0.032147683575828382
-0.932933584598772 -0.702868375458226 -0.2852315164806451 0.032147683575828382
-0.702868375458226 -0.932933584598772 -0.2852315164806451 0.032147683575828382
0.635801960056998 -0.932933584598772 -0.2852315164806451 0.032147683575828382
-0.932933584598772 0.635801960056998 -0.2852315164806451 0.032147683575828382
-0.702868375458226 0.635801960056998 -0.2852315164806451 0.032147683575828382
0.209957823550266 -0.285607402768638 -0.2852315164806451 0.051098424475603053
-0.924350420781628 -0.285607402768638 -0.2852315164806451 0.051098424475603053
-0.285607402768638 -0.924350420781628 -0.2852315164806451 0.051098424475603053
0.209957823550266 -0.924350420781628 -0.2852315164806451 0.051098424475603053
-0.924350420781628 0.209957823550266 -0.2852315164806451 0.051098424475603053
-0.285607402768638 0.209957823550266 -0.2852315164806451 0.051098424475603053
-0.943774095634672 0.887548191269344 0.2852315164806451 0.011495971662447117
0.887548191269344 -0.943774095634672 0.2852315164806451 0.011495971662447117
-0.943774095634672 -0.943774095634672 0.2852315164806451 0.011495971662447117
-0.645721803061366 0.291443606122732 0.2852315164806451 0.083666966308624148
0.291443606122732 -0.645721803061366 0.2852315164806451 0.083666966308624148
-0.645721803061366 -0.645721803061366 0.2852315164806451 0.083666966308624148
-0.188982808265134 -0.622034383469732 0.2852315164806451 0.10825043061639084
-0.622034383469732 -0.188982808265134 0.2852315164806451 0.10825043061639084
-0.188982808265134 -0.188982808265134 0.2852315164806451 0.10825043061639084
0.635801960056998 -0.702868375458226 0.2852315164806451 0.032147683575828382
-0.932933584598772 -0.702868375458226 0.2852315164806451 0.032147683575828382
-0.702868375458226 -0.932933584598772 0.2852315164806451 0.032147683575828382
0.635801960056998 -0.932933584598772 0.2852315164806451 0.032147683575828382
-0.932933584598772 0.635801960056998 0.2852315164806451 0.032147683575828382
-0.702868375458226 0.635801960056998 0.2852315164806451 0.032147683575828382
0.209957823550266 -0.285607402768638 0.2852315164806451 0.051098424475603053
-0.924350420781628 -0.285607402768638 0.2852315164806451 0.051098424475603053
-0.285607402768638 -0.924350420781628 0.2852315164806451 0.051098424475603053
0.209957823550266 -0.924350420781628 0.2852315164806451 0.051098424475603053
-0.924350420781628 0.209957823550266 0.2852315164806451 0.051098424475603053
-0.285607402768638 0.209957823550266 0.2852315164806451 0.051098424475603053
-0.943774095634672 0.887548191269344 0.76505532392946469 0.0078415277710904827
0.887548191269344 -0.943774095634672 0.76505532392946469 0.0078415277710904827
-0.943774095634672 -0.943774095634672 0.76505532392946469 0.0078415277710904827
-0.645721803061366 0.291443606122732 0.76505532392946469 0.057070151101286786
0.291443606122732 -0.645721803061366 0.76505532392946469 0.057070151101286786
-0.645721803061366 -0.645721803061366 0.76505532392946469 0.057070151101286786
-0.188982808265134 -0.622034383469732 0.76505532392946469 0.07383880048032756
-0.622034383469732 -0.188982808265134 0.76505532392946469 0.07383880048032756
-0.188982808265134 -0.188982808265134 0.76505532392946469 0.07383880048032756
0.635801960056998 -0.702868375458226 0.76505532392946469 0.021928285919454551
-0.932933584598772 -0.702868375458226 0.76505532392946469 0.021928285919454551
-0.702868375458226 -0.932933584598772 0.76505532392946469 0.021928285919454551
0.635801960056998 -0.932933584598772 0.76505532392946469 0.021928285919454551
-0.932933584598772 0.635801960056998 0.76505532392946469 0.021928285919454551
-0.702868375458226 0.635801960056998 0.76505532392946469 0.021928285919454551
0.209957823550266 -0.285607402768638 0.76505532392946469 0.03485479317014228
-0.924350420781628 -0.285607402768638 0.76505532392946469 0.03485479317014228
-0.285607402768638 -0.924350420781628 0.76505532392946469 0.03485479317014228
0.209957823550266 -0.924350420781628 0.76505532392946469 0.03485479317014228
-0.924350420781628 0.209957823550266 0.76505532392946469 0.03485479317014228
-0.285607402768638 0.209957823550266 0.76505532392946469 0.03485479317014228
-0.943774095634672 0.887548191269344 1.0 0.0013812499595384
0.887548191269344 -0.943774095634672 1.0 0.0013812499595384
-0.943774095634672 -0.943774095634672 1.0 0.0013812499595384
-0.645721803061366 0.291443606122732 1.0 0.010052651243565067
0.291443606122732 -0.645721803061366 1.0 0.010052651243565067
-0.645721803061366 -0.645721803061366 1.0 0.010052651243565067
-0.188982808265134 -0.622034383469732 1.0 0.0130063736497656
-0.622034383469732 -0.188982808265134 1.0 0.0130063736497656
-0.188982808265134 -0.188982808265134 1.0 0.0130063736497656
0.635801960056998 -0.702868375458226 1.0 0.0038625692496630667
-0.932933584598772 -0.702868375458226 1.0 0.0038625692496630667
-0.702868375458226 -0.932933584598772 1.0 0.0038625692496630667
0.635801960056998 -0.932933584598772 1.0 0.0038625692496630667
-0.932933584598772 0.635801960056998 1.0 0.0038625692496630667
-0.702868375458226 0.635801960056998 1.0 0.0038625692496630667
0.209957823550266 -0.285607402768638 1.0 0.0061395155461246667
-0.924350420781628 -0.285607402768638 1.0 0.0061395155461246667
-0.285607402768638 -0.924350420781628 1.0 0.0061395155461246667
0.209957823550266 -0.924350420781628 1.0 0.0061395155461246667
-0.924350420781628 0.209957823550266 1.0 0.0061395155461246667
-0.285607402768638 0.209957823550266 1.0 0.0061395155461246667
