-0.895845867331362 0.791691734662724 -1.0 0.00073477644836144444
0.791691734662724 -0.895845867331362 -1.0 0.00073477644836144444
-0.895845867331362 -0.895845867331362 -1.0 0.00073477644836144444
-0.772586942778008 0.545173885556016 -1.0 0.00096532303548227778
0.545173885556016 -0.772586942778008 -1.0 0.00096532303548227778
-0.772586942778008 -0.772586942778008 -1.0 0.00096532303548227778
-0.565662308452164 0.131324616904328 -1.0 0.0026262821268792222
0.131324616904328 -0.565662308452164 -1.0 0.0026262821268792222
-0.565662308452164 -0.565662308452164 -1.0 0.0026262821268792222
-0.227854451277354 -0.544291097445292 -1.0 0.0029445678039454444
-0.544291097445292 -0.227854451277354 -1.0 0.0029445678039454444
-0.227854451277354 -0.227854451277354 -1.0 0.0029445678039454444
-0.02014813417346 -0.95970373165308 -1.0 0.0010523656646616111
-0.95970373165308 -0.02014813417346 -1.0 0.0010523656646616111
-0.02014813417346 -0.02014813417346 -1.0 0.0010523656646616111
0.669376181231556 -0.703503756777164 -1.0 0.00066321017185894444
-0.965872424454392 -0.703503756777164 -1.0 0.00066321017185894444
-0.703503756777164 -0.965872424454392 -1.0 0.00066321017185894444
0.669376181231556 -0.965872424454392 -1.0 0.00066321017185894444
-0.965872424454392 0.669376181231556 -1.0 0.00066321017185894444
-0.703503756777164 0.669376181231556 -1.0 0.00066321017185894444
0.414495985308496 -0.57957674232286 -1.0 0.0013721067523686111
-0.834919242985636 -0.57957674232286 -1.0 0.0013721067523686111
-0.57957674232286 -0.834919242985636 -1.0 0.0013721067523686111
0.414495985308496 -0.834919242985636 -1.0 0.0013721067523686111
-0.834919242985636 0.414495985308496 -1.0 0.0013721067523686111
-0.57957674232286 0.414495985308496 -1.0 0.0013721067523686111
0.925803833285858 -0.92588151521622 -1.0 0.00012182686855061111
-0.999922318069638 -0.92588151521622 -1.0 0.00012182686855061111
-0.92588151521622 -0.999922318069638 -1.0 0.00012182686855061111
0.925803833285858 -0.999922318069638 -1.0 0.00012182686855061111
-0.999922318069638 0.925803833285858 -1.0 0.00012182686855061111
-0.92588151521622 0.925803833285858 -1.0 0.00012182686855061111
0.348012222825796 -0.38207975901364 -1.0 0.00085763995277516667
-0.965932463812156 -0.38207975901364 -1.0 0.00085763995277516667
-0.38207975901364 -0.965932463812156 -1.0 0.00085763995277516667
0.348012222825796 -0.965932463812156 -1.0 0.00085763995277516667
-0.965932463812156 0.348012222825796 -1.0 0.00085763995277516667
-0.38207975901364 0.348012222825796 -1.0 0.00085763995277516667
0.08389791764566 -0.279351646321358 -1.0 0.0020828179740409444
-0.804546271324302 -0.279351646321358 -1.0 0.0020828179740409444
-0.279351646321358 -0.804546271324302 -1.0 0.0020828179740409444
0.08389791764566 -0.804546271324302 -1.0 0.0020828179740409444
-0.804546271324302 0.08389791764566 -1.0 0.0020828179740409444
-0.279351646321358 0.08389791764566 -1.0 0.0020828179740409444
-0.895845867331362 0.791691734662724 -0.89975799541146016 0.0043776753835659048
0.791691734662724 -0.895845867331362 -0.89975799541146016 0.0043776753835659048
-0.895845867331362 -0.895845867331362 -0.89975799541146016 0.0043776753835659048
-0.772586942778008 0.545173885556016 -0.89975799541146016 0.005751233452084099
0.545173885556016 -0.772586942778008 -0.89975799541146016 0.005751233452084099
-0.772586942778008 -0.772586942778008 -0.89975799541146016 0.005751233452084099
-0.565662308452164 0.131324616904328 -0.89975799541146016 0.015646950365348096
0.131324616904328 -0.565662308452164 -0.89975799541146016 0.015646950365348096
-0.565662308452164 -0.565662308452164 -0.89975799541146016 0.015646950365348096
-0.227854451277354 -0.544291097445292 -0.89975799541146016 0.017543243280753304
-0.544291097445292 -0.227854451277354 -0.89975799541146016 0.017543243280753304
-0.227854451277354 -0.227854451277354 -0.89975799541146016 0.017543243280753304
-0.02014813417346 -0.95970373165308 -0.89975799541146016 0.0062698189020246271
-0.95970373165308 -0.02014813417346 -0.89975799541146016 0.0062698189020246271
-0.02014813417346 -0.02014813417346 -0.89975799541146016 0.0062698189020246271
0.669376181231556 -0.703503756777164 -0.89975799541146016 0.0039512954585735993
-0.965872424454392 -0.703503756777164 -0.89975799541146016 0.0039512954585735993
-0.703503756777164 -0.965872424454392 -0.89975799541146016 0.0039512954585735993
0.669376181231556 -0.965872424454392 -0.89975799541146016 0.0039512954585735993
-0.965872424454392 0.669376181231556 -0.89975799541146016 0.0039512954585735993
-0.703503756777164 0.669376181231556 -0.89975799541146016 0.0039512954585735993
0.414495985308496 -0.57957674232286 -0.89975799541146016 0.0081747829109975741
-0.834919242985636 -0.57957674232286 -0.89975799541146016 0.0081747829109975741
-0.57957674232286 -0.834919242985636 -0.89975799541146016 0.0081747829109975741
0.414495985308496 -0.834919242985636 -0.89975799541146016 0.0081747829109975741
-0.834919242985636 0.414495985308496 -0.89975799541146016 0.0081747829109975741
-0.57957674232286 0.414495985308496 -0.89975799541146016 0.0081747829109975741
0.925803833285858 -0.92588151521622 -0.89975799541146016 0.00072582413970974809
-0.999922318069638 -0.92588151521622 -0.89975799541146016 0.00072582413970974809
-0.92588151521622 -0.999922318069638 -0.89975799541146016 0.00072582413970974809
0.925803833285858 -0.999922318069638 -0.89975799541146016 0.00072582413970974809
-0.999922318069638 0.925803833285858 -0.89975799541146016 0.00072582413970974809
-0.92588151521622 0.925803833285858 -0.89975799541146016 0.00072582413970974809
0.348012222825796 -0.38207975901364 -0.89975799541146016 0.0051096756266466618
-0.965932463812156 -0.38207975901364 -0.89975799541146016 0.0051096756266466618
-0.38207975901364 -0.965932463812156 -0.89975799541146016 0.0051096756266466618
0.348012222825796 -0.965932463812156 -0.89975799541146016 0.0051096756266466618
-0.965932463812156 0.348012222825796 -0.89975799541146016 0.0051096756266466618
-0.38207975901364 0.348012222825796 -0.89975799541146016 0.0051096756266466618
0.08389791764566 -0.279351646321358 -0.89975799541146016 0.01240908169245302
-0.804546271324302 -0.279351646321358 -0.89975799541146016 0.01240908169245302
-0.279351646321358 -0.804546271324302 -0.89975799541146016 0.01240908169245302
0.08389791764566 -0.804546271324302 -0.89975799541146016 0.01240908169245302
-0.804546271324302 0.08389791764566 -0.89975799541146016 0.01240908169245302
-0.279351646321358 0.08389791764566 -0.89975799541146016 0.01240908169245302
-0.895845867331362 0.791691734662724 -0.67718627951073775 0.0072620848839093311
0.791691734662724 -0.895845867331362 -0.67718627951073775 0.0072620848839093311
-0.895845867331362 -0.895845867331362 -0.67718627951073775 0.0072620848839093311
-0.772586942778008 0.545173885556016 -0.67718627951073775 0.0095406675590898894
0.545173885556016 -0.772586942778008 -0.67718627951073775 0.0095406675590898894
-0.772586942778008 -0.772586942778008 -0.67718627951073775 0.0095406675590898894
-0.565662308452164 0.131324616904328 -0.67718627951073775 0.025956580095921891
0.131324616904328 -0.565662308452164 -0.67718627951073775 0.025956580095921891
-0.565662308452164 -0.565662308452164 -0.67718627951073775 0.025956580095921891
-0.227854451277354 -0.544291097445292 -0.67718627951073775 0.029102322735525995
-0.544291097445292 -0.227854451277354 -0.67718627951073775 0.029102322735525995
-0.227854451277354 -0.227854451277354 -0.67718627951073775 0.029102322735525995
-0.02014813417346 -0.95970373165308 -0.67718627951073775 0.010400944127600724
-0.95970373165308 -0.02014813417346 -0.67718627951073775 0.010400944127600724
-0.02014813417346 -0.02014813417346 -0.67718627951073775 0.010400944127600724
0.669376181231556 -0.703503756777164 -0.67718627951073775 0.0065547672011699617
-0.965872424454392 -0.703503756777164 -0.67718627951073775 0.0065547672011699617
-0.703503756777164 -0.965872424454392 -0.67718627951073775 0.0065547672011699617
0.669376181231556 -0.965872424454392 -0.67718627951073775 0.0065547672011699617
-0.965872424454392 0.669376181231556 -0.67718627951073775 0.0065547672011699617
-0.703503756777164 0.669376181231556 -0.67718627951073775 0.0065547672011699617
0.414495985308496 -0.57957674232286 -0.67718627951073775 0.013561071163490043
-0.834919242985636 -0.57957674232286 -0.67718627951073775 0.013561071163490043
-0.57957674232286 -0.834919242985636 -0.67718627951073775 0.013561071163490043
0.414495985308496 -0.834919242985636 -0.67718627951073775 0.013561071163490043
-0.834919242985636 0.414495985308496 -0.67718627951073775 0.013561071163490043
-0.57957674232286 0.414495985308496 -0.67718627951073775 0.013561071163490043
0.925803833285858 -0.92588151521622 -0.67718627951073775 0.0012040628990332039
-0.999922318069638 -0.92588151521622 -0.67718627951073775 0.0012040628990332039
-0.92588151521622 -0.999922318069638 -0.67718627951073775 0.0012040628990332039
0.925803833285858 -0.999922318069638 -0.67718627951073775 0.0012040628990332039
-0.999922318069638 0.925803833285858 -0.67718627951073775 0.0012040628990332039
-0.92588151521622 0.925803833285858 -0.67718627951073775 0.0012040628990332039
0.348012222825796 -0.38207975901364 -0.67718627951073775 0.0084763932632493757
-0.965932463812156 -0.38207975901364 -0.67718627951073775 0.0084763932632493757
-0.38207975901364 -0.965932463812156 -0.67718627951073775 0.0084763932632493757
0.348012222825796 -0.965932463812156 -0.67718627951073775 0.0084763932632493757
-0.965932463812156 0.348012222825796 -0.67718627951073775 0.0084763932632493757
-0.38207975901364 0.348012222825796 -0.67718627951073775 0.0084763932632493757
0.08389791764566 -0.279351646321358 -0.67718627951073775 0.020585309938754262
-0.804546271324302 -0.279351646321358 -0.67718627951073775 0.020585309938754262
-0.279351646321358 -0.804546271324302 -0.67718627951073775 0.020585309938754262
0.08389791764566 -0.804546271324302 -0.67718627951073775 0.020585309938754262
-0.804546271324302 0.08389791764566 -0.67718627951073775 0.020585309938754262
-0.279351646321358 0.08389791764566 -0.67718627951073775 0.020585309938754262
-0.895845867331362 0.791691734662724 -0.36311746382617816 0.0091637103925410724
0.791691734662724 -0.895845867331362 -0.36311746382617816 0.0091637103925410724
-0.895845867331362 -0.895845867331362 -0.36311746382617816 0.0091637103925410724
-0.772586942778008 0.545173885556016 -0.36311746382617816 0.01203895518444384
0.545173885556016 -0.772586942778008 -0.36311746382617816 0.01203895518444384
-0.772586942778008 -0.772586942778008 -0.36311746382617816 0.01203895518444384
-0.565662308452164 0.131324616904328 -0.36311746382617816 0.032753484237956189
0.131324616904328 -0.565662308452164 -0.36311746382617816 0.032753484237956189
-0.565662308452164 -0.565662308452164 -0.36311746382617816 0.032753484237956189
-0.227854451277354 -0.544291097445292 -0.36311746382617816 0.036722960632079762
-0.544291097445292 -0.227854451277354 -0.36311746382617816 0.036722960632079762
-0.227854451277354 -0.227854451277354 -0.36311746382617816 0.036722960632079762
-0.02014813417346 -0.95970373165308 -0.36311746382617816 0.013124500927483758
-0.95970373165308 -0.02014813417346 -0.36311746382617816 0.013124500927483758
-0.02014813417346 -0.02014813417346 -0.36311746382617816 0.013124500927483758
0.669376181231556 -0.703503756777164 -0.36311746382617816 0.0082711768427738024
-0.965872424454392 -0.703503756777164 -0.36311746382617816 0.0082711768427738024
-0.703503756777164 -0.965872424454392 -0.36311746382617816 0.0082711768427738024
0.669376181231556 -0.965872424454392 -0.36311746382617816 0.0082711768427738024
-0.965872424454392 0.669376181231556 -0.36311746382617816 0.0082711768427738024
-0.703503756777164 0.669376181231556 -0.36311746382617816 0.0082711768427738024
0.414495985308496 -0.57957674232286 -0.36311746382617816 0.017112128368288334
-0.834919242985636 -0.57957674232286 -0.36311746382617816 0.017112128368288334
-0.57957674232286 -0.834919242985636 -0.36311746382617816 0.017112128368288334
0.414495985308496 -0.834919242985636 -0.36311746382617816 0.017112128368288334
-0.834919242985636 0.414495985308496 -0.36311746382617816 0.017112128368288334
-0.57957674232286 0.414495985308496 -0.36311746382617816 0.017112128368288334
0.925803833285858 -0.92588151521622 -0.36311746382617816 0.0015193548240659012
-0.999922318069638 -0.92588151521622 -0.36311746382617816 0.0015193548240659012
-0.92588151521622 -0.999922318069638 -0.36311746382617816 0.0015193548240659012
0.925803833285858 -0.999922318069638 -0.36311746382617816 0.0015193548240659012
-0.999922318069638 0.925803833285858 -0.36311746382617816 0.0015193548240659012
-0.92588151521622 0.925803833285858 -0.36311746382617816 0.0015193548240659012
0.348012222825796 -0.38207975901364 -0.36311746382617816 0.010695993544472212
-0.965932463812156 -0.38207975901364 -0.36311746382617816 0.010695993544472212
-0.38207975901364 -0.965932463812156 -0.36311746382617816 0.010695993544472212
0.348012222825796 -0.965932463812156 -0.36311746382617816 0.010695993544472212
-0.965932463812156 0.348012222825796 -0.36311746382617816 0.010695993544472212
-0.38207975901364 0.348012222825796 -0.36311746382617816 0.010695993544472212
0.08389791764566 -0.279351646321358 -0.36311746382617816 0.025975711057496453
-0.804546271324302 -0.279351646321358 -0.36311746382617816 0.025975711057496453
-0.279351646321358 -0.804546271324302 -0.36311746382617816 0.025975711057496453
0.08389791764566 -0.804546271324302 -0.36311746382617816 0.025975711057496453
-0.804546271324302 0.08389791764566 -0.36311746382617816 0.025975711057496453
-0.279351646321358 0.08389791764566 -0.36311746382617816 0.025975711057496453
-0.895845867331362 0.791691734662724 0.0 0.0098274100652684945
0.791691734662724 -0.895845867331362 0.0 0.0098274100652684945
-0.895845867331362 -0.895845867331362 0.0 0.0098274100652684945
-0.772586942778008 0.545173885556016 0.0 0.012910900092523787
0.545173885556016 -0.772586942778008 0.0 0.012910900092523787
-0.772586942778008 -0.772586942778008 0.0 0.012910900092523787
-0.565662308452164 0.131324616904328 0.0 0.035125719483093206
0.131324616904328 -0.565662308452164 0.0 0.035125719483093206
-0.565662308452164 -0.565662308452164 0.0 0.035125719483093206
-0.227854451277354 -0.544291097445292 0.0 0.039382692979462989
-0.544291097445292 -0.227854451277354 0.0 0.039382692979462989
-0.227854451277354 -0.227854451277354 0.0 0.039382692979462989
-0.02014813417346 -0.95970373165308 0.0 0.01407506861209456
-0.95970373165308 -0.02014813417346 0.0 0.01407506861209456
-0.02014813417346 -0.02014813417346 0.0 0.01407506861209456
0.669376181231556 -0.703503756777164 0.0 0.0088702330250913843
-0.965872424454392 -0.703503756777164 0.0 0.0088702330250913843
-0.703503756777164 -0.965872424454392 0.0 0.0088702330250913843
0.669376181231556 -0.965872424454392 0.0 0.0088702330250913843
-0.965872424454392 0.669376181231556 0.0 0.0088702330250913843
-0.703503756777164 0.669376181231556 0.0 0.0088702330250913843
0.414495985308496 -0.57957674232286 0.0 0.018351507780250877
-0.834919242985636 -0.57957674232286 0.0 0.018351507780250877
-0.57957674232286 -0.834919242985636 0.0 0.018351507780250877
0.414495985308496 -0.834919242985636 0.0 0.018351507780250877
-0.834919242985636 0.414495985308496 0.0 0.018351507780250877
-0.57957674232286 0.414495985308496 0.0 0.018351507780250877
0.925803833285858 -0.92588151521622 0.0 0.0016293970729250714
-0.999922318069638 -0.92588151521622 0.0 0.0016293970729250714
-0.92588151521622 -0.999922318069638 0.0 0.0016293970729250714
0.925803833285858 -0.999922318069638 0.0 0.0016293970729250714
-0.999922318069638 0.925803833285858 0.0 0.0016293970729250714
-0.92588151521622 0.925803833285858 0.0 0.0016293970729250714
0.348012222825796 -0.38207975901364 0.0 0.011470671825525168
-0.965932463812156 -0.38207975901364 0.0 0.011470671825525168
-0.38207975901364 -0.965932463812156 0.0 0.011470671825525168
0.348012222825796 -0.965932463812156 0.0 0.011470671825525168
-0.965932463812156 0.348012222825796 0.0 0.011470671825525168
-0.38207975901364 0.348012222825796 0.0 0.011470671825525168
0.08389791764566 -0.279351646321358 0.0 0.02785705280545864
-0.804546271324302 -0.279351646321358 0.0 0.02785705280545864
-0.279351646321358 -0.804546271324302 0.0 0.02785705280545864
0.08389791764566 -0.804546271324302 0.0 0.02785705280545864
-0.804546271324302 0.08389791764566 0.0 0.02785705280545864
-0.279351646321358 0.08389791764566 0.0 0.02785705280545864
-0.895845867331362 0.791691734662724 0.36311746382617816 0.0091637103925410724
0.791691734662724 -0.895845867331362 0.36311746382617816 0.0091637103925410724
-0.895845867331362 -0.895845867331362 0.36311746382617816 0.0091637103925410724
-0.772586942778008 0.545173885556016 0.36311746382617816 0.01203895518444384
0.545173885556016 -0.772586942778008 0.36311746382617816 0.01203895518444384
-0.772586942778008 -0.772586942778008 0.36311746382617816 0.01203895518444384
-0.565662308452164 0.131324616904328 0.36311746382617816 0.032753484237956189
0.131324616904328 -0.565662308452164 0.36311746382617816 0.032753484237956189
-0.565662308452164 -0.565662308452164 0.36311746382617816 0.032753484237956189
-0.227854451277354 -0.544291097445292 0.36311746382617816 0.036722960632079762
-0.544291097445292 -0.227854451277354 0.36311746382617816 0.036722960632079762
-0.227854451277354 -0.227854451277354 0.36311746382617816 0.036722960632079762
-0.02014813417346 -0.95970373165308 0.36311746382617816 0.013124500927483758
-0.95970373165308 -0.02014813417346 0.36311746382617816 0.013124500927483758
-0.02014813417346 -0.02014813417346 0.36311746382617816 0.013124500927483758
0.669376181231556 -0.703503756777164 0.36311746382617816 0.0082711768427738024
-0.965872424454392 -0.703503756777164 0.36311746382617816 0.0082711768427738024
-0.703503756777164 -0.965872424454392 0.36311746382617816 0.0082711768427738024
0.669376181231556 -0.965872424454392 0.36311746382617816 0.0082711768427738024
-0.965872424454392 0.669376181231556 0.36311746382617816 0.0082711768427738024
-0.703503756777164 0.669376181231556 0.36311746382617816 0.0082711768427738024
0.414495985308496 -0.57957674232286 0.36311746382617816 0.017112128368288334
-0.834919242985636 -0.57957674232286 0.36311746382617816 0.017112128368288334
-0.57957674232286 -0.834919242985636 0.36311746382617816 0.017112128368288334
0.414495985308496 -0.834919242985636 0.36311746382617816 0.017112128368288334
-0.834919242985636 0.414495985308496 0.36311746382617816 0.017112128368288334
-0.57957674232286 0.414495985308496 0.36311746382617816 0.017112128368288334
0.925803833285858 -0.92588151521622 0.36311746382617816 0.0015193548240659012
-0.999922318069638 -0.92588151521622 0.36311746382617816 0.0015193548240659012
-0.92588151521622 -0.999922318069638 0.36311746382617816 0.0015193548240659012
0.925803833285858 -0.999922318069638 0.36311746382617816 0.0015193548240659012
-0.999922318069638 0.925803833285858 0.36311746382617816 0.0015193548240659012
-0.92588151521622 0.925803833285858 0.36311746382617816 0.0015193548240659012
0.348012222825796 -0.38207975901364 0.36311746382617816 0.010695993544472212
-0.965932463812156 -0.38207975901364 0.36311746382617816 0.010695993544472212
-0.38207975901364 -0.965932463812156 0.36311746382617816 0.010695993544472212
0.348012222825796 -0.965932463812156 0.36311746382617816 0.010695993544472212
-0.965932463812156 0.348012222825796 0.36311746382617816 0.010695993544472212
-0.38207975901364 0.348012222825796 0.36311746382617816 0.010695993544472212
0.08389791764566 -0.279351646321358 0.36311746382617816 0.025975711057496453
-0.804546271324302 -0.279351646321358 0.36311746382617816 0.025975711057496453
-0.279351646321358 -0.804546271324302 0.36311746382617816 0.025975711057496453
0.08389791764566 -0.804546271324302 0.36311746382617816 0.025975711057496453
-0.804546271324302 0.08389791764566 0.36311746382617816 0.025975711057496453
-0.279351646321358 0.08389791764566 0.36311746382617816 0.025975711057496453
-0.895845867331362 0.791691734662724 0.67718627951073775 0.0072620848839093311
0.791691734662724 -0.895845867331362 0.67718627951073775 0.0072620848839093311
-0.895845867331362 -0.895845867331362 0.67718627951073775 0.0072620848839093311
-0.772586942778008 0.545173885556016 0.67718627951073775 0.0095406675590898894
0.545173885556016 -0.772586942778008 0.67718627951073775 0.0095406675590898894
-0.772586942778008 -0.772586942778008 0.67718627951073775 0.0095406675590898894
-0.565662308452164 0.131324616904328 0.67718627951073775 0.025956580095921891
0.131324616904328 -0.565662308452164 0.67718627951073775 0.025956580095921891
-0.565662308452164 -0.565662308452164 0.67718627951073775 0.025956580095921891
-0.227854451277354 -0.544291097445292 0.67718627951073775 0.029102322735525995
-0.544291097445292 -0.227854451277354 0.67718627951073775 0.029102322735525995
-0.227854451277354 -0.227854451277354 0.67718627951073775 0.029102322735525995
-0.02014813417346 -0.95970373165308 0.67718627951073775 0.010400944127600724
-0.95970373165308 -0.02014813417346 0.67718627951073775 0.010400944127600724
-0.02014813417346 -0.02014813417346 0.67718627951073775 0.010400944127600724
0.669376181231556 -0.703503756777164 0.67718627951073775 0.0065547672011699617
-0.965872424454392 -0.703503756777164 0.67718627951073775 0.0065547672011699617
-0.703503756777164 -0.965872424454392 0.67718627951073775 0.0065547672011699617
0.669376181231556 -0.965872424454392 0.67718627951073775 0.0065547672011699617
-0.965872424454392 0.669376181231556 0.67718627951073775 0.0065547672011699617
-0.703503756777164 0.669376181231556 0.67718627951073775 0.0065547672011699617
0.414495985308496 -0.57957674232286 0.67718627951073775 0.013561071163490043
-0.834919242985636 -0.57957674232286 0.67718627951073775 0.013561071163490043
-0.57957674232286 -0.834919242985636 0.67718627951073775 0.013561071163490043
0.414495985308496 -0.834919242985636 0.67718627951073775 0.013561071163490043
-0.834919242985636 0.414495985308496 0.67718627951073775 0.013561071163490043
-0.57957674232286 0.414495985308496 0.67718627951073775 0.013561071163490043
0.925803833285858 -0.92588151521622 0.67718627951073775 0.0012040628990332039
-0.999922318069638 -0.92588151521622 0.67718627951073775 0.0012040628990332039
-0.92588151521622 -0.999922318069638 0.67718627951073775 0.0012040628990332039
0.925803833285858 -0.999922318069638 0.67718627951073775 0.0012040628990332039
-0.999922318069638 0.925803833285858 0.67718627951073775 0.0012040628990332039
-0.92588151521622 0.925803833285858 0.67718627951073775 0.0012040628990332039
0.348012222825796 -0.38207975901364 0.67718627951073775 0.0084763932632493757
-0.965932463812156 -0.38207975901364 0.67718627951073775 0.0084763932632493757
-0.38207975901364 -0.965932463812156 0.67718627951073775 0.0084763932632493757
0.348012222825796 -0.965932463812156 0.67718627951073775 0.0084763932632493757
-0.965932463812156 0.348012222825796 0.67718627951073775 0.0084763932632493757
-0.38207975901364 0.348012222825796 0.67718627951073775 0.0084763932632493757
0.08389791764566 -0.279351646321358 0.67718627951073775 0.020585309938754262
-0.804546271324302 -0.279351646321358 0.67718627951073775 0.020585309938754262
-0.279351646321358 -0.804546271324302 0.67718627951073775 0.020585309938754262
0.08389791764566 -0.804546271324302 0.67718627951073775 0.020585309938754262
-0.804546271324302 0.08389791764566 0.67718627951073775 0.020585309938754262
-0.279351646321358 0.08389791764566 0.67718627951073775 0.020585309938754262
-0.895845867331362 0.791691734662724 0.89975799541146016 0.0043776753835659048
0.791691734662724 -0.895845867331362 0.89975799541146016 0.0043776753835659048
-0.895845867331362 -0.895845867331362 0.89975799541146016 0.0043776753835659048
-0.772586942778008 0.545173885556016 0.89975799541146016 0.005751233452084099
0.545173885556016 -0.772586942778008 0.89975799541146016 0.005751233452084099
-0.772586942778008 -0.772586942778008 0.89975799541146016 0.005751233452084099
-0.565662308452164 0.131324616904328 0.89975799541146016 0.015646950365348096
0.131324616904328 -0.565662308452164 0.89975799541146016 0.015646950365348096
-0.565662308452164 -0.565662308452164 0.89975799541146016 0.015646950365348096
-0.227854451277354 -0.544291097445292 0.89975799541146016 0.017543243280753304
-0.544291097445292 -0.227854451277354 0.89975799541146016 0.017543243280753304
-0.227854451277354 -0.227854451277354 0.89975799541146016 0.017543243280753304
-0.02014813417346 -0.95970373165308 0.89975799541146016 0.0062698189020246271
-0.95970373165308 -0.02014813417346 0.89975799541146016 0.0062698189020246271
-0.02014813417346 -0.02014813417346 0.89975799541146016 0.0062698189020246271
0.669376181231556 -0.703503756777164 0.89975799541146016 0.0039512954585735993
-0.965872424454392 -0.703503756777164 0.89975799541146016 0.0039512954585735993
-0.703503756777164 -0.965872424454392 0.89975799541146016 0.0039512954585735993
0.669376181231556 -0.965872424454392 0.89975799541146016 0.0039512954585735993
-0.965872424454392 0.669376181231556 0.89975799541146016 0.0039512954585735993
-0.703503756777164 0.669376181231556 0.89975799541146016 0.0039512954585735993
0.414495985308496 -0.57957674232286 0.89975799541146016 0.0081747829109975741
-0.834919242985636 -0.57957674232286 0.89975799541146016 0.0081747829109975741
-0.57957674232286 -0.834919242985636 0.89975799541146016 0.0081747829109975741
0.414495985308496 -0.834919242985636 0.89975799541146016 0.0081747829109975741
-0.834919242985636 0.414495985308496 0.89975799541146016 0.0081747829109975741
-0.57957674232286 0.414495985308496 0.89975799541146016 0.0081747829109975741
0.925803833285858 -0.92588151521622 0.89975799541146016 0.00072582413970974809
-0.999922318069638 -0.92588151521622 0.89975799541146016 0.00072582413970974809
-0.92588151521622 -0.999922318069638 0.89975799541146016 0.00072582413970974809
0.925803833285858 -0.999922318069638 0.89975799541146016 0.00072582413970974809
-0.999922318069638 0.925803833285858 0.89975799541146016 0.00072582413970974809
-0.92588151521622 0.925803833285858 0.89975799541146016 0.00072582413970974809
0.348012222825796 -0.38207975901364 0.89975799541146016 0.0051096756266466618
-0.965932463812156 -0.38207975901364 0.89975799541146016 0.0051096756266466618
-0.38207975901364 -0.965932463812156 0.89975799541146016 0.0051096756266466618
0.348012222825796 -0.965932463812156 0.89975799541146016 0.0051096756266466618
-0.965932463812156 0.348012222825796 0.89975799541146016 0.0051096756266466618
-0.38207975901364 0.348012222825796 0.89975799541146016 0.0051096756266466618
0.08389791764566 -0.279351646321358 0.89975799541146016 0.01240908169245302
-0.804546271324302 -0.279351646321358 0.89975799541146016 0.01240908169245302
-0.279351646321358 -0.804546271324302 0.89975799541146016 0.01240908169245302
0.08389791764566 -0.804546271324302 0.89975799541146016 0.01240908169245302
-0.804546271324302 0.08389791764566 0.89975799541146016 0.01240908169245302
-0.279351646321358 0.08389791764566 0.89975799541146016 0.01240908169245302
-0.895845867331362 0.791691734662724 1.0 0.00073477644836144444
0.791691734662724 -0.895845867331362 1.0 0.00073477644836144444
-0.895845867331362 -0.895845867331362 1.0 0.00073477644836144444
-0.772586942778008 0.545173885556016 1.0 0.00096532303548227778
0.545173885556016 -0.772586942778008 1.0 0.00096532303548227778
-0.772586942778008 -0.772586942778008 1.0 0.00096532303548227778
-0.565662308452164 0.131324616904328 1.0 0.0026262821268792222
0.131324616904328 -0.565662308452164 1.0 0.0026262821268792222
-0.565662308452164 -0.565662308452164 1.0 0.0026262821268792222
-0.227854451277354 -0.544291097445292 1.0 0.0029445678039454444
-0.544291097445292 -0.227854451277354 1.0 0.0029445678039454444
-0.227854451277354 -0.227854451277354 1.0 0.0029445678039454444
-0.02014813417346 -0.95970373165308 1.0 0.0010523656646616111
-0.95970373165308 -0.02014813417346 1.0 0.0010523656646616111
-0.02014813417346 -0.02014813417346 1.0 0.0010523656646616111
0.669376181231556 -0.703503756777164 1.0 0.00066321017185894444
-0.965872424454392 -0.703503756777164 1.0 0.00066321017185894444
-0.703503756777164 -0.965872424454392 1.0 0.00066321017185894444
0.669376181231556 -0.965872424454392 1.0 0.00066321017185894444
-0.965872424454392 0.669376181231556 1.0 0.00066321017185894444
-0.703503756777164 0.669376181231556 1.0 0.00066321017185894444
0.414495985308496 -0.57957674232286 1.0 0.0013721067523686111
-0.834919242985636 -0.57957674232286 1.0 0.0013721067523686111
-0.57957674232286 -0.834919242985636 1.0 0.0013721067523686111
0.414495985308496 -0.834919242985636 1.0 0.0013721067523686111
-0.834919242985636 0.414495985308496 1.0 0.0013721067523686111
-0.57957674232286 0.414495985308496 1.0 0.0013721067523686111
0.925803833285858 -0.92588151521622 1.0 0.00012182686855061111
-0.999922318069638 -0.92588151521622 1.0 0.00012182686855061111
-0.92588151521622 -0.999922318069638 1.0 0.00012182686855061111
0.925803833285858 -0.999922318069638 1.0 0.00012182686855061111
-0.999922318069638 0.925803833285858 1.0 0.00012182686855061111
-0.92588151521622 0.925803833285858 1.0 0.00012182686855061111
0.348012222825796 -0.38207975901364 1.0 0.00085763995277516667
-0.965932463812156 -0.38207975901364 1.0 0.00085763995277516667
-0.38207975901364 -0.965932463812156 1.0 0.00085763995277516667
0.348012222825796 -0.965932463812156 1.0 0.00085763995277516667
-0.965932463812156 0.348012222825796 1.0 0.00085763995277516667
-0.38207975901364 0.348012222825796 1.0 0.00085763995277516667
0.08389791764566 -0.279351646321358 1.0 0.0020828179740409444
-0.804546271324302 -0.279351646321358 1.0 0.0020828179740409444
-0.279351646321358 -0.804546271324302 1.0 0.0020828179740409444
0.08389791764566 -0.804546271324302 1.0 0.0020828179740409444
-0.804546271324302 0.08389791764566 1.0 0.0020828179740409444
-0.279351646321358 0.08389791764566 1.0 0.0020828179740409444
