-0.333333333333333 -0.333333333333333 -0.86113631159405258 0.14021541016536177
-0.888871894660414 0.777743789320828 -0.86113631159405258 0.029188856952223541
0.777743789320828 -0.888871894660414 -0.86113631159405258 0.029188856952223541
-0.888871894660414 -0.888871894660414 -0.86113631159405258 0.029188856952223541
0.268421495491446 -0.408932576528214 -0.86113631159405258 0.077987951542145771
-0.859488918963232 -0.408932576528214 -0.86113631159405258 0.077987951542145771
-0.408932576528214 -0.859488918963232 -0.86113631159405258 0.077987951542145771
0.268421495491446 -0.859488918963232 -0.86113631159405258 0.077987951542145771
-0.859488918963232 0.268421495491446 -0.86113631159405258 0.077987951542145771
-0.408932576528214 0.268421495491446 -0.86113631159405258 0.077987951542145771
-0.333333333333333 -0.333333333333333 -0.33998104358485626 0.26287056700409823
-0.888871894660414 0.777743789320828 -0.33998104358485626 0.054722169041074459
0.777743789320828 -0.888871894660414 -0.33998104358485626 0.054722169041074459
-0.888871894660414 -0.888871894660414 -0.33998104358485626 0.054722169041074459
0.268421495491446 -0.408932576528214 -0.33998104358485626 0.14620887259962823
-0.859488918963232 -0.408932576528214 -0.33998104358485626 0.14620887259962823
-0.408932576528214 -0.859488918963232 -0.33998104358485626 0.14620887259962823
0.268421495491446 -0.859488918963232 -0.33998104358485626 0.14620887259962823
-0.859488918963232 0.268421495491446 -0.33998104358485626 0.14620887259962823
-0.408932576528214 0.268421495491446 -0.33998104358485626 0.14620887259962823
-0.333333333333333 -0.333333333333333 0.33998104358485626 0.26287056700409823
-0.888871894660414 0.777743789320828 0.33998104358485626 0.054722169041074459
0.777743789320828 -0.888871894660414 0.33998104358485626 0.054722169041074459
-0.888871894660414 -0.888871894660414 0.33998104358485626 0.054722169041074459
0.268421495491446 -0.408932576528214 0.33998104358485626 0.14620887259962823
-0.859488918963232 -0.408932576528214 0.33998104358485626 0.14620887259962823
-0.408932576528214 -0.859488918963232 0.33998104358485626 0.14620887259962823
0.268421495491446 -0.859488918963232 0.33998104358485626 0.14620887259962823
-0.859488918963232 0.268421495491446 0.33998104358485626 0.14620887259962823
-0.408932576528214 0.268421495491446 0.33998104358485626 0.14620887259962823
-0.333333333333333 -0.333333333333333 0.86113631159405258 0.14021541016536177
-0.888871894660414 0.777743789320828 0.86113631159405258 0.029188856952223541
0.777743789320828 -0.888871894660414 0.86113631159405258 0.029188856952223541
-0.888871894660414 -0.888871894660414 0.86113631159405258 0.029188856952223541
0.268421495491446 -0.408932576528214 0.86113631159405258 0.077987951542145771
-0.859488918963232 -0.408932576528214 0.86113631159405258 0.077987951542145771
-0.408932576528214 -0.859488918963232 0.86113631159405258 0.077987951542145771
0.268421495491446 -0.859488918963232 0.86113631159405258 0.077987951542145771
-0.859488918963232 0.268421495491446 0.86113631159405258 0.077987951542145771
-0.408932576528214 0.268421495491446 0.86113631159405258 0.077987951542145771
