-0.333333333333333 -0.333333333333333 -1.0 0.06718099619491
-0.888871894660414 0.777743789320828 -1.0 0.013985170998883
0.777743789320828 -0.888871894660414 -1.0 0.013985170998883
-0.888871894660414 -0.888871894660414 -1.0 0.013985170998883
0.268421495491446 -0.408932576528214 -1.0 0.037366137356962333
-0.859488918963232 -0.408932576528214 -1.0 0.037366137356962333
-0.408932576528214 -0.859488918963232 -1.0 0.037366137356962333
0.268421495491446 -0.859488918963232 -1.0 0.037366137356962333
-0.859488918963232 0.268421495491446 -1.0 0.037366137356962333
-0.408932576528214 0.268421495491446 -1.0 0.037366137356962333
-0.333333333333333 -0.333333333333333 -0.44721359549995794 0.33590498097455
-0.888871894660414 0.777743789320828 -0.44721359549995794 0.069925854994415
0.777743789320828 -0.888871894660414 -0.44721359549995794 0.069925854994415
-0.888871894660414 -0.888871894660414 -0.44721359549995794 0.069925854994415
0.268421495491446 -0.408932576528214 -0.44721359549995794 0.18683068678481167
-0.859488918963232 -0.408932576528214 -0.44721359549995794 0.18683068678481167
-0.408932576528214 -0.859488918963232 -0.44721359549995794 0.18683068678481167
0.268421495491446 -0.859488918963232 -0.44721359549995794 0.18683068678481167
-0.859488918963232 0.268421495491446 -0.44721359549995794 0.18683068678481167
-0.408932576528214 0.268421495491446 -0.44721359549995794 0.18683068678481167
-0.333333333333333 -0.333333333333333 0.44721359549995794 0.33590498097455
-0.888871894660414 0.777743789320828 0.44721359549995794 0.069925854994415
0.777743789320828 -0.888871894660414 0.44721359549995794 0.069925854994415
-0.888871894660414 -0.888871894660414 0.44721359549995794 0.069925854994415
0.268421495491446 -0.408932576528214 0.44721359549995794 0.18683068678481167
-0.859488918963232 -0.408932576528214 0.44721359549995794 0.18683068678481167
-0.408932576528214 -0.859488918963232 0.44721359549995794 0.18683068678481167
0.268421495491446 -0.859488918963232 0.44721359549995794 0.18683068678481167
-0.859488918963232 0.268421495491446 0.44721359549995794 0.18683068678481167
-0.408932576528214 0.268421495491446 0.44721359549995794 0.18683068678481167
-0.333333333333333 -0.333333333333333 1.0 0.06718099619491
-0.888871894660414 0.777743789320828 1.0 0.013985170998883
0.777743789320828 -0.888871894660414 1.0 0.013985170998883
-0.888871894660414 -0.888871894660414 1.0 0.013985170998883
0.268421495491446 -0.408932576528214 1.0 0.037366137356962333
-0.859488918963232 -0.408932576528214 1.0 0.037366137356962333
-0.408932576528214 -0.859488918963232 1.0 0.037366137356962333
0.268421495491446 -0.859488918963232 1.0 0.037366137356962333
-0.859488918963232 0.268421495491446 1.0 0.037366137356962333
-0.408932576528214 0.268421495491446 1.0 0.037366137356962333
