-0.81684757298044 0.63369514596088 -0.77459666924148338 0.12216860406148111
0.63369514596088 -0.81684757298044 -0.77459666924148338 0.12216860406148111
-0.81684757298044 -0.81684757298044 -0.77459666924148338 0.12216860406148111
-0.108103018168072 -0.783793963663856 -0.77459666924148338 0.24820176630888889
-0.783793963663856 -0.108103018168072 -0.77459666924148338 0.24820176630888889
-0.108103018168072 -0.108103018168072 -0.77459666924148338 0.24820176630888889
-0.81684757298044 0.63369514596088 0.0 0.19546976649836978
0.63369514596088 -0.81684757298044 0.0 0.19546976649836978
-0.81684757298044 -0.81684757298044 0.0 0.19546976649836978
-0.108103018168072 -0.783793963663856 0.0 0.39712282609422222
-0.783793963663856 -0.108103018168072 0.0 0.39712282609422222
-0.108103018168072 -0.108103018168072 0.0 0.39712282609422222
-0.81684757298044 0.63369514596088 0.77459666924148338 0.12216860406148111
0.63369514596088 -0.81684757298044 0.77459666924148338 0.12216860406148111
-0.81684757298044 -0.81684757298044 0.77459666924148338 0.12216860406148111
-0.108103018168072 -0.783793963663856 0.77459666924148338 0.24820176630888889
-0.783793963663856 -0.108103018168072 0.77459666924148338 0.24820176630888889
-0.108103018168072 -0.108103018168072 0.77459666924148338 0.24820176630888889
