-0.333333333333333 -0.333333333333333 -0.94910791234275852 0.02165201306036287
-0.960045625755614 0.920091251511228 -0.94910791234275852 0.0013653335808128306
0.920091251511228 -0.960045625755614 -0.94910791234275852 0.0013653335808128306
-0.960045625755614 -0.960045625755614 -0.94910791234275852 0.0013653335808128306
-0.736556464940004 0.473112929880008 -0.94910791234275852 0.011537870997338738
0.473112929880008 -0.736556464940004 -0.94910791234275852 0.011537870997338738
-0.736556464940004 -0.736556464940004 -0.94910791234275852 0.011537870997338738
-0.029729306413078 -0.940541387173844 -0.94910791234275852 0.0087572528568555835
-0.940541387173844 -0.029729306413078 -0.94910791234275852 0.0087572528568555835
-0.029729306413078 -0.029729306413078 -0.94910791234275852 0.0087572528568555835
0.7358224202359 -0.784096036307978 -0.94910791234275852 0.004068537110261862
-0.951726383927922 -0.784096036307978 -0.94910791234275852 0.004068537110261862
-0.784096036307978 -0.951726383927922 -0.94910791234275852 0.004068537110261862
0.7358224202359 -0.951726383927922 -0.94910791234275852 0.004068537110261862
-0.951726383927922 0.7358224202359 -0.94910791234275852 0.004068537110261862
-0.784096036307978 0.7358224202359 -0.94910791234275852 0.004068537110261862
0.401745140761446 -0.458318454156866 -0.94910791234275852 0.0073042822341678439
-0.94342668660458 -0.458318454156866 -0.94910791234275852 0.0073042822341678439
-0.458318454156866 -0.94342668660458 -0.94910791234275852 0.0073042822341678439
0.401745140761446 -0.94342668660458 -0.94910791234275852 0.0073042822341678439
-0.94342668660458 0.401745140761446 -0.94910791234275852 0.0073042822341678439
-0.458318454156866 0.401745140761446 -0.94910791234275852 0.0073042822341678439
0.073309368412276 -0.366900802310766 -0.94910791234275852 0.017349938484296224
-0.70640856610151 -0.366900802310766 -0.94910791234275852 0.017349938484296224
-0.366900802310766 -0.70640856610151 -0.94910791234275852 0.017349938484296224
0.073309368412276 -0.70640856610151 -0.94910791234275852 0.017349938484296224
-0.70640856610151 0.073309368412276 -0.94910791234275852 0.017349938484296224
-0.366900802310766 0.073309368412276 -0.94910791234275852 0.017349938484296224
-0.333333333333333 -0.333333333333333 -0.74153118559939444 0.046771335458986542
-0.960045625755614 0.920091251511228 -0.74153118559939444 0.0029493089046079671
0.920091251511228 -0.960045625755614 -0.74153118559939444 0.0029493089046079671
-0.960045625755614 -0.960045625755614 -0.74153118559939444 0.0029493089046079671
-0.736556464940004 0.473112929880008 -0.74153118559939444 0.024923393191875241
0.473112929880008 -0.736556464940004 -0.74153118559939444 0.024923393191875241
-0.736556464940004 -0.736556464940004 -0.74153118559939444 0.024923393191875241
-0.029729306413078 -0.940541387173844 -0.74153118559939444 0.018916874376774295
-0.940541387173844 -0.029729306413078 -0.74153118559939444 0.018916874376774295
-0.029729306413078 -0.029729306413078 -0.74153118559939444 0.018916874376774295
0.7358224202359 -0.784096036307978 -0.74153118559939444 0.0087886014792660644
-0.951726383927922 -0.784096036307978 -0.74153118559939444 0.0087886014792660644
-0.784096036307978 -0.951726383927922 -0.74153118559939444 0.0087886014792660644
0.7358224202359 -0.951726383927922 -0.74153118559939444 0.0087886014792660644
-0.951726383927922 0.7358224202359 -0.74153118559939444 0.0087886014792660644
-0.784096036307978 0.7358224202359 -0.74153118559939444 0.0087886014792660644
0.401745140761446 -0.458318454156866 -0.74153118559939444 0.015778257370756198
-0.94342668660458 -0.458318454156866 -0.74153118559939444 0.015778257370756198
-0.458318454156866 -0.94342668660458 -0.74153118559939444 0.015778257370756198
0.401745140761446 -0.94342668660458 -0.74153118559939444 0.015778257370756198
-0.94342668660458 0.401745140761446 -0.74153118559939444 0.015778257370756198
-0.458318454156866 0.401745140761446 -0.74153118559939444 0.015778257370756198
0.073309368412276 -0.366900802310766 -0.74153118559939444 0.037478260833276972
-0.70640856610151 -0.366900802310766 -0.74153118559939444 0.037478260833276972
-0.366900802310766 -0.70640856610151 -0.74153118559939444 0.037478260833276972
0.073309368412276 -0.70640856610151 -0.74153118559939444 0.037478260833276972
-0.70640856610151 0.073309368412276 -0.74153118559939444 0.037478260833276972
-0.366900802310766 0.073309368412276 -0.74153118559939444 0.037478260833276972
-0.333333333333333 -0.333333333333333 -0.40584515137739717 0.063848255785878757
-0.960045625755614 0.920091251511228 -0.40584515137739717 0.0040261460889459859
0.920091251511228 -0.960045625755614 -0.40584515137739717 0.0040261460889459859
-0.960045625755614 -0.960045625755614 -0.40584515137739717 0.0040261460889459859
-0.736556464940004 0.473112929880008 -0.40584515137739717 0.034023300124972757
0.473112929880008 -0.736556464940004 -0.40584515137739717 0.034023300124972757
-0.736556464940004 -0.736556464940004 -0.40584515137739717 0.034023300124972757
-0.029729306413078 -0.940541387173844 -0.40584515137739717 0.025823710655787039
-0.940541387173844 -0.029729306413078 -0.40584515137739717 0.025823710655787039
-0.029729306413078 -0.029729306413078 -0.40584515137739717 0.025823710655787039
0.7358224202359 -0.784096036307978 -0.40584515137739717 0.011997452493961587
-0.951726383927922 -0.784096036307978 -0.40584515137739717 0.011997452493961587
-0.784096036307978 -0.951726383927922 -0.40584515137739717 0.011997452493961587
0.7358224202359 -0.951726383927922 -0.40584515137739717 0.011997452493961587
-0.951726383927922 0.7358224202359 -0.40584515137739717 0.011997452493961587
-0.784096036307978 0.7358224202359 -0.40584515137739717 0.011997452493961587
0.401745140761446 -0.458318454156866 -0.40584515137739717 0.02153913722106274
-0.94342668660458 -0.458318454156866 -0.40584515137739717 0.02153913722106274
-0.458318454156866 -0.94342668660458 -0.40584515137739717 0.02153913722106274
0.401745140761446 -0.94342668660458 -0.40584515137739717 0.02153913722106274
-0.94342668660458 0.401745140761446 -0.40584515137739717 0.02153913722106274
-0.458318454156866 0.401745140761446 -0.40584515137739717 0.02153913722106274
0.073309368412276 -0.366900802310766 -0.40584515137739717 0.051162139387516225
-0.70640856610151 -0.366900802310766 -0.40584515137739717 0.051162139387516225
-0.366900802310766 -0.70640856610151 -0.40584515137739717 0.051162139387516225
0.073309368412276 -0.70640856610151 -0.40584515137739717 0.051162139387516225
-0.70640856610151 0.073309368412276 -0.40584515137739717 0.051162139387516225
-0.366900802310766 0.073309368412276 -0.40584515137739717 0.051162139387516225
-0.333333333333333 -0.333333333333333 0.0 0.069889640252091664
-0.960045625755614 0.920091251511228 0.0 0.0044071039732464327
0.920091251511228 -0.960045625755614 0.0 0.0044071039732464327
-0.960045625755614 -0.960045625755614 0.0 0.0044071039732464327
-0.736556464940004 0.473112929880008 0.0 0.037242618089642527
0.473112929880008 -0.736556464940004 0.0 0.037242618089642527
-0.736556464940004 -0.736556464940004 0.0 0.037242618089642527
-0.029729306413078 -0.940541387173844 0.0 0.028267175437958165
-0.940541387173844 -0.029729306413078 0.0 0.028267175437958165
-0.029729306413078 -0.029729306413078 0.0 0.028267175437958165
0.7358224202359 -0.784096036307978 0.0 0.013132663193752973
-0.951726383927922 -0.784096036307978 0.0 0.013132663193752973
-0.784096036307978 -0.951726383927922 0.0 0.013132663193752973
0.7358224202359 -0.951726383927922 0.0 0.013132663193752973
-0.951726383927922 0.7358224202359 0.0 0.013132663193752973
-0.784096036307978 0.7358224202359 0.0 0.013132663193752973
0.401745140761446 -0.458318454156866 0.0 0.023577191470490436
-0.94342668660458 -0.458318454156866 0.0 0.023577191470490436
-0.458318454156866 -0.94342668660458 0.0 0.023577191470490436
0.401745140761446 -0.94342668660458 0.0 0.023577191470490436
-0.94342668660458 0.401745140761446 0.0 0.023577191470490436
-0.458318454156866 0.401745140761446 0.0 0.023577191470490436
0.073309368412276 -0.366900802310766 0.0 0.056003151101141159
-0.70640856610151 -0.366900802310766 0.0 0.056003151101141159
-0.366900802310766 -0.70640856610151 0.0 0.056003151101141159
0.073309368412276 -0.70640856610151 0.0 0.056003151101141159
-0.70640856610151 0.073309368412276 0.0 0.056003151101141159
-0.366900802310766 0.073309368412276 0.0 0.056003151101141159
-0.333333333333333 -0.333333333333333 0.40584515137739717 0.063848255785878757
-0.960045625755614 0.920091251511228 0.40584515137739717 0.0040261460889459859
0.920091251511228 -0.960045625755614 0.40584515137739717 0.0040261460889459859
-0.960045625755614 -0.960045625755614 0.40584515137739717 0.0040261460889459859
-0.736556464940004 0.473112929880008 0.40584515137739717 0.034023300124972757
0.473112929880008 -0.736556464940004 0.40584515137739717 0.034023300124972757
-0.736556464940004 -0.736556464940004 0.40584515137739717 0.034023300124972757
-0.029729306413078 -0.940541387173844 0.40584515137739717 0.025823710655787039
-0.940541387173844 -0.029729306413078 0.40584515137739717 0.025823710655787039
-0.029729306413078 -0.029729306413078 0.40584515137739717 0.025823710655787039
0.7358224202359 -0.784096036307978 0.40584515137739717 0.011997452493961587
-0.951726383927922 -0.784096036307978 0.40584515137739717 0.011997452493961587
-0.784096036307978 -0.951726383927922 0.40584515137739717 0.011997452493961587
0.7358224202359 -0.951726383927922 0.40584515137739717 0.011997452493961587
-0.951726383927922 0.7358224202359 0.40584515137739717 0.011997452493961587
-0.784096036307978 0.7358224202359 0.40584515137739717 0.011997452493961587
0.401745140761446 -0.458318454156866 0.40584515137739717 0.02153913722106274
-0.94342668660458 -0.458318454156866 0.40584515137739717 0.02153913722106274
-0.458318454156866 -0.94342668660458 0.40584515137739717 0.02153913722106274
0.401745140761446 -0.94342668660458 0.40584515137739717 0.02153913722106274
-0.94342668660458 0.401745140761446 0.40584515137739717 0.02153913722106274
-0.458318454156866 0.401745140761446 0.40584515137739717 0.02153913722106274
0.073309368412276 -0.366900802310766 0.40584515137739717 0.051162139387516225
-0.70640856610151 -0.366900802310766 0.40584515137739717 0.051162139387516225
-0.366900802310766 -0.70640856610151 0.40584515137739717 0.051162139387516225
0.073309368412276 -0.70640856610151 0.40584515137739717 0.051162139387516225
-0.70640856610151 0.073309368412276 0.40584515137739717 0.051162139387516225
-0.366900802310766 0.073309368412276 0.40584515137739717 0.051162139387516225
-0.333333333333333 -0.333333333333333 0.74153118559939444 0.046771335458986542
-0.960045625755614 0.920091251511228 0.74153118559939444 0.0029493089046079671
0.920091251511228 -0.960045625755614 0.74153118559939444 0.0029493089046079671
-0.960045625755614 -0.960045625755614 0.74153118559939444 0.0029493089046079671
-0.736556464940004 0.473112929880008 0.74153118559939444 0.024923393191875241
0.473112929880008 -0.736556464940004 0.74153118559939444 0.024923393191875241
-0.736556464940004 -0.736556464940004 0.74153118559939444 0.024923393191875241
-0.029729306413078 -0.940541387173844 0.74153118559939444 0.018916874376774295
-0.940541387173844 -0.029729306413078 0.74153118559939444 0.018916874376774295
-0.029729306413078 -0.029729306413078 0.74153118559939444 0.018916874376774295
0.7358224202359 -0.784096036307978 0.74153118559939444 0.0087886014792660644
-0.951726383927922 -0.784096036307978 0.74153118559939444 0.0087886014792660644
-0.784096036307978 -0.951726383927922 0.74153118559939444 0.0087886014792660644
0.7358224202359 -0.951726383927922 0.74153118559939444 0.0087886014792660644
-0.951726383927922 0.7358224202359 0.74153118559939444 0.0087886014792660644
-0.784096036307978 0.7358224202359 0.74153118559939444 0.0087886014792660644
0.401745140761446 -0.458318454156866 0.74153118559939444 0.015778257370756198
-0.94342668660458 -0.458318454156866 0.74153118559939444 0.015778257370756198
-0.458318454156866 -0.94342668660458 0.74153118559939444 0.015778257370756198
0.401745140761446 -0.94342668660458 0.74153118559939444 0.015778257370756198
-0.94342668660458 0.401745140761446 0.74153118559939444 0.015778257370756198
-0.458318454156866 0.401745140761446 0.74153118559939444 0.015778257370756198
0.073309368412276 -0.366900802310766 0.74153118559939444 0.037478260833276972
-0.70640856610151 -0.366900802310766 0.74153118559939444 0.037478260833276972
-0.366900802310766 -0.70640856610151 0.74153118559939444 0.037478260833276972
0.073309368412276 -0.70640856610151 0.74153118559939444 0.037478260833276972
-0.70640856610151 0.073309368412276 0.74153118559939444 0.037478260833276972
-0.366900802310766 0.073309368412276 0.74153118559939444 0.037478260833276972
-0.333333333333333 -0.333333333333333 0.94910791234275852 0.02165201306036287
-0.960045625755614 0.920091251511228 0.94910791234275852 0.0013653335808128306
0.920091251511228 -0.960045625755614 0.94910791234275852 0.0013653335808128306
-0.960045625755614 -0.960045625755614 0.94910791234275852 0.0013653335808128306
-0.736556464940004 0.473112929880008 0.94910791234275852 0.011537870997338738
0.473112929880008 -0.736556464940004 0.94910791234275852 0.011537870997338738
-0.736556464940004 -0.736556464940004 0.94910791234275852 0.011537870997338738
-0.029729306413078 -0.940541387173844 0.94910791234275852 0.0087572528568555835
-0.940541387173844 -0.029729306413078 0.94910791234275852 0.0087572528568555835
-0.029729306413078 -0.029729306413078 0.94910791234275852 0.0087572528568555835
0.7358224202359 -0.784096036307978 0.94910791234275852 0.004068537110261862
-0.951726383927922 -0.784096036307978 0.94910791234275852 0.004068537110261862
-0.784096036307978 -0.951726383927922 0.94910791234275852 0.004068537110261862
0.7358224202359 -0.951726383927922 0.94910791234275852 0.004068537110261862
-0.951726383927922 0.7358224202359 0.94910791234275852 0.004068537110261862
-0.784096036307978 0.7358224202359 0.94910791234275852 0.004068537110261862
0.401745140761446 -0.458318454156866 0.94910791234275852 0.0073042822341678439
-0.94342668660458 -0.458318454156866 0.94910791234275852 0.0073042822341678439
-0.458318454156866 -0.94342668660458 0.94910791234275852 0.0073042822341678439
0.401745140761446 -0.94342668660458 0.94910791234275852 0.0073042822341678439
-0.94342668660458 0.401745140761446 0.94910791234275852 0.0073042822341678439
-0.458318454156866 0.401745140761446 0.94910791234275852 0.0073042822341678439
0.073309368412276 -0.366900802310766 0.94910791234275852 0.017349938484296224
-0.70640856610151 -0.366900802310766 0.94910791234275852 0.017349938484296224
-0.366900802310766 -0.70640856610151 0.94910791234275852 0.017349938484296224
0.073309368412276 -0.70640856610151 0.94910791234275852 0.017349938484296224
-0.70640856610151 0.073309368412276 0.94910791234275852 0.017349938484296224
-0.366900802310766 0.073309368412276 0.94910791234275852 0.017349938484296224
