-0.81684757298044 0.63369514596088 -1.0 0.073301162436888667
0.63369514596088 -0.81684757298044 -1.0 0.073301162436888667
-0.81684757298044 -0.81684757298044 -1.0 0.073301162436888667
-0.108103018168072 -0.783793963663856 -1.0 0.14892105978533333
-0.783793963663856 -0.108103018168072 -1.0 0.14892105978533333
-0.108103018168072 -0.108103018168072 -1.0 0.14892105978533333
-0.81684757298044 0.63369514596088 0.0 0.29320464974755467
0.63369514596088 -0.81684757298044 0.0 0.29320464974755467
-0.81684757298044 -0.81684757298044 0.0 0.29320464974755467
-0.108103018168072 -0.783793963663856 0.0 0.59568423914133333
-0.783793963663856 -0.108103018168072 0.0 0.59568423914133333
-0.108103018168072 -0.108103018168072 0.0 0.59568423914133333
-0.81684757298044 0.63369514596088 1.0 0.073301162436888667
0.63369514596088 -0.81684757298044 1.0 0.073301162436888667
-0.81684757298044 -0.81684757298044 1.0 0.073301162436888667
-0.108103018168072 -0.783793963663856 1.0 0.14892105978533333
-0.783793963663856 -0.108103018168072 1.0 0.14892105978533333
-0.108103018168072 -0.108103018168072 1.0 0.14892105978533333
