-0.928258244608532 0.856516489217064 -1.0 0.0035830910024606
0.856516489217064 -0.928258244608532 -1.0 0.0035830910024606
-0.928258244608532 -0.928258244608532 -1.0 0.0035830910024606
-0.516541208464066 0.033082416928132 -1.0 0.025542439176253
0.033082416928132 -0.516541208464066 -1.0 0.025542439176253
-0.516541208464066 -0.516541208464066 -1.0 0.025542439176253
-0.051382424445842 -0.897235151108316 -1.0 0.015241212477107
-0.897235151108316 -0.051382424445842 -1.0 0.015241212477107
-0.051382424445842 -0.051382424445842 -1.0 0.015241212477107
0.502367262212968 -0.5969922362364 -1.0 0.011149962005423
-0.905375025976568 -0.5969922362364 -1.0 0.011149962005423
-0.5969922362364 -0.905375025976568 -1.0 0.011149962005423
0.502367262212968 -0.905375025976568 -1.0 0.011149962005423
-0.905375025976568 0.502367262212968 -1.0 0.011149962005423
-0.5969922362364 0.502367262212968 -1.0 0.011149962005423
-0.928258244608532 0.856516489217064 -0.65465367070797714 0.019507939902285489
0.856516489217064 -0.928258244608532 -0.65465367070797714 0.019507939902285489
-0.928258244608532 -0.928258244608532 -0.65465367070797714 0.019507939902285489
-0.516541208464066 0.033082416928132 -0.65465367070797714 0.13906439107071078
0.033082416928132 -0.516541208464066 -0.65465367070797714 0.13906439107071078
-0.516541208464066 -0.516541208464066 -0.65465367070797714 0.13906439107071078
-0.051382424445842 -0.897235151108316 -0.65465367070797714 0.082979934597582556
-0.897235151108316 -0.051382424445842 -0.65465367070797714 0.082979934597582556
-0.051382424445842 -0.051382424445842 -0.65465367070797714 0.082979934597582556
0.502367262212968 -0.5969922362364 -0.65465367070797714 0.060705348696191889
-0.905375025976568 -0.5969922362364 -0.65465367070797714 0.060705348696191889
-0.5969922362364 -0.905375025976568 -0.65465367070797714 0.060705348696191889
0.502367262212968 -0.905375025976568 -0.65465367070797714 0.060705348696191889
-0.905375025976568 0.502367262212968 -0.65465367070797714 0.060705348696191889
-0.5969922362364 0.502367262212968 -0.65465367070797714 0.060705348696191889
-0.928258244608532 0.856516489217064 0.0 0.025479758239719822
0.856516489217064 -0.928258244608532 0.0 0.025479758239719822
-0.928258244608532 -0.928258244608532 0.0 0.025479758239719822
-0.516541208464066 0.033082416928132 0.0 0.18163512303113244
0.033082416928132 -0.516541208464066 0.0 0.18163512303113244
-0.516541208464066 -0.516541208464066 0.0 0.18163512303113244
-0.051382424445842 -0.897235151108316 0.0 0.10838195539276089
-0.897235151108316 -0.051382424445842 0.0 0.10838195539276089
-0.051382424445842 -0.051382424445842 0.0 0.10838195539276089
0.502367262212968 -0.5969922362364 0.0 0.079288618705230222
-0.905375025976568 -0.5969922362364 0.0 0.079288618705230222
-0.5969922362364 -0.905375025976568 0.0 0.079288618705230222
0.502367262212968 -0.905375025976568 0.0 0.079288618705230222
-0.905375025976568 0.502367262212968 0.0 0.079288618705230222
-0.5969922362364 0.502367262212968 0.0 0.079288618705230222
-0.928258244608532 0.856516489217064 0.65465367070797714 0.019507939902285489
0.856516489217064 -0.928258244608532 0.65465367070797714 0.019507939902285489
-0.928258244608532 -0.928258244608532 0.65465367070797714 0.019507939902285489
-0.516541208464066 0.033082416928132 0.65465367070797714 0.13906439107071078
0.033082416928132 -0.516541208464066 0.65465367070797714 0.13906439107071078
-0.516541208464066 -0.516541208464066 0.65465367070797714 0.13906439107071078
-0.051382424445842 -0.897235151108316 0.65465367070797714 0.082979934597582556
-0.897235151108316 -0.051382424445842 0.65465367070797714 0.082979934597582556
-0.051382424445842 -0.051382424445842 0.65465367070797714 0.082979934597582556
0.502367262212968 -0.5969922362364 0.65465367070797714 0.060705348696191889
-0.905375025976568 -0.5969922362364 0.65465367070797714 0.060705348696191889
-0.5969922362364 -0.905375025976568 0.65465367070797714 0.060705348696191889
0.502367262212968 -0.905375025976568 0.65465367070797714 0.060705348696191889
-0.905375025976568 0.502367262212968 0.65465367070797714 0.060705348696191889
-0.5969922362364 0.502367262212968 0.65465367070797714 0.060705348696191889
-0.928258244608532 0.856516489217064 1.0 0.0035830910024606
0.856516489217064 -0.928258244608532 1.0 0.0035830910024606
-0.928258244608532 -0.928258244608532 1.0 0.0035830910024606
-0.516541208464066 0.033082416928132 1.0 0.025542439176253
0.033082416928132 -0.516541208464066 1.0 0.025542439176253
-0.516541208464066 -0.516541208464066 1.0 0.025542439176253
-0.051382424445842 -0.897235151108316 1.0 0.015241212477107
-0.897235151108316 -0.051382424445842 1.0 0.015241212477107
-0.051382424445842 -0.051382424445842 1.0 0.015241212477107
0.502367262212968 -0.5969922362364 1.0 0.011149962005423
-0.905375025976568 -0.5969922362364 1.0 0.011149962005423
-0.5969922362364 -0.905375025976568 1.0 0.011149962005423
0.502367262212968 -0.905375025976568 1.0 0.011149962005423
-0.905375025976568 0.502367262212968 1.0 0.011149962005423
-0.5969922362364 0.502367262212968 1.0 0.011149962005423
