-0.95765715444107 0.91531430888214 -1.0 0.00040279455620785714
0.91531430888214 -0.95765715444107 -1.0 0.00040279455620785714
-0.95765715444107 -0.95765715444107 -1.0 0.00040279455620785714
-0.798831205208224 0.597662410416448 -1.0 0.0019392120137341429
0.597662410416448 -0.798831205208224 -1.0 0.0019392120137341429
-0.798831205208224 -0.798831205208224 -1.0 0.0019392120137341429
-0.457923384576136 -0.084153230847728 -1.0 0.0045072080380970714
-0.084153230847728 -0.457923384576136 -1.0 0.0045072080380970714
-0.457923384576136 -0.457923384576136 -1.0 0.0045072080380970714
-0.119617483192336 -0.760765033615328 -1.0 0.0036966282628499286
-0.760765033615328 -0.119617483192336 -1.0 0.0036966282628499286
-0.119617483192336 -0.119617483192336 -1.0 0.0036966282628499286
0.759959282854462 -0.963486641850504 -1.0 0.00070476811247471429
-0.796472641003958 -0.963486641850504 -1.0 0.00070476811247471429
-0.963486641850504 -0.796472641003958 -1.0 0.00070476811247471429
0.759959282854462 -0.796472641003958 -1.0 0.00070476811247471429
-0.796472641003958 0.759959282854462 -1.0 0.00070476811247471429
-0.963486641850504 0.759959282854462 -1.0 0.00070476811247471429
0.165124045727344 -0.211933456660026 -1.0 0.0015720146285819286
-0.953190589067318 -0.211933456660026 -1.0 0.0015720146285819286
-0.211933456660026 -0.953190589067318 -1.0 0.0015720146285819286
0.165124045727344 -0.953190589067318 -1.0 0.0015720146285819286
-0.953190589067318 0.165124045727344 -1.0 0.0015720146285819286
-0.211933456660026 0.165124045727344 -1.0 0.0015720146285819286
0.503061229085564 -0.547508938181542 -1.0 0.001188897862624
-0.955552290904022 -0.547508938181542 -1.0 0.001188897862624
-0.547508938181542 -0.955552290904022 -1.0 0.001188897862624
0.503061229085564 -0.955552290904022 -1.0 0.001188897862624
-0.955552290904022 0.503061229085564 -1.0 0.001188897862624
-0.547508938181542 0.503061229085564 -1.0 0.001188897862624
0.27147436652621 -0.501841544757336 -1.0 0.0031661598656367143
-0.769632821768874 -0.501841544757336 -1.0 0.0031661598656367143
-0.501841544757336 -0.769632821768874 -1.0 0.0031661598656367143
0.27147436652621 -0.769632821768874 -1.0 0.0031661598656367143
-0.769632821768874 0.27147436652621 -1.0 0.0031661598656367143
-0.501841544757336 0.27147436652621 -1.0 0.0031661598656367143
-0.95765715444107 0.91531430888214 -0.87174014850960662 0.0023763744385748652
0.91531430888214 -0.95765715444107 -0.87174014850960662 0.0023763744385748652
-0.95765715444107 -0.95765715444107 -0.87174014850960662 0.0023763744385748652
-0.798831205208224 0.597662410416448 -0.87174014850960662 0.011440804721395129
0.597662410416448 -0.798831205208224 -0.87174014850960662 0.011440804721395129
-0.798831205208224 -0.798831205208224 -0.87174014850960662 0.011440804721395129
-0.457923384576136 -0.084153230847728 -0.87174014850960662 0.026591258014782764
-0.084153230847728 -0.457923384576136 -0.87174014850960662 0.026591258014782764
-0.457923384576136 -0.457923384576136 -0.87174014850960662 0.026591258014782764
-0.119617483192336 -0.760765033615328 -0.87174014850960662 0.021809065632497794
-0.760765033615328 -0.119617483192336 -0.87174014850960662 0.021809065632497794
-0.119617483192336 -0.119617483192336 -0.87174014850960662 0.021809065632497794
0.759959282854462 -0.963486641850504 -0.87174014850960662 0.0041579333727224219
-0.796472641003958 -0.963486641850504 -0.87174014850960662 0.0041579333727224219
-0.963486641850504 -0.796472641003958 -0.87174014850960662 0.0041579333727224219
0.759959282854462 -0.796472641003958 -0.87174014850960662 0.0041579333727224219
-0.796472641003958 0.759959282854462 -0.87174014850960662 0.0041579333727224219
-0.963486641850504 0.759959282854462 -0.87174014850960662 0.0041579333727224219
0.165124045727344 -0.211933456660026 -0.87174014850960662 0.0092744435664619469
-0.953190589067318 -0.211933456660026 -0.87174014850960662 0.0092744435664619469
-0.211933456660026 -0.953190589067318 -0.87174014850960662 0.0092744435664619469
0.165124045727344 -0.953190589067318 -0.87174014850960662 0.0092744435664619469
-0.953190589067318 0.165124045727344 -0.87174014850960662 0.0092744435664619469
-0.211933456660026 0.165124045727344 -0.87174014850960662 0.0092744435664619469
0.503061229085564 -0.547508938181542 -0.87174014850960662 0.0070141625483091718
-0.955552290904022 -0.547508938181542 -0.87174014850960662 0.0070141625483091718
-0.547508938181542 -0.955552290904022 -0.87174014850960662 0.0070141625483091718
0.503061229085564 -0.955552290904022 -0.87174014850960662 0.0070141625483091718
-0.955552290904022 0.503061229085564 -0.87174014850960662 0.0070141625483091718
-0.547508938181542 0.503061229085564 -0.87174014850960662 0.0070141625483091718
0.27147436652621 -0.501841544757336 -0.87174014850960662 0.018679451490049583
-0.769632821768874 -0.501841544757336 -0.87174014850960662 0.018679451490049583
-0.501841544757336 -0.769632821768874 -0.87174014850960662 0.018679451490049583
0.27147436652621 -0.769632821768874 -0.87174014850960662 0.018679451490049583
-0.769632821768874 0.27147436652621 -0.87174014850960662 0.018679451490049583
-0.501841544757336 0.27147436652621 -0.87174014850960662 0.018679451490049583
-0.95765715444107 0.91531430888214 -0.5917001814331423 0.0038472661788770291
0.91531430888214 -0.95765715444107 -0.5917001814331423 0.0038472661788770291
-0.95765715444107 -0.95765715444107 -0.5917001814331423 0.0038472661788770291
-0.798831205208224 0.597662410416448 -0.5917001814331423 0.018522258255797779
0.597662410416448 -0.798831205208224 -0.5917001814331423 0.018522258255797779
-0.798831205208224 -0.798831205208224 -0.5917001814331423 0.018522258255797779
-0.457923384576136 -0.084153230847728 -0.5917001814331423 0.043050306363091057
-0.084153230847728 -0.457923384576136 -0.5917001814331423 0.043050306363091057
-0.457923384576136 -0.457923384576136 -0.5917001814331423 0.043050306363091057
-0.119617483192336 -0.760765033615328 -0.5917001814331423 0.03530810601175164
-0.760765033615328 -0.119617483192336 -0.5917001814331423 0.03530810601175164
-0.119617483192336 -0.119617483192336 -0.5917001814331423 0.03530810601175164
0.759959282854462 -0.963486641850504 -0.5917001814331423 0.0067315470909089698
-0.796472641003958 -0.963486641850504 -0.5917001814331423 0.0067315470909089698
-0.963486641850504 -0.796472641003958 -0.5917001814331423 0.0067315470909089698
0.759959282854462 -0.796472641003958 -0.5917001814331423 0.0067315470909089698
-0.796472641003958 0.759959282854462 -0.5917001814331423 0.0067315470909089698
-0.963486641850504 0.759959282854462 -0.5917001814331423 0.0067315470909089698
0.165124045727344 -0.211933456660026 -0.5917001814331423 0.015014996156309059
-0.953190589067318 -0.211933456660026 -0.5917001814331423 0.015014996156309059
-0.211933456660026 -0.953190589067318 -0.5917001814331423 0.015014996156309059
0.165124045727344 -0.953190589067318 -0.5917001814331423 0.015014996156309059
-0.953190589067318 0.165124045727344 -0.5917001814331423 0.015014996156309059
-0.211933456660026 0.165124045727344 -0.5917001814331423 0.015014996156309059
0.503061229085564 -0.547508938181542 -0.5917001814331423 0.011355681119613106
-0.955552290904022 -0.547508938181542 -0.5917001814331423 0.011355681119613106
-0.547508938181542 -0.955552290904022 -0.5917001814331423 0.011355681119613106
0.503061229085564 -0.955552290904022 -0.5917001814331423 0.011355681119613106
-0.955552290904022 0.503061229085564 -0.5917001814331423 0.011355681119613106
-0.547508938181542 0.503061229085564 -0.5917001814331423 0.011355681119613106
0.27147436652621 -0.501841544757336 -0.5917001814331423 0.030241371389577779
-0.769632821768874 -0.501841544757336 -0.5917001814331423 0.030241371389577779
-0.501841544757336 -0.769632821768874 -0.5917001814331423 0.030241371389577779
0.27147436652621 -0.769632821768874 -0.5917001814331423 0.030241371389577779
-0.769632821768874 0.27147436652621 -0.5917001814331423 0.030241371389577779
-0.501841544757336 0.27147436652621 -0.5917001814331423 0.030241371389577779
-0.95765715444107 0.91531430888214 -0.20929921790247887 0.0046518124001602486
0.91531430888214 -0.95765715444107 -0.20929921790247887 0.0046518124001602486
-0.95765715444107 -0.95765715444107 -0.20929921790247887 0.0046518124001602486
-0.798831205208224 0.597662410416448 -0.20929921790247887 0.022395661393628949
0.597662410416448 -0.798831205208224 -0.20929921790247887 0.022395661393628949
-0.798831205208224 -0.798831205208224 -0.20929921790247887 0.022395661393628949
-0.457923384576136 -0.084153230847728 -0.20929921790247887 0.052053052650747108
-0.084153230847728 -0.457923384576136 -0.20929921790247887 0.052053052650747108
-0.457923384576136 -0.457923384576136 -0.20929921790247887 0.052053052650747108
-0.119617483192336 -0.760765033615328 -0.20929921790247887 0.042691791452698638
-0.760765033615328 -0.119617483192336 -0.20929921790247887 0.042691791452698638
-0.119617483192336 -0.119617483192336 -0.20929921790247887 0.042691791452698638
0.759959282854462 -0.963486641850504 -0.20929921790247887 0.008139258573185894
-0.796472641003958 -0.963486641850504 -0.20929921790247887 0.008139258573185894
-0.963486641850504 -0.796472641003958 -0.20929921790247887 0.008139258573185894
0.759959282854462 -0.796472641003958 -0.20929921790247887 0.008139258573185894
-0.796472641003958 0.759959282854462 -0.20929921790247887 0.008139258573185894
-0.963486641850504 0.759959282854462 -0.20929921790247887 0.008139258573185894
0.165124045727344 -0.211933456660026 -0.20929921790247887 0.018154955248941065
-0.953190589067318 -0.211933456660026 -0.20929921790247887 0.018154955248941065
-0.211933456660026 -0.953190589067318 -0.20929921790247887 0.018154955248941065
0.165124045727344 -0.953190589067318 -0.20929921790247887 0.018154955248941065
-0.953190589067318 0.165124045727344 -0.20929921790247887 0.018154955248941065
-0.211933456660026 0.165124045727344 -0.20929921790247887 0.018154955248941065
0.503061229085564 -0.547508938181542 -0.20929921790247887 0.013730398622925722
-0.955552290904022 -0.547508938181542 -0.20929921790247887 0.013730398622925722
-0.547508938181542 -0.955552290904022 -0.20929921790247887 0.013730398622925722
0.503061229085564 -0.955552290904022 -0.20929921790247887 0.013730398622925722
-0.955552290904022 0.503061229085564 -0.20929921790247887 0.013730398622925722
-0.547508938181542 0.503061229085564 -0.20929921790247887 0.013730398622925722
0.27147436652621 -0.501841544757336 -0.20929921790247887 0.036565493492563924
-0.769632821768874 -0.501841544757336 -0.20929921790247887 0.036565493492563924
-0.501841544757336 -0.769632821768874 -0.20929921790247887 0.036565493492563924
0.27147436652621 -0.769632821768874 -0.20929921790247887 0.036565493492563924
-0.769632821768874 0.27147436652621 -0.20929921790247887 0.036565493492563924
-0.501841544757336 0.27147436652621 -0.20929921790247887 0.036565493492563924
-0.95765715444107 0.91531430888214 0.20929921790247887 0.0046518124001602486
0.91531430888214 -0.95765715444107 0.20929921790247887 0.0046518124001602486
-0.95765715444107 -0.95765715444107 0.20929921790247887 0.0046518124001602486
-0.798831205208224 0.597662410416448 0.20929921790247887 0.022395661393628949
0.597662410416448 -0.798831205208224 0.20929921790247887 0.022395661393628949
-0.798831205208224 -0.798831205208224 0.20929921790247887 0.022395661393628949
-0.457923384576136 -0.084153230847728 0.20929921790247887 0.052053052650747108
-0.084153230847728 -0.457923384576136 0.20929921790247887 0.052053052650747108
-0.457923384576136 -0.457923384576136 0.20929921790247887 0.052053052650747108
-0.119617483192336 -0.760765033615328 0.20929921790247887 0.042691791452698638
-0.760765033615328 -0.119617483192336 0.20929921790247887 0.042691791452698638
-0.119617483192336 -0.119617483192336 0.20929921790247887 0.042691791452698638
0.759959282854462 -0.963486641850504 0.20929921790247887 0.008139258573185894
-0.796472641003958 -0.963486641850504 0.20929921790247887 0.008139258573185894
-0.963486641850504 -0.796472641003958 0.20929921790247887 0.008139258573185894
0.759959282854462 -0.796472641003958 0.20929921790247887 0.008139258573185894
-0.796472641003958 0.759959282854462 0.20929921790247887 0.008139258573185894
-0.963486641850504 0.759959282854462 0.20929921790247887 0.008139258573185894
0.165124045727344 -0.211933456660026 0.20929921790247887 0.018154955248941065
-0.953190589067318 -0.211933456660026 0.20929921790247887 0.018154955248941065
-0.211933456660026 -0.953190589067318 0.20929921790247887 0.018154955248941065
0.165124045727344 -0.953190589067318 0.20929921790247887 0.018154955248941065
-0.953190589067318 0.165124045727344 0.20929921790247887 0.018154955248941065
-0.211933456660026 0.165124045727344 0.20929921790247887 0.018154955248941065
0.503061229085564 -0.547508938181542 0.20929921790247887 0.013730398622925722
-0.955552290904022 -0.547508938181542 0.20929921790247887 0.013730398622925722
-0.547508938181542 -0.955552290904022 0.20929921790247887 0.013730398622925722
0.503061229085564 -0.955552290904022 0.20929921790247887 0.013730398622925722
-0.955552290904022 0.503061229085564 0.20929921790247887 0.013730398622925722
-0.547508938181542 0.503061229085564 0.20929921790247887 0.013730398622925722
0.27147436652621 -0.501841544757336 0.20929921790247887 0.036565493492563924
-0.769632821768874 -0.501841544757336 0.20929921790247887 0.036565493492563924
-0.501841544757336 -0.769632821768874 0.20929921790247887 0.036565493492563924
0.27147436652621 -0.769632821768874 0.20929921790247887 0.036565493492563924
-0.769632821768874 0.27147436652621 0.20929921790247887 0.036565493492563924
-0.501841544757336 0.27147436652621 0.20929921790247887 0.036565493492563924
-0.95765715444107 0.91531430888214 0.5917001814331423 0.0038472661788770291
0.91531430888214 -0.95765715444107 0.5917001814331423 0.0038472661788770291
-0.95765715444107 -0.95765715444107 0.5917001814331423 0.0038472661788770291
-0.798831205208224 0.597662410416448 0.5917001814331423 0.018522258255797779
0.597662410416448 -0.798831205208224 0.5917001814331423 0.018522258255797779
-0.798831205208224 -0.798831205208224 0.5917001814331423 0.018522258255797779
-0.457923384576136 -0.084153230847728 0.5917001814331423 0.043050306363091057
-0.084153230847728 -0.457923384576136 0.5917001814331423 0.043050306363091057
-0.457923384576136 -0.457923384576136 0.5917001814331423 0.043050306363091057
-0.119617483192336 -0.760765033615328 0.5917001814331423 0.03530810601175164
-0.760765033615328 -0.119617483192336 0.5917001814331423 0.03530810601175164
-0.119617483192336 -0.119617483192336 0.5917001814331423 0.03530810601175164
0.759959282854462 -0.963486641850504 0.5917001814331423 0.0067315470909089698
-0.796472641003958 -0.963486641850504 0.5917001814331423 0.0067315470909089698
-0.963486641850504 -0.796472641003958 0.5917001814331423 0.0067315470909089698
0.759959282854462 -0.796472641003958 0.5917001814331423 0.0067315470909089698
-0.796472641003958 0.759959282854462 0.5917001814331423 0.0067315470909089698
-0.963486641850504 0.759959282854462 0.5917001814331423 0.0067315470909089698
0.165124045727344 -0.211933456660026 0.5917001814331423 0.015014996156309059
-0.953190589067318 -0.211933456660026 0.5917001814331423 0.015014996156309059
-0.211933456660026 -0.953190589067318 0.5917001814331423 0.015014996156309059
0.165124045727344 -0.953190589067318 0.5917001814331423 0.015014996156309059
-0.953190589067318 0.165124045727344 0.5917001814331423 0.015014996156309059
-0.211933456660026 0.165124045727344 0.5917001814331423 0.015014996156309059
0.503061229085564 -0.547508938181542 0.5917001814331423 0.011355681119613106
-0.955552290904022 -0.547508938181542 0.5917001814331423 0.011355681119613106
-0.547508938181542 -0.955552290904022 0.5917001814331423 0.011355681119613106
0.503061229085564 -0.955552290904022 0.5917001814331423 0.011355681119613106
-0.955552290904022 0.503061229085564 0.5917001814331423 0.011355681119613106
-0.547508938181542 0.503061229085564 0.5917001814331423 0.011355681119613106
0.27147436652621 -0.501841544757336 0.5917001814331423 0.030241371389577779
-0.769632821768874 -0.501841544757336 0.5917001814331423 0.030241371389577779
-0.501841544757336 -0.769632821768874 0.5917001814331423 0.030241371389577779
0.27147436652621 -0.769632821768874 0.5917001814331423 0.030241371389577779
-0.769632821768874 0.27147436652621 0.5917001814331423 0.030241371389577779
-0.501841544757336 0.27147436652621 0.5917001814331423 0.030241371389577779
-0.95765715444107 0.91531430888214 0.87174014850960662 0.0023763744385748652
0.91531430888214 -0.95765715444107 0.87174014850960662 0.0023763744385748652
-0.95765715444107 -0.95765715444107 0.87174014850960662 0.0023763744385748652
-0.798831205208224 0.597662410416448 0.87174014850960662 0.011440804721395129
0.597662410416448 -0.798831205208224 0.87174014850960662 0.011440804721395129
-0.798831205208224 -0.798831205208224 0.87174014850960662 0.011440804721395129
-0.457923384576136 -0.084153230847728 0.87174014850960662 0.026591258014782764
-0.084153230847728 -0.457923384576136 0.87174014850960662 0.026591258014782764
-0.457923384576136 -0.457923384576136 0.87174014850960662 0.026591258014782764
-0.119617483192336 -0.760765033615328 0.87174014850960662 0.021809065632497794
-0.760765033615328 -0.119617483192336 0.87174014850960662 0.021809065632497794
-0.119617483192336 -0.119617483192336 0.87174014850960662 0.021809065632497794
0.759959282854462 -0.963486641850504 0.87174014850960662 0.0041579333727224219
-0.796472641003958 -0.963486641850504 0.87174014850960662 0.0041579333727224219
-0.963486641850504 -0.796472641003958 0.87174014850960662 0.0041579333727224219
0.759959282854462 -0.796472641003958 0.87174014850960662 0.0041579333727224219
-0.796472641003958 0.759959282854462 0.87174014850960662 0.0041579333727224219
-0.963486641850504 0.759959282854462 0.87174014850960662 0.0041579333727224219
0.165124045727344 -0.211933456660026 0.87174014850960662 0.0092744435664619469
-0.953190589067318 -0.211933456660026 0.87174014850960662 0.0092744435664619469
-0.211933456660026 -0.953190589067318 0.87174014850960662 0.0092744435664619469
0.165124045727344 -0.953190589067318 0.87174014850960662 0.0092744435664619469
-0.953190589067318 0.165124045727344 0.87174014850960662 0.0092744435664619469
-0.211933456660026 0.165124045727344 0.87174014850960662 0.0092744435664619469
0.503061229085564 -0.547508938181542 0.87174014850960662 0.0070141625483091718
-0.955552290904022 -0.547508938181542 0.87174014850960662 0.0070141625483091718
-0.547508938181542 -0.955552290904022 0.87174014850960662 0.0070141625483091718
0.503061229085564 -0.955552290904022 0.87174014850960662 0.0070141625483091718
-0.955552290904022 0.503061229085564 0.87174014850960662 0.0070141625483091718
-0.547508938181542 0.503061229085564 0.87174014850960662 0.0070141625483091718
0.27147436652621 -0.501841544757336 0.87174014850960662 0.018679451490049583
-0.769632821768874 -0.501841544757336 0.87174014850960662 0.018679451490049583
-0.501841544757336 -0.769632821768874 0.87174014850960662 0.018679451490049583
0.27147436652621 -0.769632821768874 0.87174014850960662 0.018679451490049583
-0.769632821768874 0.27147436652621 0.87174014850960662 0.018679451490049583
-0.501841544757336 0.27147436652621 0.87174014850960662 0.018679451490049583
-0.95765715444107 0.91531430888214 1.0 0.00040279455620785714
0.91531430888214 -0.95765715444107 1.0 0.00040279455620785714
-0.95765715444107 -0.95765715444107 1.0 0.00040279455620785714
-0.798831205208224 0.597662410416448 1.0 0.0019392120137341429
0.597662410416448 -0.798831205208224 1.0 0.0019392120137341429
-0.798831205208224 -0.798831205208224 1.0 0.0019392120137341429
-0.457923384576136 -0.084153230847728 1.0 0.0045072080380970714
-0.084153230847728 -0.457923384576136 1.0 0.0045072080380970714
-0.457923384576136 -0.457923384576136 1.0 0.0045072080380970714
-0.119617483192336 -0.760765033615328 1.0 0.0036966282628499286
-0.760765033615328 -0.119617483192336 1.0 0.0036966282628499286
-0.119617483192336 -0.119617483192336 1.0 0.0036966282628499286
0.759959282854462 -0.963486641850504 1.0 0.00070476811247471429
-0.796472641003958 -0.963486641850504 1.0 0.00070476811247471429
-0.963486641850504 -0.796472641003958 1.0 0.00070476811247471429
0.759959282854462 -0.796472641003958 1.0 0.00070476811247471429
-0.796472641003958 0.759959282854462 1.0 0.00070476811247471429
-0.963486641850504 0.759959282854462 1.0 0.00070476811247471429
0.165124045727344 -0.211933456660026 1.0 0.0015720146285819286
-0.953190589067318 -0.211933456660026 1.0 0.0015720146285819286
-0.211933456660026 -0.953190589067318 1.0 0.0015720146285819286
0.165124045727344 -0.953190589067318 1.0 0.0015720146285819286
-0.953190589067318 0.165124045727344 1.0 0.0015720146285819286
-0.211933456660026 0.165124045727344 1.0 0.0015720146285819286
0.503061229085564 -0.547508938181542 1.0 0.001188897862624
-0.955552290904022 -0.547508938181542 1.0 0.001188897862624
-0.547508938181542 -0.955552290904022 1.0 0.001188897862624
0.503061229085564 -0.955552290904022 1.0 0.001188897862624
-0.955552290904022 0.503061229085564 1.0 0.001188897862624
-0.547508938181542 0.503061229085564 1.0 0.001188897862624
0.27147436652621 -0.501841544757336 1.0 0.0031661598656367143
-0.769632821768874 -0.501841544757336 1.0 0.0031661598656367143
-0.501841544757336 -0.769632821768874 1.0 0.0031661598656367143
0.27147436652621 -0.769632821768874 1.0 0.0031661598656367143
-0.769632821768874 0.27147436652621 1.0 0.0031661598656367143
-0.501841544757336 0.27147436652621 1.0 0.0031661598656367143
