-0.95765715444107 0.91531430888214 -0.96028985649753623 0.0011416804938182859
0.91531430888214 -0.95765715444107 -0.96028985649753623 0.0011416804938182859
-0.95765715444107 -0.95765715444107 -0.96028985649753623 0.0011416804938182859
-0.798831205208224 0.597662410416448 -0.96028985649753623 0.0054965006237965685
0.597662410416448 -0.798831205208224 -0.96028985649753623 0.0054965006237965685
-0.798831205208224 -0.798831205208224 -0.96028985649753623 0.0054965006237965685
-0.457923384576136 -0.084153230847728 -0.96028985649753623 0.012775226028677979
-0.084153230847728 -0.457923384576136 -0.96028985649753623 0.012775226028677979
-0.457923384576136 -0.457923384576136 -0.96028985649753623 0.012775226028677979
-0.119617483192336 -0.760765033615328 -0.96028985649753623 0.010477719511222167
-0.760765033615328 -0.119617483192336 -0.96028985649753623 0.010477719511222167
-0.119617483192336 -0.119617483192336 -0.96028985649753623 0.010477719511222167
0.759959282854462 -0.963486641850504 -0.96028985649753623 0.0019975940445985046
-0.796472641003958 -0.963486641850504 -0.96028985649753623 0.0019975940445985046
-0.963486641850504 -0.796472641003958 -0.96028985649753623 0.0019975940445985046
0.759959282854462 -0.796472641003958 -0.96028985649753623 0.0019975940445985046
-0.796472641003958 0.759959282854462 -0.96028985649753623 0.0019975940445985046
-0.963486641850504 0.759959282854462 -0.96028985649753623 0.0019975940445985046
0.165124045727344 -0.211933456660026 -0.96028985649753623 0.0044557167165954272
-0.953190589067318 -0.211933456660026 -0.96028985649753623 0.0044557167165954272
-0.211933456660026 -0.953190589067318 -0.96028985649753623 0.0044557167165954272
0.165124045727344 -0.953190589067318 -0.96028985649753623 0.0044557167165954272
-0.953190589067318 0.165124045727344 -0.96028985649753623 0.0044557167165954272
-0.211933456660026 0.165124045727344 -0.96028985649753623 0.0044557167165954272
0.503061229085564 -0.547508938181542 -0.96028985649753623 0.0033698109321011619
-0.955552290904022 -0.547508938181542 -0.96028985649753623 0.0033698109321011619
-0.547508938181542 -0.955552290904022 -0.96028985649753623 0.0033698109321011619
0.503061229085564 -0.955552290904022 -0.96028985649753623 0.0033698109321011619
-0.955552290904022 0.503061229085564 -0.96028985649753623 0.0033698109321011619
-0.547508938181542 0.503061229085564 -0.96028985649753623 0.0033698109321011619
0.27147436652621 -0.501841544757336 -0.96028985649753623 0.0089741604080726907
-0.769632821768874 -0.501841544757336 -0.96028985649753623 0.0089741604080726907
-0.501841544757336 -0.769632821768874 -0.96028985649753623 0.0089741604080726907
0.27147436652621 -0.769632821768874 -0.96028985649753623 0.0089741604080726907
-0.769632821768874 0.27147436652621 -0.96028985649753623 0.0089741604080726907
-0.501841544757336 0.27147436652621 -0.96028985649753623 0.0089741604080726907
-0.95765715444107 0.91531430888214 -0.79666647741362674 0.0025080683622873525
0.91531430888214 -0.95765715444107 -0.79666647741362674 0.0025080683622873525
-0.95765715444107 -0.95765715444107 -0.79666647741362674 0.0025080683622873525
-0.798831205208224 0.597662410416448 -0.79666647741362674 0.012074831261881083
0.597662410416448 -0.798831205208224 -0.79666647741362674 0.012074831261881083
-0.798831205208224 -0.798831205208224 -0.79666647741362674 0.012074831261881083
-0.457923384576136 -0.084153230847728 -0.79666647741362674 0.028064892408240553
-0.084153230847728 -0.457923384576136 -0.79666647741362674 0.028064892408240553
-0.457923384576136 -0.457923384576136 -0.79666647741362674 0.028064892408240553
-0.119617483192336 -0.760765033615328 -0.79666647741362674 0.023017680478300138
-0.760765033615328 -0.119617483192336 -0.79666647741362674 0.023017680478300138
-0.119617483192336 -0.119617483192336 -0.79666647741362674 0.023017680478300138
0.759959282854462 -0.963486641850504 -0.79666647741362674 0.0043883577332526157
-0.796472641003958 -0.963486641850504 -0.79666647741362674 0.0043883577332526157
-0.963486641850504 -0.796472641003958 -0.79666647741362674 0.0043883577332526157
0.759959282854462 -0.796472641003958 -0.79666647741362674 0.0043883577332526157
-0.796472641003958 0.759959282854462 -0.79666647741362674 0.0043883577332526157
-0.963486641850504 0.759959282854462 -0.79666647741362674 0.0043883577332526157
0.165124045727344 -0.211933456660026 -0.79666647741362674 0.0097884146998368228
-0.953190589067318 -0.211933456660026 -0.79666647741362674 0.0097884146998368228
-0.211933456660026 -0.953190589067318 -0.79666647741362674 0.0097884146998368228
0.165124045727344 -0.953190589067318 -0.79666647741362674 0.0097884146998368228
-0.953190589067318 0.165124045727344 -0.79666647741362674 0.0097884146998368228
-0.211933456660026 0.165124045727344 -0.79666647741362674 0.0097884146998368228
0.503061229085564 -0.547508938181542 -0.79666647741362674 0.0074028734233924683
-0.955552290904022 -0.547508938181542 -0.79666647741362674 0.0074028734233924683
-0.547508938181542 -0.955552290904022 -0.79666647741362674 0.0074028734233924683
0.503061229085564 -0.955552290904022 -0.79666647741362674 0.0074028734233924683
-0.955552290904022 0.503061229085564 -0.79666647741362674 0.0074028734233924683
-0.547508938181542 0.503061229085564 -0.79666647741362674 0.0074028734233924683
0.27147436652621 -0.501841544757336 -0.79666647741362674 0.01971462937262139
-0.769632821768874 -0.501841544757336 -0.79666647741362674 0.01971462937262139
-0.501841544757336 -0.769632821768874 -0.79666647741362674 0.01971462937262139
0.27147436652621 -0.769632821768874 -0.79666647741362674 0.01971462937262139
-0.769632821768874 0.27147436652621 -0.79666647741362674 0.01971462937262139
-0.501841544757336 0.27147436652621 -0.79666647741362674 0.01971462937262139
-0.95765715444107 0.91531430888214 -0.52553240991632899 0.0035380612177634922
0.91531430888214 -0.95765715444107 -0.52553240991632899 0.0035380612177634922
-0.95765715444107 -0.95765715444107 -0.52553240991632899 0.0035380612177634922
-0.798831205208224 0.597662410416448 -0.52553240991632899 0.017033623501289961
0.597662410416448 -0.798831205208224 -0.52553240991632899 0.017033623501289961
-0.798831205208224 -0.798831205208224 -0.52553240991632899 0.017033623501289961
-0.457923384576136 -0.084153230847728 -0.52553240991632899 0.039590351245347983
-0.084153230847728 -0.457923384576136 -0.52553240991632899 0.039590351245347983
-0.457923384576136 -0.457923384576136 -0.52553240991632899 0.039590351245347983
-0.119617483192336 -0.760765033615328 -0.52553240991632899 0.032470391895089461
-0.760765033615328 -0.119617483192336 -0.52553240991632899 0.032470391895089461
-0.119617483192336 -0.119617483192336 -0.52553240991632899 0.032470391895089461
0.759959282854462 -0.963486641850504 -0.52553240991632899 0.0061905323392117025
-0.796472641003958 -0.963486641850504 -0.52553240991632899 0.0061905323392117025
-0.963486641850504 -0.796472641003958 -0.52553240991632899 0.0061905323392117025
0.759959282854462 -0.796472641003958 -0.52553240991632899 0.0061905323392117025
-0.796472641003958 0.759959282854462 -0.52553240991632899 0.0061905323392117025
-0.963486641850504 0.759959282854462 -0.52553240991632899 0.0061905323392117025
0.165124045727344 -0.211933456660026 -0.52553240991632899 0.013808240219295468
-0.953190589067318 -0.211933456660026 -0.52553240991632899 0.013808240219295468
-0.211933456660026 -0.953190589067318 -0.52553240991632899 0.013808240219295468
0.165124045727344 -0.953190589067318 -0.52553240991632899 0.013808240219295468
-0.953190589067318 0.165124045727344 -0.52553240991632899 0.013808240219295468
-0.211933456660026 0.165124045727344 -0.52553240991632899 0.013808240219295468
0.503061229085564 -0.547508938181542 -0.52553240991632899 0.010443024501704599
-0.955552290904022 -0.547508938181542 -0.52553240991632899 0.010443024501704599
-0.547508938181542 -0.955552290904022 -0.52553240991632899 0.010443024501704599
0.503061229085564 -0.955552290904022 -0.52553240991632899 0.010443024501704599
-0.955552290904022 0.503061229085564 -0.52553240991632899 0.010443024501704599
-0.547508938181542 0.503061229085564 -0.52553240991632899 0.010443024501704599
0.27147436652621 -0.501841544757336 -0.52553240991632899 0.027810870969338126
-0.769632821768874 -0.501841544757336 -0.52553240991632899 0.027810870969338126
-0.501841544757336 -0.769632821768874 -0.52553240991632899 0.027810870969338126
0.27147436652621 -0.769632821768874 -0.52553240991632899 0.027810870969338126
-0.769632821768874 0.27147436652621 -0.52553240991632899 0.027810870969338126
-0.501841544757336 0.27147436652621 -0.52553240991632899 0.027810870969338126
-0.95765715444107 0.91531430888214 -0.1834346424956498 0.0040904374999508695
0.91531430888214 -0.95765715444107 -0.1834346424956498 0.0040904374999508695
-0.95765715444107 -0.95765715444107 -0.1834346424956498 0.0040904374999508695
-0.798831205208224 0.597662410416448 -0.1834346424956498 0.019692980997588388
0.597662410416448 -0.798831205208224 -0.1834346424956498 0.019692980997588388
-0.798831205208224 -0.798831205208224 -0.1834346424956498 0.019692980997588388
-0.457923384576136 -0.084153230847728 -0.1834346424956498 0.045771355384451484
-0.084153230847728 -0.457923384576136 -0.1834346424956498 0.045771355384451484
-0.457923384576136 -0.457923384576136 -0.1834346424956498 0.045771355384451484
-0.119617483192336 -0.760765033615328 -0.1834346424956498 0.037539799475186234
-0.760765033615328 -0.119617483192336 -0.1834346424956498 0.037539799475186234
-0.119617483192336 -0.119617483192336 -0.1834346424956498 0.037539799475186234
0.759959282854462 -0.963486641850504 -0.1834346424956498 0.0071570230322291772
-0.796472641003958 -0.963486641850504 -0.1834346424956498 0.0071570230322291772
-0.963486641850504 -0.796472641003958 -0.1834346424956498 0.0071570230322291772
0.759959282854462 -0.796472641003958 -0.1834346424956498 0.0071570230322291772
-0.796472641003958 0.759959282854462 -0.1834346424956498 0.0071570230322291772
-0.963486641850504 0.759959282854462 -0.1834346424956498 0.0071570230322291772
0.165124045727344 -0.211933456660026 -0.1834346424956498 0.015964037964566282
-0.953190589067318 -0.211933456660026 -0.1834346424956498 0.015964037964566282
-0.211933456660026 -0.953190589067318 -0.1834346424956498 0.015964037964566282
0.165124045727344 -0.953190589067318 -0.1834346424956498 0.015964037964566282
-0.953190589067318 0.165124045727344 -0.1834346424956498 0.015964037964566282
-0.211933456660026 0.165124045727344 -0.1834346424956498 0.015964037964566282
0.503061229085564 -0.547508938181542 -0.1834346424956498 0.012073431296273771
-0.955552290904022 -0.547508938181542 -0.1834346424956498 0.012073431296273771
-0.547508938181542 -0.955552290904022 -0.1834346424956498 0.012073431296273771
0.503061229085564 -0.955552290904022 -0.1834346424956498 0.012073431296273771
-0.955552290904022 0.503061229085564 -0.1834346424956498 0.012073431296273771
-0.547508938181542 0.503061229085564 -0.1834346424956498 0.012073431296273771
0.27147436652621 -0.501841544757336 -0.1834346424956498 0.032152815487795793
-0.769632821768874 -0.501841544757336 -0.1834346424956498 0.032152815487795793
-0.501841544757336 -0.769632821768874 -0.1834346424956498 0.032152815487795793
0.27147436652621 -0.769632821768874 -0.1834346424956498 0.032152815487795793
-0.769632821768874 0.27147436652621 -0.1834346424956498 0.032152815487795793
-0.501841544757336 0.27147436652621 -0.1834346424956498 0.032152815487795793
-0.95765715444107 0.91531430888214 0.1834346424956498 0.0040904374999508695
0.91531430888214 -0.95765715444107 0.1834346424956498 0.0040904374999508695
-0.95765715444107 -0.95765715444107 0.1834346424956498 0.0040904374999508695
-0.798831205208224 0.597662410416448 0.1834346424956498 0.019692980997588388
0.597662410416448 -0.798831205208224 0.1834346424956498 0.019692980997588388
-0.798831205208224 -0.798831205208224 0.1834346424956498 0.019692980997588388
-0.457923384576136 -0.084153230847728 0.1834346424956498 0.045771355384451484
-0.084153230847728 -0.457923384576136 0.1834346424956498 0.045771355384451484
-0.457923384576136 -0.457923384576136 0.1834346424956498 0.045771355384451484
-0.119617483192336 -0.760765033615328 0.1834346424956498 0.037539799475186234
-0.760765033615328 -0.119617483192336 0.1834346424956498 0.037539799475186234
-0.119617483192336 -0.119617483192336 0.1834346424956498 0.037539799475186234
0.759959282854462 -0.963486641850504 0.1834346424956498 0.0071570230322291772
-0.796472641003958 -0.963486641850504 0.1834346424956498 0.0071570230322291772
-0.963486641850504 -0.796472641003958 0.1834346424956498 0.0071570230322291772
0.759959282854462 -0.796472641003958 0.1834346424956498 0.0071570230322291772
-0.796472641003958 0.759959282854462 0.1834346424956498 0.0071570230322291772
-0.963486641850504 0.759959282854462 0.1834346424956498 0.0071570230322291772
0.165124045727344 -0.211933456660026 0.1834346424956498 0.015964037964566282
-0.953190589067318 -0.211933456660026 0.1834346424956498 0.015964037964566282
-0.211933456660026 -0.953190589067318 0.1834346424956498 0.015964037964566282
0.165124045727344 -0.953190589067318 0.1834346424956498 0.015964037964566282
-0.953190589067318 0.165124045727344 0.1834346424956498 0.015964037964566282
-0.211933456660026 0.165124045727344 0.1834346424956498 0.015964037964566282
0.503061229085564 -0.547508938181542 0.1834346424956498 0.012073431296273771
-0.955552290904022 -0.547508938181542 0.1834346424956498 0.012073431296273771
-0.547508938181542 -0.955552290904022 0.1834346424956498 0.012073431296273771
0.503061229085564 -0.955552290904022 0.1834346424956498 0.012073431296273771
-0.955552290904022 0.503061229085564 0.1834346424956498 0.012073431296273771
-0.547508938181542 0.503061229085564 0.1834346424956498 0.012073431296273771
0.27147436652621 -0.501841544757336 0.1834346424956498 0.032152815487795793
-0.769632821768874 -0.501841544757336 0.1834346424956498 0.032152815487795793
-0.501841544757336 -0.769632821768874 0.1834346424956498 0.032152815487795793
0.27147436652621 -0.769632821768874 0.1834346424956498 0.032152815487795793
-0.769632821768874 0.27147436652621 0.1834346424956498 0.032152815487795793
-0.501841544757336 0.27147436652621 0.1834346424956498 0.032152815487795793
-0.95765715444107 0.91531430888214 0.52553240991632899 0.0035380612177634922
0.91531430888214 -0.95765715444107 0.52553240991632899 0.0035380612177634922
-0.95765715444107 -0.95765715444107 0.52553240991632899 0.0035380612177634922
-0.798831205208224 0.597662410416448 0.52553240991632899 0.017033623501289961
0.597662410416448 -0.798831205208224 0.52553240991632899 0.017033623501289961
-0.798831205208224 -0.798831205208224 0.52553240991632899 0.017033623501289961
-0.457923384576136 -0.084153230847728 0.52553240991632899 0.039590351245347983
-0.084153230847728 -0.457923384576136 0.52553240991632899 0.039590351245347983
-0.457923384576136 -0.457923384576136 0.52553240991632899 0.039590351245347983
-0.119617483192336 -0.760765033615328 0.52553240991632899 0.032470391895089461
-0.760765033615328 -0.119617483192336 0.52553240991632899 0.032470391895089461
-0.119617483192336 -0.119617483192336 0.52553240991632899 0.032470391895089461
0.759959282854462 -0.963486641850504 0.52553240991632899 0.0061905323392117025
-0.796472641003958 -0.963486641850504 0.52553240991632899 0.0061905323392117025
-0.963486641850504 -0.796472641003958 0.52553240991632899 0.0061905323392117025
0.759959282854462 -0.796472641003958 0.52553240991632899 0.0061905323392117025
-0.796472641003958 0.759959282854462 0.52553240991632899 0.0061905323392117025
-0.963486641850504 0.759959282854462 0.52553240991632899 0.0061905323392117025
0.165124045727344 -0.211933456660026 0.52553240991632899 0.013808240219295468
-0.953190589067318 -0.211933456660026 0.52553240991632899 0.013808240219295468
-0.211933456660026 -0.953190589067318 0.52553240991632899 0.013808240219295468
0.165124045727344 -0.953190589067318 0.52553240991632899 0.013808240219295468
-0.953190589067318 0.165124045727344 0.52553240991632899 0.013808240219295468
-0.211933456660026 0.165124045727344 0.52553240991632899 0.013808240219295468
0.503061229085564 -0.547508938181542 0.52553240991632899 0.010443024501704599
-0.955552290904022 -0.547508938181542 0.52553240991632899 0.010443024501704599
-0.547508938181542 -0.955552290904022 0.52553240991632899 0.010443024501704599
0.503061229085564 -0.955552290904022 0.52553240991632899 0.010443024501704599
-0.955552290904022 0.503061229085564 0.52553240991632899 0.010443024501704599
-0.547508938181542 0.503061229085564 0.52553240991632899 0.010443024501704599
0.27147436652621 -0.501841544757336 0.52553240991632899 0.027810870969338126
-0.769632821768874 -0.501841544757336 0.52553240991632899 0.027810870969338126
-0.501841544757336 -0.769632821768874 0.52553240991632899 0.027810870969338126
0.27147436652621 -0.769632821768874 0.52553240991632899 0.027810870969338126
-0.769632821768874 0.27147436652621 0.52553240991632899 0.027810870969338126
-0.501841544757336 0.27147436652621 0.52553240991632899 0.027810870969338126
-0.95765715444107 0.91531430888214 0.79666647741362674 0.0025080683622873525
0.91531430888214 -0.95765715444107 0.79666647741362674 0.0025080683622873525
-0.95765715444107 -0.95765715444107 0.79666647741362674 0.0025080683622873525
-0.798831205208224 0.597662410416448 0.79666647741362674 0.012074831261881083
0.597662410416448 -0.798831205208224 0.79666647741362674 0.012074831261881083
-0.798831205208224 -0.798831205208224 0.79666647741362674 0.012074831261881083
-0.457923384576136 -0.084153230847728 0.79666647741362674 0.028064892408240553
-0.084153230847728 -0.457923384576136 0.79666647741362674 0.028064892408240553
-0.457923384576136 -0.457923384576136 0.79666647741362674 0.028064892408240553
-0.119617483192336 -0.760765033615328 0.79666647741362674 0.023017680478300138
-0.760765033615328 -0.119617483192336 0.79666647741362674 0.023017680478300138
-0.119617483192336 -0.119617483192336 0.79666647741362674 0.023017680478300138
0.759959282854462 -0.963486641850504 0.79666647741362674 0.0043883577332526157
-0.796472641003958 -0.963486641850504 0.79666647741362674 0.0043883577332526157
-0.963486641850504 -0.796472641003958 0.79666647741362674 0.0043883577332526157
0.759959282854462 -0.796472641003958 0.79666647741362674 0.0043883577332526157
-0.796472641003958 0.759959282854462 0.79666647741362674 0.0043883577332526157
-0.963486641850504 0.759959282854462 0.79666647741362674 0.0043883577332526157
0.165124045727344 -0.211933456660026 0.79666647741362674 0.0097884146998368228
-0.953190589067318 -0.211933456660026 0.79666647741362674 0.0097884146998368228
-0.211933456660026 -0.953190589067318 0.79666647741362674 0.0097884146998368228
0.165124045727344 -0.953190589067318 0.79666647741362674 0.0097884146998368228
-0.953190589067318 0.165124045727344 0.79666647741362674 0.0097884146998368228
-0.211933456660026 0.165124045727344 0.79666647741362674 0.0097884146998368228
0.503061229085564 -0.547508938181542 0.79666647741362674 0.0074028734233924683
-0.955552290904022 -0.547508938181542 0.79666647741362674 0.0074028734233924683
-0.547508938181542 -0.955552290904022 0.79666647741362674 0.0074028734233924683
0.503061229085564 -0.955552290904022 0.79666647741362674 0.0074028734233924683
-0.955552290904022 0.503061229085564 0.79666647741362674 0.0074028734233924683
-0.547508938181542 0.503061229085564 0.79666647741362674 0.0074028734233924683
0.27147436652621 -0.501841544757336 0.79666647741362674 0.01971462937262139
-0.769632821768874 -0.501841544757336 0.79666647741362674 0.01971462937262139
-0.501841544757336 -0.769632821768874 0.79666647741362674 0.01971462937262139
0.27147436652621 -0.769632821768874 0.79666647741362674 0.01971462937262139
-0.769632821768874 0.27147436652621 0.79666647741362674 0.01971462937262139
-0.501841544757336 0.27147436652621 0.79666647741362674 0.01971462937262139
-0.95765715444107 0.91531430888214 0.96028985649753623 0.0011416804938182859
0.91531430888214 -0.95765715444107 0.96028985649753623 0.0011416804938182859
-0.95765715444107 -0.95765715444107 0.96028985649753623 0.0011416804938182859
-0.798831205208224 0.597662410416448 0.96028985649753623 0.0054965006237965685
0.597662410416448 -0.798831205208224 0.96028985649753623 0.0054965006237965685
-0.798831205208224 -0.798831205208224 0.96028985649753623 0.0054965006237965685
-0.457923384576136 -0.084153230847728 0.96028985649753623 0.012775226028677979
-0.084153230847728 -0.457923384576136 0.96028985649753623 0.012775226028677979
-0.457923384576136 -0.457923384576136 0.96028985649753623 0.012775226028677979
-0.119617483192336 -0.760765033615328 0.96028985649753623 0.010477719511222167
-0.760765033615328 -0.119617483192336 0.96028985649753623 0.010477719511222167
-0.119617483192336 -0.119617483192336 0.96028985649753623 0.010477719511222167
0.759959282854462 -0.963486641850504 0.96028985649753623 0.0019975940445985046
-0.796472641003958 -0.963486641850504 0.96028985649753623 0.0019975940445985046
-0.963486641850504 -0.796472641003958 0.96028985649753623 0.0019975940445985046
0.759959282854462 -0.796472641003958 0.96028985649753623 0.0019975940445985046
-0.796472641003958 0.759959282854462 0.96028985649753623 0.0019975940445985046
-0.963486641850504 0.759959282854462 0.96028985649753623 0.0019975940445985046
0.165124045727344 -0.211933456660026 0.96028985649753623 0.0044557167165954272
-0.953190589067318 -0.211933456660026 0.96028985649753623 0.0044557167165954272
-0.211933456660026 -0.953190589067318 0.96028985649753623 0.0044557167165954272
0.165124045727344 -0.953190589067318 0.96028985649753623 0.0044557167165954272
-0.953190589067318 0.165124045727344 0.96028985649753623 0.0044557167165954272
-0.211933456660026 0.165124045727344 0.96028985649753623 0.0044557167165954272
0.503061229085564 -0.547508938181542 0.96028985649753623 0.0033698109321011619
-0.955552290904022 -0.547508938181542 0.96028985649753623 0.0033698109321011619
-0.547508938181542 -0.955552290904022 0.96028985649753623 0.0033698109321011619
0.503061229085564 -0.955552290904022 0.96028985649753623 0.0033698109321011619
-0.955552290904022 0.503061229085564 0.96028985649753623 0.0033698109321011619
-0.547508938181542 0.503061229085564 0.96028985649753623 0.0033698109321011619
0.27147436652621 -0.501841544757336 0.96028985649753623 0.0089741604080726907
-0.769632821768874 -0.501841544757336 0.96028985649753623 0.0089741604080726907
-0.501841544757336 -0.769632821768874 0.96028985649753623 0.0089741604080726907
0.27147436652621 -0.769632821768874 0.96028985649753623 0.0089741604080726907
-0.769632821768874 0.27147436652621 0.96028985649753623 0.0089741604080726907
-0.501841544757336 0.27147436652621 0.96028985649753623 0.0089741604080726907
