-0.333333333333333 -0.333333333333333 -1.0 0.0079626868776797143
-0.960045625755614 0.920091251511228 -1.0 0.0005021114552852381
0.920091251511228 -0.960045625755614 -1.0 0.0005021114552852381
-0.960045625755614 -0.960045625755614 -1.0 0.0005021114552852381
-0.736556464940004 0.473112929880008 -1.0 0.0042431368266194286
0.473112929880008 -0.736556464940004 -1.0 0.0042431368266194286
-0.736556464940004 -0.736556464940004 -1.0 0.0042431368266194286
-0.029729306413078 -0.940541387173844 -1.0 0.0032205440765902857
-0.940541387173844 -0.029729306413078 -1.0 0.0032205440765902857
-0.029729306413078 -0.029729306413078 -1.0 0.0032205440765902857
0.7358224202359 -0.784096036307978 -1.0 0.0014962344133507619
-0.951726383927922 -0.784096036307978 -1.0 0.0014962344133507619
-0.784096036307978 -0.951726383927922 -1.0 0.0014962344133507619
0.7358224202359 -0.951726383927922 -1.0 0.0014962344133507619
-0.951726383927922 0.7358224202359 -1.0 0.0014962344133507619
-0.784096036307978 0.7358224202359 -1.0 0.0014962344133507619
0.401745140761446 -0.458318454156866 -1.0 0.0026862034552967619
-0.94342668660458 -0.458318454156866 -1.0 0.0026862034552967619
-0.458318454156866 -0.94342668660458 -1.0 0.0026862034552967619
0.401745140761446 -0.94342668660458 -1.0 0.0026862034552967619
-0.94342668660458 0.401745140761446 -1.0 0.0026862034552967619
-0.458318454156866 0.401745140761446 -1.0 0.0026862034552967619
0.073309368412276 -0.366900802310766 -1.0 0.006380567345507619
-0.70640856610151 -0.366900802310766 -1.0 0.006380567345507619
-0.366900802310766 -0.70640856610151 -1.0 0.006380567345507619
0.073309368412276 -0.70640856610151 -1.0 0.006380567345507619
-0.70640856610151 0.073309368412276 -1.0 0.006380567345507619
-0.366900802310766 0.073309368412276 -1.0 0.006380567345507619
-0.333333333333333 -0.333333333333333 -0.83022389627856693 0.04628986182924357
-0.960045625755614 0.920091251511228 -0.83022389627856693 0.0029189481195330986
0.920091251511228 -0.960045625755614 -0.83022389627856693 0.0029189481195330986
-0.960045625755614 -0.960045625755614 -0.83022389627856693 0.0029189481195330986
-0.736556464940004 0.473112929880008 -0.83022389627856693 0.024666826718674446
0.473112929880008 -0.736556464940004 -0.83022389627856693 0.024666826718674446
-0.736556464940004 -0.736556464940004 -0.83022389627856693 0.024666826718674446
-0.029729306413078 -0.940541387173844 -0.83022389627856693 0.018722140228600055
-0.940541387173844 -0.029729306413078 -0.83022389627856693 0.018722140228600055
-0.029729306413078 -0.029729306413078 -0.83022389627856693 0.018722140228600055
0.7358224202359 -0.784096036307978 -0.83022389627856693 0.0086981298300591
-0.951726383927922 -0.784096036307978 -0.83022389627856693 0.0086981298300591
-0.784096036307978 -0.951726383927922 -0.83022389627856693 0.0086981298300591
0.7358224202359 -0.951726383927922 -0.83022389627856693 0.0086981298300591
-0.951726383927922 0.7358224202359 -0.83022389627856693 0.0086981298300591
-0.784096036307978 0.7358224202359 -0.83022389627856693 0.0086981298300591
0.401745140761446 -0.458318454156866 -0.83022389627856693 0.015615832783714454
-0.94342668660458 -0.458318454156866 -0.83022389627856693 0.015615832783714454
-0.458318454156866 -0.94342668660458 -0.83022389627856693 0.015615832783714454
0.401745140761446 -0.94342668660458 -0.83022389627856693 0.015615832783714454
-0.94342668660458 0.401745140761446 -0.83022389627856693 0.015615832783714454
-0.458318454156866 0.401745140761446 -0.83022389627856693 0.015615832783714454
0.073309368412276 -0.366900802310766 -0.83022389627856693 0.037092452001804219
-0.70640856610151 -0.366900802310766 -0.83022389627856693 0.037092452001804219
-0.366900802310766 -0.70640856610151 -0.83022389627856693 0.037092452001804219
0.073309368412276 -0.70640856610151 -0.83022389627856693 0.037092452001804219
-0.70640856610151 0.073309368412276 -0.83022389627856693 0.037092452001804219
-0.366900802310766 0.073309368412276 -0.83022389627856693 0.037092452001804219
-0.333333333333333 -0.333333333333333 -0.46884879347071421 0.072194918910630579
-0.960045625755614 0.920091251511228 -0.46884879347071421 0.0045524703351112443
0.920091251511228 -0.960045625755614 -0.46884879347071421 0.0045524703351112443
-0.960045625755614 -0.960045625755614 -0.46884879347071421 0.0045524703351112443
-0.736556464940004 0.473112929880008 -0.46884879347071421 0.038471049261422651
0.473112929880008 -0.736556464940004 -0.46884879347071421 0.038471049261422651
-0.736556464940004 -0.736556464940004 -0.46884879347071421 0.038471049261422651
-0.029729306413078 -0.940541387173844 -0.46884879347071421 0.029199555631063396
-0.940541387173844 -0.029729306413078 -0.46884879347071421 0.029199555631063396
-0.029729306413078 -0.029729306413078 -0.46884879347071421 0.029199555631063396
0.7358224202359 -0.784096036307978 -0.46884879347071421 0.013565838240600237
-0.951726383927922 -0.784096036307978 -0.46884879347071421 0.013565838240600237
-0.784096036307978 -0.951726383927922 -0.46884879347071421 0.013565838240600237
0.7358224202359 -0.951726383927922 -0.46884879347071421 0.013565838240600237
-0.951726383927922 0.7358224202359 -0.46884879347071421 0.013565838240600237
-0.784096036307978 0.7358224202359 -0.46884879347071421 0.013565838240600237
0.401745140761446 -0.458318454156866 -0.46884879347071421 0.024354874631101363
-0.94342668660458 -0.458318454156866 -0.46884879347071421 0.024354874631101363
-0.458318454156866 -0.94342668660458 -0.46884879347071421 0.024354874631101363
0.401745140761446 -0.94342668660458 -0.46884879347071421 0.024354874631101363
-0.94342668660458 0.401745140761446 -0.46884879347071421 0.024354874631101363
-0.458318454156866 0.401745140761446 -0.46884879347071421 0.024354874631101363
0.073309368412276 -0.366900802310766 -0.46884879347071421 0.057850390099349153
-0.70640856610151 -0.366900802310766 -0.46884879347071421 0.057850390099349153
-0.366900802310766 -0.70640856610151 -0.46884879347071421 0.057850390099349153
0.073309368412276 -0.70640856610151 -0.46884879347071421 0.057850390099349153
-0.70640856610151 0.073309368412276 -0.46884879347071421 0.057850390099349153
-0.366900802310766 0.073309368412276 -0.46884879347071421 0.057850390099349153
-0.333333333333333 -0.333333333333333 0.0 0.081537913627440274
-0.960045625755614 0.920091251511228 0.0 0.0051416213021208381
0.920091251511228 -0.960045625755614 0.0 0.0051416213021208381
-0.960045625755614 -0.960045625755614 0.0 0.0051416213021208381
-0.736556464940004 0.473112929880008 0.0 0.043449721104582949
0.473112929880008 -0.736556464940004 0.0 0.043449721104582949
-0.736556464940004 -0.736556464940004 0.0 0.043449721104582949
-0.029729306413078 -0.940541387173844 0.0 0.032978371344284526
-0.940541387173844 -0.029729306413078 0.0 0.032978371344284526
-0.029729306413078 -0.029729306413078 0.0 0.032978371344284526
0.7358224202359 -0.784096036307978 0.0 0.015321440392711802
-0.951726383927922 -0.784096036307978 0.0 0.015321440392711802
-0.784096036307978 -0.951726383927922 0.0 0.015321440392711802
0.7358224202359 -0.951726383927922 0.0 0.015321440392711802
-0.951726383927922 0.7358224202359 0.0 0.015321440392711802
-0.784096036307978 0.7358224202359 0.0 0.015321440392711802
0.401745140761446 -0.458318454156866 0.0 0.027506723382238842
-0.94342668660458 -0.458318454156866 0.0 0.027506723382238842
-0.458318454156866 -0.94342668660458 0.0 0.027506723382238842
0.401745140761446 -0.94342668660458 0.0 0.027506723382238842
-0.94342668660458 0.401745140761446 0.0 0.027506723382238842
-0.458318454156866 0.401745140761446 0.0 0.027506723382238842
0.073309368412276 -0.366900802310766 0.0 0.065337009617998019
-0.70640856610151 -0.366900802310766 0.0 0.065337009617998019
-0.366900802310766 -0.70640856610151 0.0 0.065337009617998019
0.073309368412276 -0.70640856610151 0.0 0.065337009617998019
-0.70640856610151 0.073309368412276 0.0 0.065337009617998019
-0.366900802310766 0.073309368412276 0.0 0.065337009617998019
-0.333333333333333 -0.333333333333333 0.46884879347071421 0.072194918910630579
-0.960045625755614 0.920091251511228 0.46884879347071421 0.0045524703351112443
0.920091251511228 -0.960045625755614 0.46884879347071421 0.0045524703351112443
-0.960045625755614 -0.960045625755614 0.46884879347071421 0.0045524703351112443
-0.736556464940004 0.473112929880008 0.46884879347071421 0.038471049261422651
0.473112929880008 -0.736556464940004 0.46884879347071421 0.038471049261422651
-0.736556464940004 -0.736556464940004 0.46884879347071421 0.038471049261422651
-0.029729306413078 -0.940541387173844 0.46884879347071421 0.029199555631063396
-0.940541387173844 -0.029729306413078 0.46884879347071421 0.029199555631063396
-0.029729306413078 -0.029729306413078 0.46884879347071421 0.029199555631063396
0.7358224202359 -0.784096036307978 0.46884879347071421 0.013565838240600237
-0.951726383927922 -0.784096036307978 0.46884879347071421 0.013565838240600237
-0.784096036307978 -0.951726383927922 0.46884879347071421 0.013565838240600237
0.7358224202359 -0.951726383927922 0.46884879347071421 0.013565838240600237
-0.951726383927922 0.7358224202359 0.46884879347071421 0.013565838240600237
-0.784096036307978 0.7358224202359 0.46884879347071421 0.013565838240600237
0.401745140761446 -0.458318454156866 0.46884879347071421 0.024354874631101363
-0.94342668660458 -0.458318454156866 0.46884879347071421 0.024354874631101363
-0.458318454156866 -0.94342668660458 0.46884879347071421 0.024354874631101363
0.401745140761446 -0.94342668660458 0.46884879347071421 0.024354874631101363
-0.94342668660458 0.401745140761446 0.46884879347071421 0.024354874631101363
-0.458318454156866 0.401745140761446 0.46884879347071421 0.024354874631101363
0.073309368412276 -0.366900802310766 0.46884879347071421 0.057850390099349153
-0.70640856610151 -0.366900802310766 0.46884879347071421 0.057850390099349153
-0.366900802310766 -0.70640856610151 0.46884879347071421 0.057850390099349153
0.073309368412276 -0.70640856610151 0.46884879347071421 0.057850390099349153
-0.70640856610151 0.073309368412276 0.46884879347071421 0.057850390099349153
-0.366900802310766 0.073309368412276 0.46884879347071421 0.057850390099349153
-0.333333333333333 -0.333333333333333 0.83022389627856693 0.04628986182924357
-0.960045625755614 0.920091251511228 0.83022389627856693 0.0029189481195330986
0.920091251511228 -0.960045625755614 0.83022389627856693 0.0029189481195330986
-0.960045625755614 -0.960045625755614 0.83022389627856693 0.0029189481195330986
-0.736556464940004 0.473112929880008 0.83022389627856693 0.024666826718674446
0.473112929880008 -0.736556464940004 0.83022389627856693 0.024666826718674446
-0.736556464940004 -0.736556464940004 0.83022389627856693 0.024666826718674446
-0.029729306413078 -0.940541387173844 0.83022389627856693 0.018722140228600055
-0.940541387173844 -0.029729306413078 0.83022389627856693 0.018722140228600055
-0.029729306413078 -0.029729306413078 0.83022389627856693 0.018722140228600055
0.7358224202359 -0.784096036307978 0.83022389627856693 0.0086981298300591
-0.951726383927922 -0.784096036307978 0.83022389627856693 0.0086981298300591
-0.784096036307978 -0.951726383927922 0.83022389627856693 0.0086981298300591
0.7358224202359 -0.951726383927922 0.83022389627856693 0.0086981298300591
-0.951726383927922 0.7358224202359 0.83022389627856693 0.0086981298300591
-0.784096036307978 0.7358224202359 0.83022389627856693 0.0086981298300591
0.401745140761446 -0.458318454156866 0.83022389627856693 0.015615832783714454
-0.94342668660458 -0.458318454156866 0.83022389627856693 0.015615832783714454
-0.458318454156866 -0.94342668660458 0.83022389627856693 0.015615832783714454
0.401745140761446 -0.94342668660458 0.83022389627856693 0.015615832783714454
-0.94342668660458 0.401745140761446 0.83022389627856693 0.015615832783714454
-0.458318454156866 0.401745140761446 0.83022389627856693 0.015615832783714454
0.073309368412276 -0.366900802310766 0.83022389627856693 0.037092452001804219
-0.70640856610151 -0.366900802310766 0.83022389627856693 0.037092452001804219
-0.366900802310766 -0.70640856610151 0.83022389627856693 0.037092452001804219
0.073309368412276 -0.70640856610151 0.83022389627856693 0.037092452001804219
-0.70640856610151 0.073309368412276 0.83022389627856693 0.037092452001804219
-0.366900802310766 0.073309368412276 0.83022389627856693 0.037092452001804219
-0.333333333333333 -0.333333333333333 1.0 0.0079626868776797143
-0.960045625755614 0.920091251511228 1.0 0.0005021114552852381
0.920091251511228 -0.960045625755614 1.0 0.0005021114552852381
-0.960045625755614 -0.960045625755614 1.0 0.0005021114552852381
-0.736556464940004 0.473112929880008 1.0 0.0042431368266194286
0.473112929880008 -0.736556464940004 1.0 0.0042431368266194286
-0.736556464940004 -0.736556464940004 1.0 0.0042431368266194286
-0.029729306413078 -0.940541387173844 1.0 0.0032205440765902857
-0.940541387173844 -0.029729306413078 1.0 0.0032205440765902857
-0.029729306413078 -0.029729306413078 1.0 0.0032205440765902857
0.7358224202359 -0.784096036307978 1.0 0.0014962344133507619
-0.951726383927922 -0.784096036307978 1.0 0.0014962344133507619
-0.784096036307978 -0.951726383927922 1.0 0.0014962344133507619
0.7358224202359 -0.951726383927922 1.0 0.0014962344133507619
-0.951726383927922 0.7358224202359 1.0 0.0014962344133507619
-0.784096036307978 0.7358224202359 1.0 0.0014962344133507619
0.401745140761446 -0.458318454156866 1.0 0.0026862034552967619
-0.94342668660458 -0.458318454156866 1.0 0.0026862034552967619
-0.458318454156866 -0.94342668660458 1.0 0.0026862034552967619
0.401745140761446 -0.94342668660458 1.0 0.0026862034552967619
-0.94342668660458 0.401745140761446 1.0 0.0026862034552967619
-0.458318454156866 0.401745140761446 1.0 0.0026862034552967619
0.073309368412276 -0.366900802310766 1.0 0.006380567345507619
-0.70640856610151 -0.366900802310766 1.0 0.006380567345507619
-0.366900802310766 -0.70640856610151 1.0 0.006380567345507619
0.073309368412276 -0.70640856610151 1.0 0.006380567345507619
-0.70640856610151 0.073309368412276 1.0 0.006380567345507619
-0.366900802310766 0.073309368412276 1.0 0.006380567345507619
