-0.943774095634672 0.887548191269344 -0.93246951420315203 0.0035496292224999894
0.887548191269344 -0.943774095634672 -0.93246951420315203 0.0035496292224999894
-0.943774095634672 -0.943774095634672 -0.93246951420315203 0.0035496292224999894
-0.645721803061366 0.291443606122732 -0.93246951420315203 0.025833980570529308
0.291443606122732 -0.645721803061366 -0.93246951420315203 0.025833980570529308
-0.645721803061366 -0.645721803061366 -0.93246951420315203 0.025833980570529308
-0.188982808265134 -0.622034383469732 -0.93246951420315203 0.033424655448598628
-0.622034383469732 -0.188982808265134 -0.93246951420315203 0.033424655448598628
-0.188982808265134 -0.188982808265134 -0.93246951420315203 0.033424655448598628
0.635801960056998 -0.702868375458226 -0.93246951420315203 0.0099262907396687667
-0.932933584598772 -0.702868375458226 -0.93246951420315203 0.0099262907396687667
-0.702868375458226 -0.932933584598772 -0.93246951420315203 0.0099262907396687667
0.635801960056998 -0.932933584598772 -0.93246951420315203 0.0099262907396687667
-0.932933584598772 0.635801960056998 -0.93246951420315203 0.0099262907396687667
-0.702868375458226 0.635801960056998 -0.93246951420315203 0.0099262907396687667
0.209957823550266 -0.285607402768638 -0.93246951420315203 0.0157777407659075
-0.924350420781628 -0.285607402768638 -0.93246951420315203 0.0157777407659075
-0.285607402768638 -0.924350420781628 -0.93246951420315203 0.0157777407659075
0.209957823550266 -0.924350420781628 -0.93246951420315203 0.0157777407659075
-0.924350420781628 0.209957823550266 -0.93246951420315203 0.0157777407659075
-0.285607402768638 0.209957823550266 -0.93246951420315203 0.0157777407659075
-0.943774095634672 0.887548191269344 -0.66120938646626451 0.0074745286226362648
0.887548191269344 -0.943774095634672 -0.66120938646626451 0.0074745286226362648
-0.943774095634672 -0.943774095634672 -0.66120938646626451 0.0074745286226362648
-0.645721803061366 0.291443606122732 -0.66120938646626451 0.054399154138992903
0.291443606122732 -0.645721803061366 -0.66120938646626451 0.054399154138992903
-0.645721803061366 -0.645721803061366 -0.66120938646626451 0.054399154138992903
-0.188982808265134 -0.622034383469732 -0.66120938646626451 0.070382997263119465
-0.622034383469732 -0.188982808265134 -0.66120938646626451 0.070382997263119465
-0.188982808265134 -0.188982808265134 -0.66120938646626451 0.070382997263119465
0.635801960056998 -0.702868375458226 -0.66120938646626451 0.020901998377737245
-0.932933584598772 -0.702868375458226 -0.66120938646626451 0.020901998377737245
-0.702868375458226 -0.932933584598772 -0.66120938646626451 0.020901998377737245
0.635801960056998 -0.932933584598772 -0.66120938646626451 0.020901998377737245
-0.932933584598772 0.635801960056998 -0.66120938646626451 0.020901998377737245
-0.702868375458226 0.635801960056998 -0.66120938646626451 0.020901998377737245
0.209957823550266 -0.285607402768638 -0.66120938646626451 0.033223519292601548
-0.924350420781628 -0.285607402768638 -0.66120938646626451 0.033223519292601548
-0.285607402768638 -0.924350420781628 -0.66120938646626451 0.033223519292601548
0.209957823550266 -0.924350420781628 -0.66120938646626451 0.033223519292601548
-0.924350420781628 0.209957823550266 -0.66120938646626451 0.033223519292601548
-0.285607402768638 0.209957823550266 -0.66120938646626451 0.033223519292601548
-0.943774095634672 0.887548191269344 -0.23861918608319691 0.0096945915479397458
0.887548191269344 -0.943774095634672 -0.23861918608319691 0.0096945915479397458
-0.943774095634672 -0.943774095634672 -0.23861918608319691 0.0096945915479397458
-0.645721803061366 0.291443606122732 -0.23861918608319691 0.070556633943953788
0.291443606122732 -0.645721803061366 -0.23861918608319691 0.070556633943953788
-0.645721803061366 -0.645721803061366 -0.23861918608319691 0.070556633943953788
-0.188982808265134 -0.622034383469732 -0.23861918608319691 0.091287952034765907
-0.622034383469732 -0.188982808265134 -0.23861918608319691 0.091287952034765907
-0.188982808265134 -0.188982808265134 -0.23861918608319691 0.091287952034765907
0.635801960056998 -0.702868375458226 -0.23861918608319691 0.027110249627539988
-0.932933584598772 -0.702868375458226 -0.23861918608319691 0.027110249627539988
-0.702868375458226 -0.932933584598772 -0.23861918608319691 0.027110249627539988
0.635801960056998 -0.932933584598772 -0.23861918608319691 0.027110249627539988
-0.932933584598772 0.635801960056998 -0.23861918608319691 0.027110249627539988
-0.702868375458226 0.635801960056998 -0.23861918608319691 0.027110249627539988
0.209957823550266 -0.285607402768638 -0.23861918608319691 0.043091473133360952
-0.924350420781628 -0.285607402768638 -0.23861918608319691 0.043091473133360952
-0.285607402768638 -0.924350420781628 -0.23861918608319691 0.043091473133360952
0.209957823550266 -0.924350420781628 -0.23861918608319691 0.043091473133360952
-0.924350420781628 0.209957823550266 -0.23861918608319691 0.043091473133360952
-0.285607402768638 0.209957823550266 -0.23861918608319691 0.043091473133360952
-0.943774095634672 0.887548191269344 0.23861918608319691 0.0096945915479397458
0.887548191269344 -0.943774095634672 0.23861918608319691 0.0096945915479397458
-0.943774095634672 -0.943774095634672 0.23861918608319691 0.0096945915479397458
-0.645721803061366 0.291443606122732 0.23861918608319691 0.070556633943953788
0.291443606122732 -0.645721803061366 0.23861918608319691 0.070556633943953788
-0.645721803061366 -0.645721803061366 0.23861918608319691 0.070556633943953788
-0.188982808265134 -0.622034383469732 0.23861918608319691 0.091287952034765907
-0.622034383469732 -0.188982808265134 0.23861918608319691 0.091287952034765907
-0.188982808265134 -0.188982808265134 0.23861918608319691 0.091287952034765907
0.635801960056998 -0.702868375458226 0.23861918608319691 0.027110249627539988
-0.932933584598772 -0.702868375458226 0.23861918608319691 0.027110249627539988
-0.702868375458226 -0.932933584598772 0.23861918608319691 0.027110249627539988
0.635801960056998 -0.932933584598772 0.23861918608319691 0.027110249627539988
-0.932933584598772 0.635801960056998 0.23861918608319691 0.027110249627539988
-0.702868375458226 0.635801960056998 0.23861918608319691 0.027110249627539988
0.209957823550266 -0.285607402768638 0.23861918608319691 0.043091473133360952
-0.924350420781628 -0.285607402768638 0.23861918608319691 0.043091473133360952
-0.285607402768638 -0.924350420781628 0.23861918608319691 0.043091473133360952
0.209957823550266 -0.924350420781628 0.23861918608319691 0.043091473133360952
-0.924350420781628 0.209957823550266 0.23861918608319691 0.043091473133360952
-0.285607402768638 0.209957823550266 0.23861918608319691 0.043091473133360952
-0.943774095634672 0.887548191269344 0.66120938646626451 0.0074745286226362648
0.887548191269344 -0.943774095634672 0.66120938646626451 0.0074745286226362648
-0.943774095634672 -0.943774095634672 0.66120938646626451 0.0074745286226362648
-0.645721803061366 0.291443606122732 0.66120938646626451 0.054399154138992903
0.291443606122732 -0.645721803061366 0.66120938646626451 0.054399154138992903
-0.645721803061366 -0.645721803061366 0.66120938646626451 0.054399154138992903
-0.188982808265134 -0.622034383469732 0.66120938646626451 0.070382997263119465
-0.622034383469732 -0.188982808265134 0.66120938646626451 0.070382997263119465
-0.188982808265134 -0.188982808265134 0.66120938646626451 0.070382997263119465
0.635801960056998 -0.702868375458226 0.66120938646626451 0.020901998377737245
-0.932933584598772 -0.702868375458226 0.66120938646626451 0.020901998377737245
-0.702868375458226 -0.932933584598772 0.66120938646626451 0.020901998377737245
0.635801960056998 -0.932933584598772 0.66120938646626451 0.020901998377737245
-0.932933584598772 0.635801960056998 0.66120938646626451 0.020901998377737245
-0.702868375458226 0.635801960056998 0.66120938646626451 0.020901998377737245
0.209957823550266 -0.285607402768638 0.66120938646626451 0.033223519292601548
-0.924350420781628 -0.285607402768638 0.66120938646626451 0.033223519292601548
-0.285607402768638 -0.924350420781628 0.66120938646626451 0.033223519292601548
0.209957823550266 -0.924350420781628 0.66120938646626451 0.033223519292601548
-0.924350420781628 0.209957823550266 0.66120938646626451 0.033223519292601548
-0.285607402768638 0.209957823550266 0.66120938646626451 0.033223519292601548
-0.943774095634672 0.887548191269344 0.93246951420315203 0.0035496292224999894
0.887548191269344 -0.943774095634672 0.93246951420315203 0.0035496292224999894
-0.943774095634672 -0.943774095634672 0.93246951420315203 0.0035496292224999894
-0.645721803061366 0.291443606122732 0.93246951420315203 0.025833980570529308
0.291443606122732 -0.645721803061366 0.93246951420315203 0.025833980570529308
-0.645721803061366 -0.645721803061366 0.93246951420315203 0.025833980570529308
-0.188982808265134 -0.622034383469732 0.93246951420315203 0.033424655448598628
-0.622034383469732 -0.188982808265134 0.93246951420315203 0.033424655448598628
-0.188982808265134 -0.188982808265134 0.93246951420315203 0.033424655448598628
0.635801960056998 -0.702868375458226 0.93246951420315203 0.0099262907396687667
-0.932933584598772 -0.702868375458226 0.93246951420315203 0.0099262907396687667
-0.702868375458226 -0.932933584598772 0.93246951420315203 0.0099262907396687667
0.635801960056998 -0.932933584598772 0.93246951420315203 0.0099262907396687667
-0.932933584598772 0.635801960056998 0.93246951420315203 0.0099262907396687667
-0.702868375458226 0.635801960056998 0.93246951420315203 0.0099262907396687667
0.209957823550266 -0.285607402768638 0.93246951420315203 0.0157777407659075
-0.924350420781628 -0.285607402768638 0.93246951420315203 0.0157777407659075
-0.285607402768638 -0.924350420781628 0.93246951420315203 0.0157777407659075
0.209957823550266 -0.924350420781628 0.93246951420315203 0.0157777407659075
-0.924350420781628 0.209957823550266 0.93246951420315203 0.0157777407659075
-0.285607402768638 0.209957823550266 0.93246951420315203 0.0157777407659075
