-0.895845867331362 0.791691734662724 -0.96816023950762609 0.002149866231230389
0.791691734662724 -0.895845867331362 -0.96816023950762609 0.002149866231230389
-0.895845867331362 -0.895845867331362 -0.96816023950762609 0.002149866231230389
-0.772586942778008 0.545173885556016 -0.96816023950762609 0.0028244174140857787
0.545173885556016 -0.772586942778008 -0.96816023950762609 0.0028244174140857787
-0.772586942778008 -0.772586942778008 -0.96816023950762609 0.0028244174140857787
-0.565662308452164 0.131324616904328 -0.96816023950762609 0.0076841810469735679
0.131324616904328 -0.565662308452164 -0.96816023950762609 0.0076841810469735679
-0.565662308452164 -0.565662308452164 -0.96816023950762609 0.0076841810469735679
-0.227854451277354 -0.544291097445292 -0.96816023950762609 0.0086154461011746128
-0.544291097445292 -0.227854451277354 -0.96816023950762609 0.0086154461011746128
-0.227854451277354 -0.227854451277354 -0.96816023950762609 0.0086154461011746128
-0.02014813417346 -0.95970373165308 -0.96816023950762609 0.00307909352621139
-0.95970373165308 -0.02014813417346 -0.96816023950762609 0.00307909352621139
-0.02014813417346 -0.02014813417346 -0.96816023950762609 0.00307909352621139
0.669376181231556 -0.703503756777164 -0.96816023950762609 0.001940472038628373
-0.965872424454392 -0.703503756777164 -0.96816023950762609 0.001940472038628373
-0.703503756777164 -0.965872424454392 -0.96816023950762609 0.001940472038628373
0.669376181231556 -0.965872424454392 -0.96816023950762609 0.001940472038628373
-0.965872424454392 0.669376181231556 -0.96816023950762609 0.001940472038628373
-0.703503756777164 0.669376181231556 -0.96816023950762609 0.001940472038628373
0.414495985308496 -0.57957674232286 -0.96816023950762609 0.004014616934359624
-0.834919242985636 -0.57957674232286 -0.96816023950762609 0.004014616934359624
-0.57957674232286 -0.834919242985636 -0.96816023950762609 0.004014616934359624
0.414495985308496 -0.834919242985636 -0.96816023950762609 0.004014616934359624
-0.834919242985636 0.414495985308496 -0.96816023950762609 0.004014616934359624
-0.57957674232286 0.414495985308496 -0.96816023950762609 0.004014616934359624
0.925803833285858 -0.92588151521622 -0.96816023950762609 0.00035645055218844636
-0.999922318069638 -0.92588151521622 -0.96816023950762609 0.00035645055218844636
-0.92588151521622 -0.999922318069638 -0.96816023950762609 0.00035645055218844636
0.925803833285858 -0.999922318069638 -0.96816023950762609 0.00035645055218844636
-0.999922318069638 0.925803833285858 -0.96816023950762609 0.00035645055218844636
-0.92588151521622 0.925803833285858 -0.96816023950762609 0.00035645055218844636
0.348012222825796 -0.38207975901364 -0.96816023950762609 0.0025093498534650444
-0.965932463812156 -0.38207975901364 -0.96816023950762609 0.0025093498534650444
-0.38207975901364 -0.965932463812156 -0.96816023950762609 0.0025093498534650444
0.348012222825796 -0.965932463812156 -0.96816023950762609 0.0025093498534650444
-0.965932463812156 0.348012222825796 -0.96816023950762609 0.0025093498534650444
-0.38207975901364 0.348012222825796 -0.96816023950762609 0.0025093498534650444
0.08389791764566 -0.279351646321358 -0.96816023950762609 0.0060940712487121679
-0.804546271324302 -0.279351646321358 -0.96816023950762609 0.0060940712487121679
-0.279351646321358 -0.804546271324302 -0.96816023950762609 0.0060940712487121679
0.08389791764566 -0.804546271324302 -0.96816023950762609 0.0060940712487121679
-0.804546271324302 0.08389791764566 -0.96816023950762609 0.0060940712487121679
-0.279351646321358 0.08389791764566 -0.96816023950762609 0.0060940712487121679
-0.895845867331362 0.791691734662724 -0.83603110732663579 0.0047784965010622131
0.791691734662724 -0.895845867331362 -0.83603110732663579 0.0047784965010622131
-0.895845867331362 -0.895845867331362 -0.83603110732663579 0.0047784965010622131
-0.772586942778008 0.545173885556016 -0.83603110732663579 0.0062778179101050019
0.545173885556016 -0.772586942778008 -0.83603110732663579 0.0062778179101050019
-0.772586942778008 -0.772586942778008 -0.83603110732663579 0.0062778179101050019
-0.565662308452164 0.131324616904328 -0.83603110732663579 0.017079589284714346
0.131324616904328 -0.565662308452164 -0.83603110732663579 0.017079589284714346
-0.565662308452164 -0.565662308452164 -0.83603110732663579 0.017079589284714346
-0.227854451277354 -0.544291097445292 -0.83603110732663579 0.019149507281665441
-0.544291097445292 -0.227854451277354 -0.83603110732663579 0.019149507281665441
-0.227854451277354 -0.227854451277354 -0.83603110732663579 0.019149507281665441
-0.02014813417346 -0.95970373165308 -0.83603110732663579 0.0068438851811834812
-0.95970373165308 -0.02014813417346 -0.83603110732663579 0.0068438851811834812
-0.02014813417346 -0.02014813417346 -0.83603110732663579 0.0068438851811834812
0.669376181231556 -0.703503756777164 -0.83603110732663579 0.0043130771172157893
-0.965872424454392 -0.703503756777164 -0.83603110732663579 0.0043130771172157893
-0.703503756777164 -0.965872424454392 -0.83603110732663579 0.0043130771172157893
0.669376181231556 -0.965872424454392 -0.83603110732663579 0.0043130771172157893
-0.965872424454392 0.669376181231556 -0.83603110732663579 0.0043130771172157893
-0.703503756777164 0.669376181231556 -0.83603110732663579 0.0043130771172157893
0.414495985308496 -0.57957674232286 -0.83603110732663579 0.0089232681993258159
-0.834919242985636 -0.57957674232286 -0.83603110732663579 0.0089232681993258159
-0.57957674232286 -0.834919242985636 -0.83603110732663579 0.0089232681993258159
0.414495985308496 -0.834919242985636 -0.83603110732663579 0.0089232681993258159
-0.834919242985636 0.414495985308496 -0.83603110732663579 0.0089232681993258159
-0.57957674232286 0.414495985308496 -0.83603110732663579 0.0089232681993258159
0.925803833285858 -0.92588151521622 -0.83603110732663579 0.00079228079016775437
-0.999922318069638 -0.92588151521622 -0.83603110732663579 0.00079228079016775437
-0.92588151521622 -0.999922318069638 -0.83603110732663579 0.00079228079016775437
0.925803833285858 -0.999922318069638 -0.83603110732663579 0.00079228079016775437
-0.999922318069638 0.925803833285858 -0.83603110732663579 0.00079228079016775437
-0.92588151521622 0.925803833285858 -0.83603110732663579 0.00079228079016775437
0.348012222825796 -0.38207975901364 -0.83603110732663579 0.005577518880261296
-0.965932463812156 -0.38207975901364 -0.83603110732663579 0.005577518880261296
-0.38207975901364 -0.965932463812156 -0.83603110732663579 0.005577518880261296
0.348012222825796 -0.965932463812156 -0.83603110732663579 0.005577518880261296
-0.965932463812156 0.348012222825796 -0.83603110732663579 0.005577518880261296
-0.38207975901364 0.348012222825796 -0.83603110732663579 0.005577518880261296
0.08389791764566 -0.279351646321358 -0.83603110732663579 0.013545260498616691
-0.804546271324302 -0.279351646321358 -0.83603110732663579 0.013545260498616691
-0.279351646321358 -0.804546271324302 -0.83603110732663579 0.013545260498616691
0.08389791764566 -0.804546271324302 -0.83603110732663579 0.013545260498616691
-0.804546271324302 0.08389791764566 -0.83603110732663579 0.013545260498616691
-0.279351646321358 0.08389791764566 -0.83603110732663579 0.013545260498616691
-0.895845867331362 0.791691734662724 -0.6133714327005904 0.006893661668686257
0.791691734662724 -0.895845867331362 -0.6133714327005904 0.006893661668686257
-0.895845867331362 -0.895845867331362 -0.6133714327005904 0.006893661668686257
-0.772586942778008 0.545173885556016 -0.6133714327005904 0.0090566463071099517
0.545173885556016 -0.772586942778008 -0.6133714327005904 0.0090566463071099517
-0.772586942778008 -0.772586942778008 -0.6133714327005904 0.0090566463071099517
-0.565662308452164 0.131324616904328 -0.6133714327005904 0.024639739705316758
0.131324616904328 -0.565662308452164 -0.6133714327005904 0.024639739705316758
-0.565662308452164 -0.565662308452164 -0.6133714327005904 0.024639739705316758
-0.227854451277354 -0.544291097445292 -0.6133714327005904 0.027625891175707846
-0.544291097445292 -0.227854451277354 -0.6133714327005904 0.027625891175707846
-0.227854451277354 -0.227854451277354 -0.6133714327005904 0.027625891175707846
-0.02014813417346 -0.95970373165308 -0.6133714327005904 0.0098732789545680188
-0.95970373165308 -0.02014813417346 -0.6133714327005904 0.0098732789545680188
-0.02014813417346 -0.02014813417346 -0.6133714327005904 0.0098732789545680188
0.669376181231556 -0.703503756777164 -0.6133714327005904 0.0062222279309881208
-0.965872424454392 -0.703503756777164 -0.6133714327005904 0.0062222279309881208
-0.703503756777164 -0.965872424454392 -0.6133714327005904 0.0062222279309881208
0.669376181231556 -0.965872424454392 -0.6133714327005904 0.0062222279309881208
-0.965872424454392 0.669376181231556 -0.6133714327005904 0.0062222279309881208
-0.703503756777164 0.669376181231556 -0.6133714327005904 0.0062222279309881208
0.414495985308496 -0.57957674232286 -0.6133714327005904 0.012873085065862339
-0.834919242985636 -0.57957674232286 -0.6133714327005904 0.012873085065862339
-0.57957674232286 -0.834919242985636 -0.6133714327005904 0.012873085065862339
0.414495985308496 -0.834919242985636 -0.6133714327005904 0.012873085065862339
-0.834919242985636 0.414495985308496 -0.6133714327005904 0.012873085065862339
-0.57957674232286 0.414495985308496 -0.6133714327005904 0.012873085065862339
0.925803833285858 -0.92588151521622 -0.6133714327005904 0.001142977861928291
-0.999922318069638 -0.92588151521622 -0.6133714327005904 0.001142977861928291
-0.92588151521622 -0.999922318069638 -0.6133714327005904 0.001142977861928291
0.925803833285858 -0.999922318069638 -0.6133714327005904 0.001142977861928291
-0.999922318069638 0.925803833285858 -0.6133714327005904 0.001142977861928291
-0.92588151521622 0.925803833285858 -0.6133714327005904 0.001142977861928291
0.348012222825796 -0.38207975901364 -0.6133714327005904 0.0080463652328058072
-0.965932463812156 -0.38207975901364 -0.6133714327005904 0.0080463652328058072
-0.38207975901364 -0.965932463812156 -0.6133714327005904 0.0080463652328058072
0.348012222825796 -0.965932463812156 -0.6133714327005904 0.0080463652328058072
-0.965932463812156 0.348012222825796 -0.6133714327005904 0.0080463652328058072
-0.38207975901364 0.348012222825796 -0.6133714327005904 0.0080463652328058072
0.08389791764566 -0.279351646321358 -0.6133714327005904 0.019540967137033021
-0.804546271324302 -0.279351646321358 -0.6133714327005904 0.019540967137033021
-0.279351646321358 -0.804546271324302 -0.6133714327005904 0.019540967137033021
0.08389791764566 -0.804546271324302 -0.6133714327005904 0.019540967137033021
-0.804546271324302 0.08389791764566 -0.6133714327005904 0.019540967137033021
-0.279351646321358 0.08389791764566 -0.6133714327005904 0.019540967137033021
-0.895845867331362 0.791691734662724 -0.32425342340380893 0.0082621899332471432
0.791691734662724 -0.895845867331362 -0.32425342340380893 0.0082621899332471432
-0.895845867331362 -0.895845867331362 -0.32425342340380893 0.0082621899332471432
-0.772586942778008 0.545173885556016 -0.32425342340380893 0.010854569827161807
0.545173885556016 -0.772586942778008 -0.32425342340380893 0.010854569827161807
-0.772586942778008 -0.772586942778008 -0.32425342340380893 0.010854569827161807
-0.565662308452164 0.131324616904328 -0.32425342340380893 0.02953121564927257
0.131324616904328 -0.565662308452164 -0.32425342340380893 0.02953121564927257
-0.565662308452164 -0.565662308452164 -0.32425342340380893 0.02953121564927257
-0.227854451277354 -0.544291097445292 -0.32425342340380893 0.03311017728150455
-0.544291097445292 -0.227854451277354 -0.32425342340380893 0.03311017728150455
-0.227854451277354 -0.227854451277354 -0.32425342340380893 0.03311017728150455
-0.02014813417346 -0.95970373165308 -0.32425342340380893 0.011833320216035305
-0.95970373165308 -0.02014813417346 -0.32425342340380893 0.011833320216035305
-0.02014813417346 -0.02014813417346 -0.32425342340380893 0.011833320216035305
0.669376181231556 -0.703503756777164 -0.32425342340380893 0.0074574633111602128
-0.965872424454392 -0.703503756777164 -0.32425342340380893 0.0074574633111602128
-0.703503756777164 -0.965872424454392 -0.32425342340380893 0.0074574633111602128
0.669376181231556 -0.965872424454392 -0.32425342340380893 0.0074574633111602128
-0.965872424454392 0.669376181231556 -0.32425342340380893 0.0074574633111602128
-0.703503756777164 0.669376181231556 -0.32425342340380893 0.0074574633111602128
0.414495985308496 -0.57957674232286 -0.32425342340380893 0.01542864720561072
-0.834919242985636 -0.57957674232286 -0.32425342340380893 0.01542864720561072
-0.57957674232286 -0.834919242985636 -0.32425342340380893 0.01542864720561072
0.414495985308496 -0.834919242985636 -0.32425342340380893 0.01542864720561072
-0.834919242985636 0.414495985308496 -0.32425342340380893 0.01542864720561072
-0.57957674232286 0.414495985308496 -0.32425342340380893 0.01542864720561072
0.925803833285858 -0.92588151521622 -0.32425342340380893 0.001369881586681921
-0.999922318069638 -0.92588151521622 -0.32425342340380893 0.001369881586681921
-0.92588151521622 -0.999922318069638 -0.32425342340380893 0.001369881586681921
0.925803833285858 -0.999922318069638 -0.32425342340380893 0.001369881586681921
-0.999922318069638 0.925803833285858 -0.32425342340380893 0.001369881586681921
-0.92588151521622 0.925803833285858 -0.32425342340380893 0.001369881586681921
0.348012222825796 -0.38207975901364 -0.32425342340380893 0.0096437279664737777
-0.965932463812156 -0.38207975901364 -0.32425342340380893 0.0096437279664737777
-0.38207975901364 -0.965932463812156 -0.32425342340380893 0.0096437279664737777
0.348012222825796 -0.965932463812156 -0.32425342340380893 0.0096437279664737777
-0.965932463812156 0.348012222825796 -0.32425342340380893 0.0096437279664737777
-0.38207975901364 0.348012222825796 -0.32425342340380893 0.0096437279664737777
0.08389791764566 -0.279351646321358 -0.32425342340380893 0.023420235823130502
-0.804546271324302 -0.279351646321358 -0.32425342340380893 0.023420235823130502
-0.279351646321358 -0.804546271324302 -0.32425342340380893 0.023420235823130502
0.08389791764566 -0.804546271324302 -0.32425342340380893 0.023420235823130502
-0.804546271324302 0.08389791764566 -0.32425342340380893 0.023420235823130502
-0.279351646321358 0.08389791764566 -0.32425342340380893 0.023420235823130502
-0.895845867331362 0.791691734662724 0.0 0.0087354756135719951
0.791691734662724 -0.895845867331362 0.0 0.0087354756135719951
-0.895845867331362 -0.895845867331362 0.0 0.0087354756135719951
-0.772586942778008 0.545173885556016 0.0 0.011476355637798922
0.545173885556016 -0.772586942778008 0.0 0.011476355637798922
-0.772586942778008 -0.772586942778008 0.0 0.011476355637798922
-0.565662308452164 0.131324616904328 0.0 0.031222861762749516
0.131324616904328 -0.565662308452164 0.0 0.031222861762749516
-0.565662308452164 -0.565662308452164 0.0 0.031222861762749516
-0.227854451277354 -0.544291097445292 0.0 0.035006838203967102
-0.544291097445292 -0.227854451277354 0.0 0.035006838203967102
-0.227854451277354 -0.227854451277354 0.0 0.035006838203967102
-0.02014813417346 -0.95970373165308 0.0 0.012511172099639609
-0.95970373165308 -0.02014813417346 0.0 0.012511172099639609
-0.02014813417346 -0.02014813417346 0.0 0.012511172099639609
0.669376181231556 -0.703503756777164 0.0 0.0078846515778590083
-0.965872424454392 -0.703503756777164 0.0 0.0078846515778590083
-0.703503756777164 -0.965872424454392 0.0 0.0078846515778590083
0.669376181231556 -0.965872424454392 0.0 0.0078846515778590083
-0.965872424454392 0.669376181231556 0.0 0.0078846515778590083
-0.703503756777164 0.669376181231556 0.0 0.0078846515778590083
0.414495985308496 -0.57957674232286 0.0 0.016312451360223002
-0.834919242985636 -0.57957674232286 0.0 0.016312451360223002
-0.57957674232286 -0.834919242985636 0.0 0.016312451360223002
0.414495985308496 -0.834919242985636 0.0 0.016312451360223002
-0.834919242985636 0.414495985308496 0.0 0.016312451360223002
-0.57957674232286 0.414495985308496 0.0 0.016312451360223002
0.925803833285858 -0.92588151521622 0.0 0.0014483529537111746
-0.999922318069638 -0.92588151521622 0.0 0.0014483529537111746
-0.92588151521622 -0.999922318069638 0.0 0.0014483529537111746
0.925803833285858 -0.999922318069638 0.0 0.0014483529537111746
-0.999922318069638 0.925803833285858 0.0 0.0014483529537111746
-0.92588151521622 0.925803833285858 0.0 0.0014483529537111746
0.348012222825796 -0.38207975901364 0.0 0.010196152733800149
-0.965932463812156 -0.38207975901364 0.0 0.010196152733800149
-0.38207975901364 -0.965932463812156 0.0 0.010196152733800149
0.348012222825796 -0.965932463812156 0.0 0.010196152733800149
-0.965932463812156 0.348012222825796 0.0 0.010196152733800149
-0.38207975901364 0.348012222825796 0.0 0.010196152733800149
0.08389791764566 -0.279351646321358 0.0 0.024761824715963235
-0.804546271324302 -0.279351646321358 0.0 0.024761824715963235
-0.279351646321358 -0.804546271324302 0.0 0.024761824715963235
0.08389791764566 -0.804546271324302 0.0 0.024761824715963235
-0.804546271324302 0.08389791764566 0.0 0.024761824715963235
-0.279351646321358 0.08389791764566 0.0 0.024761824715963235
-0.895845867331362 0.791691734662724 0.32425342340380893 0.0082621899332471432
0.791691734662724 -0.895845867331362 0.32425342340380893 0.0082621899332471432
-0.895845867331362 -0.895845867331362 0.32425342340380893 0.0082621899332471432
-0.772586942778008 0.545173885556016 0.32425342340380893 0.010854569827161807
0.545173885556016 -0.772586942778008 0.32425342340380893 0.010854569827161807
-0.772586942778008 -0.772586942778008 0.32425342340380893 0.010854569827161807
-0.565662308452164 0.131324616904328 0.32425342340380893 0.02953121564927257
0.131324616904328 -0.565662308452164 0.32425342340380893 0.02953121564927257
-0.565662308452164 -0.565662308452164 0.32425342340380893 0.02953121564927257
-0.227854451277354 -0.544291097445292 0.32425342340380893 0.03311017728150455
-0.544291097445292 -0.227854451277354 0.32425342340380893 0.03311017728150455
-0.227854451277354 -0.227854451277354 0.32425342340380893 0.03311017728150455
-0.02014813417346 -0.95970373165308 0.32425342340380893 0.011833320216035305
-0.95970373165308 -0.02014813417346 0.32425342340380893 0.011833320216035305
-0.02014813417346 -0.02014813417346 0.32425342340380893 0.011833320216035305
0.669376181231556 -0.703503756777164 0.32425342340380893 0.0074574633111602128
-0.965872424454392 -0.703503756777164 0.32425342340380893 0.0074574633111602128
-0.703503756777164 -0.965872424454392 0.32425342340380893 0.0074574633111602128
0.669376181231556 -0.965872424454392 0.32425342340380893 0.0074574633111602128
-0.965872424454392 0.669376181231556 0.32425342340380893 0.0074574633111602128
-0.703503756777164 0.669376181231556 0.32425342340380893 0.0074574633111602128
0.414495985308496 -0.57957674232286 0.32425342340380893 0.01542864720561072
-0.834919242985636 -0.57957674232286 0.32425342340380893 0.01542864720561072
-0.57957674232286 -0.834919242985636 0.32425342340380893 0.01542864720561072
0.414495985308496 -0.834919242985636 0.32425342340380893 0.01542864720561072
-0.834919242985636 0.414495985308496 0.32425342340380893 0.01542864720561072
-0.57957674232286 0.414495985308496 0.32425342340380893 0.01542864720561072
0.925803833285858 -0.92588151521622 0.32425342340380893 0.001369881586681921
-0.999922318069638 -0.92588151521622 0.32425342340380893 0.001369881586681921
-0.92588151521622 -0.999922318069638 0.32425342340380893 0.001369881586681921
0.925803833285858 -0.999922318069638 0.32425342340380893 0.001369881586681921
-0.999922318069638 0.925803833285858 0.32425342340380893 0.001369881586681921
-0.92588151521622 0.925803833285858 0.32425342340380893 0.001369881586681921
0.348012222825796 -0.38207975901364 0.32425342340380893 0.0096437279664737777
-0.965932463812156 -0.38207975901364 0.32425342340380893 0.0096437279664737777
-0.38207975901364 -0.965932463812156 0.32425342340380893 0.0096437279664737777
0.348012222825796 -0.965932463812156 0.32425342340380893 0.0096437279664737777
-0.965932463812156 0.348012222825796 0.32425342340380893 0.0096437279664737777
-0.38207975901364 0.348012222825796 0.32425342340380893 0.0096437279664737777
0.08389791764566 -0.279351646321358 0.32425342340380893 0.023420235823130502
-0.804546271324302 -0.279351646321358 0.32425342340380893 0.023420235823130502
-0.279351646321358 -0.804546271324302 0.32425342340380893 0.023420235823130502
0.08389791764566 -0.804546271324302 0.32425342340380893 0.023420235823130502
-0.804546271324302 0.08389791764566 0.32425342340380893 0.023420235823130502
-0.279351646321358 0.08389791764566 0.32425342340380893 0.023420235823130502
-0.895845867331362 0.791691734662724 0.6133714327005904 0.006893661668686257
0.791691734662724 -0.895845867331362 0.6133714327005904 0.006893661668686257
-0.895845867331362 -0.895845867331362 0.6133714327005904 0.006893661668686257
-0.772586942778008 0.545173885556016 0.6133714327005904 0.0090566463071099517
0.545173885556016 -0.772586942778008 0.6133714327005904 0.0090566463071099517
-0.772586942778008 -0.772586942778008 0.6133714327005904 0.0090566463071099517
-0.565662308452164 0.131324616904328 0.6133714327005904 0.024639739705316758
0.131324616904328 -0.565662308452164 0.6133714327005904 0.024639739705316758
-0.565662308452164 -0.565662308452164 0.6133714327005904 0.024639739705316758
-0.227854451277354 -0.544291097445292 0.6133714327005904 0.027625891175707846
-0.544291097445292 -0.227854451277354 0.6133714327005904 0.027625891175707846
-0.227854451277354 -0.227854451277354 0.6133714327005904 0.027625891175707846
-0.02014813417346 -0.95970373165308 0.6133714327005904 0.0098732789545680188
-0.95970373165308 -0.02014813417346 0.6133714327005904 0.0098732789545680188
-0.02014813417346 -0.02014813417346 0.6133714327005904 0.0098732789545680188
0.669376181231556 -0.703503756777164 0.6133714327005904 0.0062222279309881208
-0.965872424454392 -0.703503756777164 0.6133714327005904 0.0062222279309881208
-0.703503756777164 -0.965872424454392 0.6133714327005904 0.0062222279309881208
0.669376181231556 -0.965872424454392 0.6133714327005904 0.0062222279309881208
-0.965872424454392 0.669376181231556 0.6133714327005904 0.0062222279309881208
-0.703503756777164 0.669376181231556 0.6133714327005904 0.0062222279309881208
0.414495985308496 -0.57957674232286 0.6133714327005904 0.012873085065862339
-0.834919242985636 -0.57957674232286 0.6133714327005904 0.012873085065862339
-0.57957674232286 -0.834919242985636 0.6133714327005904 0.012873085065862339
0.414495985308496 -0.834919242985636 0.6133714327005904 0.012873085065862339
-0.834919242985636 0.414495985308496 0.6133714327005904 0.012873085065862339
-0.57957674232286 0.414495985308496 0.6133714327005904 0.012873085065862339
0.925803833285858 -0.92588151521622 0.6133714327005904 0.001142977861928291
-0.999922318069638 -0.92588151521622 0.6133714327005904 0.001142977861928291
-0.92588151521622 -0.999922318069638 0.6133714327005904 0.001142977861928291
0.925803833285858 -0.999922318069638 0.6133714327005904 0.001142977861928291
-0.999922318069638 0.925803833285858 0.6133714327005904 0.001142977861928291
-0.92588151521622 0.925803833285858 0.6133714327005904 0.001142977861928291
0.348012222825796 -0.38207975901364 0.6133714327005904 0.0080463652328058072
-0.965932463812156 -0.38207975901364 0.6133714327005904 0.0080463652328058072
-0.38207975901364 -0.965932463812156 0.6133714327005904 0.0080463652328058072
0.348012222825796 -0.965932463812156 0.6133714327005904 0.0080463652328058072
-0.965932463812156 0.348012222825796 0.6133714327005904 0.0080463652328058072
-0.38207975901364 0.348012222825796 0.6133714327005904 0.0080463652328058072
0.08389791764566 -0.279351646321358 0.6133714327005904 0.019540967137033021
-0.804546271324302 -0.279351646321358 0.6133714327005904 0.019540967137033021
-0.279351646321358 -0.804546271324302 0.6133714327005904 0.019540967137033021
0.08389791764566 -0.804546271324302 0.6133714327005904 0.019540967137033021
-0.804546271324302 0.08389791764566 0.6133714327005904 0.019540967137033021
-0.279351646321358 0.08389791764566 0.6133714327005904 0.019540967137033021
-0.895845867331362 0.791691734662724 0.83603110732663579 0.0047784965010622131
0.791691734662724 -0.895845867331362 0.83603110732663579 0.0047784965010622131
-0.895845867331362 -0.895845867331362 0.83603110732663579 0.0047784965010622131
-0.772586942778008 0.545173885556016 0.83603110732663579 0.0062778179101050019
0.545173885556016 -0.772586942778008 0.83603110732663579 0.0062778179101050019
-0.772586942778008 -0.772586942778008 0.83603110732663579 0.0062778179101050019
-0.565662308452164 0.131324616904328 0.83603110732663579 0.017079589284714346
0.131324616904328 -0.565662308452164 0.83603110732663579 0.017079589284714346
-0.565662308452164 -0.565662308452164 0.83603110732663579 0.017079589284714346
-0.227854451277354 -0.544291097445292 0.83603110732663579 0.019149507281665441
-0.544291097445292 -0.227854451277354 0.83603110732663579 0.019149507281665441
-0.227854451277354 -0.227854451277354 0.83603110732663579 0.019149507281665441
-0.02014813417346 -0.95970373165308 0.83603110732663579 0.0068438851811834812
-0.95970373165308 -0.02014813417346 0.83603110732663579 0.0068438851811834812
-0.02014813417346 -0.02014813417346 0.83603110732663579 0.0068438851811834812
0.669376181231556 -0.703503756777164 0.83603110732663579 0.0043130771172157893
-0.965872424454392 -0.703503756777164 0.83603110732663579 0.0043130771172157893
-0.703503756777164 -0.965872424454392 0.83603110732663579 0.0043130771172157893
0.669376181231556 -0.965872424454392 0.83603110732663579 0.0043130771172157893
-0.965872424454392 0.669376181231556 0.83603110732663579 0.0043130771172157893
-0.703503756777164 0.669376181231556 0.83603110732663579 0.0043130771172157893
0.414495985308496 -0.57957674232286 0.83603110732663579 0.0089232681993258159
-0.834919242985636 -0.57957674232286 0.83603110732663579 0.0089232681993258159
-0.57957674232286 -0.834919242985636 0.83603110732663579 0.0089232681993258159
0.414495985308496 -0.834919242985636 0.83603110732663579 0.0089232681993258159
-0.834919242985636 0.414495985308496 0.83603110732663579 0.0089232681993258159
-0.57957674232286 0.414495985308496 0.83603110732663579 0.0089232681993258159
0.925803833285858 -0.92588151521622 0.83603110732663579 0.00079228079016775437
-0.999922318069638 -0.92588151521622 0.83603110732663579 0.00079228079016775437
-0.92588151521622 -0.999922318069638 0.83603110732663579 0.00079228079016775437
0.925803833285858 -0.999922318069638 0.83603110732663579 0.00079228079016775437
-0.999922318069638 0.925803833285858 0.83603110732663579 0.00079228079016775437
-0.92588151521622 0.925803833285858 0.83603110732663579 0.00079228079016775437
0.348012222825796 -0.38207975901364 0.83603110732663579 0.005577518880261296
-0.965932463812156 -0.38207975901364 0.83603110732663579 0.005577518880261296
-0.38207975901364 -0.965932463812156 0.83603110732663579 0.005577518880261296
0.348012222825796 -0.965932463812156 0.83603110732663579 0.005577518880261296
-0.965932463812156 0.348012222825796 0.83603110732663579 0.005577518880261296
-0.38207975901364 0.348012222825796 0.83603110732663579 0.005577518880261296
0.08389791764566 -0.279351646321358 0.83603110732663579 0.013545260498616691
-0.804546271324302 -0.279351646321358 0.83603110732663579 0.013545260498616691
-0.279351646321358 -0.804546271324302 0.83603110732663579 0.013545260498616691
0.08389791764566 -0.804546271324302 0.83603110732663579 0.013545260498616691
-0.804546271324302 0.08389791764566 0.83603110732663579 0.013545260498616691
-0.279351646321358 0.08389791764566 0.83603110732663579 0.013545260498616691
-0.895845867331362 0.791691734662724 0.96816023950762609 0.002149866231230389
0.791691734662724 -0.895845867331362 0.96816023950762609 0.002149866231230389
-0.895845867331362 -0.895845867331362 0.96816023950762609 0.002149866231230389
-0.772586942778008 0.545173885556016 0.96816023950762609 0.0028244174140857787
0.545173885556016 -0.772586942778008 0.96816023950762609 0.0028244174140857787
-0.772586942778008 -0.772586942778008 0.96816023950762609 0.0028244174140857787
-0.565662308452164 0.131324616904328 0.96816023950762609 0.0076841810469735679
0.131324616904328 -0.565662308452164 0.96816023950762609 0.0076841810469735679
-0.565662308452164 -0.565662308452164 0.96816023950762609 0.0076841810469735679
-0.227854451277354 -0.544291097445292 0.96816023950762609 0.0086154461011746128
-0.544291097445292 -0.227854451277354 0.96816023950762609 0.0086154461011746128
-0.227854451277354 -0.227854451277354 0.96816023950762609 0.0086154461011746128
-0.02014813417346 -0.95970373165308 0.96816023950762609 0.00307909352621139
-0.95970373165308 -0.02014813417346 0.96816023950762609 0.00307909352621139
-0.02014813417346 -0.02014813417346 0.96816023950762609 0.00307909352621139
0.669376181231556 -0.703503756777164 0.96816023950762609 0.001940472038628373
-0.965872424454392 -0.703503756777164 0.96816023950762609 0.001940472038628373
-0.703503756777164 -0.965872424454392 0.96816023950762609 0.001940472038628373
0.669376181231556 -0.965872424454392 0.96816023950762609 0.001940472038628373
-0.965872424454392 0.669376181231556 0.96816023950762609 0.001940472038628373
-0.703503756777164 0.669376181231556 0.96816023950762609 0.001940472038628373
0.414495985308496 -0.57957674232286 0.96816023950762609 0.004014616934359624
-0.834919242985636 -0.57957674232286 0.96816023950762609 0.004014616934359624
-0.57957674232286 -0.834919242985636 0.96816023950762609 0.004014616934359624
0.414495985308496 -0.834919242985636 0.96816023950762609 0.004014616934359624
-0.834919242985636 0.414495985308496 0.96816023950762609 0.004014616934359624
-0.57957674232286 0.414495985308496 0.96816023950762609 0.004014616934359624
0.925803833285858 -0.92588151521622 0.96816023950762609 0.00035645055218844636
-0.999922318069638 -0.92588151521622 0.96816023950762609 0.00035645055218844636
-0.92588151521622 -0.999922318069638 0.96816023950762609 0.00035645055218844636
0.925803833285858 -0.999922318069638 0.96816023950762609 0.00035645055218844636
-0.999922318069638 0.925803833285858 0.96816023950762609 0.00035645055218844636
-0.92588151521622 0.925803833285858 0.96816023950762609 0.00035645055218844636
0.348012222825796 -0.38207975901364 0.96816023950762609 0.0025093498534650444
-0.965932463812156 -0.38207975901364 0.96816023950762609 0.0025093498534650444
-0.38207975901364 -0.965932463812156 0.96816023950762609 0.0025093498534650444
0.348012222825796 -0.965932463812156 0.96816023950762609 0.0025093498534650444
-0.965932463812156 0.348012222825796 0.96816023950762609 0.0025093498534650444
-0.38207975901364 0.348012222825796 0.96816023950762609 0.0025093498534650444
0.08389791764566 -0.279351646321358 0.96816023950762609 0.0060940712487121679
-0.804546271324302 -0.279351646321358 0.96816023950762609 0.0060940712487121679
-0.279351646321358 -0.804546271324302 0.96816023950762609 0.0060940712487121679
0.08389791764566 -0.804546271324302 0.96816023950762609 0.0060940712487121679
-0.804546271324302 0.08389791764566 0.96816023950762609 0.0060940712487121679
-0.279351646321358 0.08389791764566 0.96816023950762609 0.0060940712487121679
