  -0.33333333333333333333333333333333333333    -0.33333333333333333333333333333333333333    -0.29975395770668231648350360865201674135     0.11916968032584224921008909323346017438
  -0.33333333333333333333333333333333333333    -0.33333333333333333333333333333333333333     0.29975395770668231648350360865201674135     0.11916968032584224921008909323346017438
  -0.33333333333333333333333333333333333333    -0.33333333333333333333333333333333333333    -0.97600119203095507612190112835019774277    0.048824183030006559613966506261206373097
  -0.33333333333333333333333333333333333333    -0.33333333333333333333333333333333333333     0.97600119203095507612190112835019774277    0.048824183030006559613966506261206373097
  -0.93517636008450460682074652569080567965     0.87035272016900921364149305138161135931                                            0    0.026255729199872671221361545308325421062
   0.87035272016900921364149305138161135931    -0.93517636008450460682074652569080567965                                            0    0.026255729199872671221361545308325421062
  -0.93517636008450460682074652569080567965    -0.93517636008450460682074652569080567965                                            0    0.026255729199872671221361545308325421062
  -0.71656295888178526884920777504600934098     0.43312591776357053769841555009201868197                                            0     0.11503874125097665476810410598884124785
   0.43312591776357053769841555009201868197    -0.71656295888178526884920777504600934098                                            0     0.11503874125097665476810410598884124785
  -0.71656295888178526884920777504600934098    -0.71656295888178526884920777504600934098                                            0     0.11503874125097665476810410598884124785
  -0.99118995943000919208405103956763004862     0.98237991886001838416810207913526009724    -0.89266801300545588686468166794508771726    0.002798824284955704068536127097890775619
   0.98237991886001838416810207913526009724    -0.99118995943000919208405103956763004862    -0.89266801300545588686468166794508771726    0.002798824284955704068536127097890775619
  -0.99118995943000919208405103956763004862    -0.99118995943000919208405103956763004862    -0.89266801300545588686468166794508771726    0.002798824284955704068536127097890775619
  -0.99118995943000919208405103956763004862     0.98237991886001838416810207913526009724     0.89266801300545588686468166794508771726    0.002798824284955704068536127097890775619
   0.98237991886001838416810207913526009724    -0.99118995943000919208405103956763004862     0.89266801300545588686468166794508771726    0.002798824284955704068536127097890775619
  -0.99118995943000919208405103956763004862    -0.99118995943000919208405103956763004862     0.89266801300545588686468166794508771726    0.002798824284955704068536127097890775619
  -0.84561404721104071382445488460069426525     0.69122809442208142764890976920138853051    -0.88419402208169301231987659665536769706    0.020270595291349254386709989595428797274
   0.69122809442208142764890976920138853051    -0.84561404721104071382445488460069426525    -0.88419402208169301231987659665536769706    0.020270595291349254386709989595428797274
  -0.84561404721104071382445488460069426525    -0.84561404721104071382445488460069426525    -0.88419402208169301231987659665536769706    0.020270595291349254386709989595428797274
  -0.84561404721104071382445488460069426525     0.69122809442208142764890976920138853051     0.88419402208169301231987659665536769706    0.020270595291349254386709989595428797274
   0.69122809442208142764890976920138853051    -0.84561404721104071382445488460069426525     0.88419402208169301231987659665536769706    0.020270595291349254386709989595428797274
  -0.84561404721104071382445488460069426525    -0.84561404721104071382445488460069426525     0.88419402208169301231987659665536769706    0.020270595291349254386709989595428797274
  -0.58087510050100410325952324119528486639     0.16175020100200820651904648239056973279    -0.64912555591752708342319535935927513445     0.12016324911946298980482946501491732997
   0.16175020100200820651904648239056973279    -0.58087510050100410325952324119528486639    -0.64912555591752708342319535935927513445     0.12016324911946298980482946501491732997
  -0.58087510050100410325952324119528486639    -0.58087510050100410325952324119528486639    -0.64912555591752708342319535935927513445     0.12016324911946298980482946501491732997
  -0.58087510050100410325952324119528486639     0.16175020100200820651904648239056973279     0.64912555591752708342319535935927513445     0.12016324911946298980482946501491732997
   0.16175020100200820651904648239056973279    -0.58087510050100410325952324119528486639     0.64912555591752708342319535935927513445     0.12016324911946298980482946501491732997
  -0.58087510050100410325952324119528486639    -0.58087510050100410325952324119528486639     0.64912555591752708342319535935927513445     0.12016324911946298980482946501491732997
   -0.1377305365461112094994175446272899481    -0.72453892690777758100116491074542010379    -0.23670530542702613636748223732987912958    0.084484477277347822893150224090399847616
  -0.72453892690777758100116491074542010379     -0.1377305365461112094994175446272899481    -0.23670530542702613636748223732987912958    0.084484477277347822893150224090399847616
   -0.1377305365461112094994175446272899481     -0.1377305365461112094994175446272899481    -0.23670530542702613636748223732987912958    0.084484477277347822893150224090399847616
   -0.1377305365461112094994175446272899481    -0.72453892690777758100116491074542010379     0.23670530542702613636748223732987912958    0.084484477277347822893150224090399847616
  -0.72453892690777758100116491074542010379     -0.1377305365461112094994175446272899481     0.23670530542702613636748223732987912958    0.084484477277347822893150224090399847616
   -0.1377305365461112094994175446272899481     -0.1377305365461112094994175446272899481     0.23670530542702613636748223732987912958    0.084484477277347822893150224090399847616
   -0.1172155070073798795294221223718544362    -0.76556898598524024094115575525629112759    -0.82018485047357368053420197331690130912    0.057790108007516229312730959453359964131
  -0.76556898598524024094115575525629112759     -0.1172155070073798795294221223718544362    -0.82018485047357368053420197331690130912    0.057790108007516229312730959453359964131
   -0.1172155070073798795294221223718544362     -0.1172155070073798795294221223718544362    -0.82018485047357368053420197331690130912    0.057790108007516229312730959453359964131
   -0.1172155070073798795294221223718544362    -0.76556898598524024094115575525629112759     0.82018485047357368053420197331690130912    0.057790108007516229312730959453359964131
  -0.76556898598524024094115575525629112759     -0.1172155070073798795294221223718544362     0.82018485047357368053420197331690130912    0.057790108007516229312730959453359964131
   -0.1172155070073798795294221223718544362     -0.1172155070073798795294221223718544362     0.82018485047357368053420197331690130912    0.057790108007516229312730959453359964131
-0.0078560386297232260456099181064130748577    -0.98428792274055354790878016378717385028     -0.7186579621769737284986922523649309645    0.024386159817131312218351920063655035124
  -0.98428792274055354790878016378717385028  -0.0078560386297232260456099181064130748577     -0.7186579621769737284986922523649309645    0.024386159817131312218351920063655035124
-0.0078560386297232260456099181064130748577  -0.0078560386297232260456099181064130748577     -0.7186579621769737284986922523649309645    0.024386159817131312218351920063655035124
-0.0078560386297232260456099181064130748577    -0.98428792274055354790878016378717385028      0.7186579621769737284986922523649309645    0.024386159817131312218351920063655035124
  -0.98428792274055354790878016378717385028  -0.0078560386297232260456099181064130748577      0.7186579621769737284986922523649309645    0.024386159817131312218351920063655035124
-0.0078560386297232260456099181064130748577  -0.0078560386297232260456099181064130748577      0.7186579621769737284986922523649309645    0.024386159817131312218351920063655035124
  -0.72651225177574646312075102630459072789     0.68220907451113539894261505159252558093     -0.5513739922013448315352039003865254733    0.034095031867069730618524218442906731476
   0.68220907451113539894261505159252558093    -0.72651225177574646312075102630459072789     -0.5513739922013448315352039003865254733    0.034095031867069730618524218442906731476
  -0.95569682273538893582186402528793485305     0.68220907451113539894261505159252558093     -0.5513739922013448315352039003865254733    0.034095031867069730618524218442906731476
   0.68220907451113539894261505159252558093    -0.95569682273538893582186402528793485305     -0.5513739922013448315352039003865254733    0.034095031867069730618524218442906731476
  -0.95569682273538893582186402528793485305    -0.72651225177574646312075102630459072789     -0.5513739922013448315352039003865254733    0.034095031867069730618524218442906731476
  -0.72651225177574646312075102630459072789    -0.95569682273538893582186402528793485305     -0.5513739922013448315352039003865254733    0.034095031867069730618524218442906731476
  -0.72651225177574646312075102630459072789     0.68220907451113539894261505159252558093      0.5513739922013448315352039003865254733    0.034095031867069730618524218442906731476
   0.68220907451113539894261505159252558093    -0.72651225177574646312075102630459072789      0.5513739922013448315352039003865254733    0.034095031867069730618524218442906731476
  -0.95569682273538893582186402528793485305     0.68220907451113539894261505159252558093      0.5513739922013448315352039003865254733    0.034095031867069730618524218442906731476
   0.68220907451113539894261505159252558093    -0.95569682273538893582186402528793485305      0.5513739922013448315352039003865254733    0.034095031867069730618524218442906731476
  -0.95569682273538893582186402528793485305    -0.72651225177574646312075102630459072789      0.5513739922013448315352039003865254733    0.034095031867069730618524218442906731476
  -0.72651225177574646312075102630459072789    -0.95569682273538893582186402528793485305      0.5513739922013448315352039003865254733    0.034095031867069730618524218442906731476
  -0.35542669063974018758730463324219906089     0.28396748405876190320307242084399889227    -0.30008222017103689075851247005467652587    0.054249286399528642931882512170780645478
   0.28396748405876190320307242084399889227    -0.35542669063974018758730463324219906089    -0.30008222017103689075851247005467652587    0.054249286399528642931882512170780645478
  -0.92854079341902171561576778760179983138     0.28396748405876190320307242084399889227    -0.30008222017103689075851247005467652587    0.054249286399528642931882512170780645478
   0.28396748405876190320307242084399889227    -0.92854079341902171561576778760179983138    -0.30008222017103689075851247005467652587    0.054249286399528642931882512170780645478
  -0.92854079341902171561576778760179983138    -0.35542669063974018758730463324219906089    -0.30008222017103689075851247005467652587    0.054249286399528642931882512170780645478
  -0.35542669063974018758730463324219906089    -0.92854079341902171561576778760179983138    -0.30008222017103689075851247005467652587    0.054249286399528642931882512170780645478
  -0.35542669063974018758730463324219906089     0.28396748405876190320307242084399889227     0.30008222017103689075851247005467652587    0.054249286399528642931882512170780645478
   0.28396748405876190320307242084399889227    -0.35542669063974018758730463324219906089     0.30008222017103689075851247005467652587    0.054249286399528642931882512170780645478
  -0.92854079341902171561576778760179983138     0.28396748405876190320307242084399889227     0.30008222017103689075851247005467652587    0.054249286399528642931882512170780645478
   0.28396748405876190320307242084399889227    -0.92854079341902171561576778760179983138     0.30008222017103689075851247005467652587    0.054249286399528642931882512170780645478
  -0.92854079341902171561576778760179983138    -0.35542669063974018758730463324219906089     0.30008222017103689075851247005467652587    0.054249286399528642931882512170780645478
  -0.35542669063974018758730463324219906089    -0.92854079341902171561576778760179983138     0.30008222017103689075851247005467652587    0.054249286399528642931882512170780645478
  -0.47310009908160004844685030408741167257     0.36410895179345336865229204352934637513      -0.945120997678350357455906504022697654    0.026719713329166170472729913988417323035
   0.36410895179345336865229204352934637513    -0.47310009908160004844685030408741167257      -0.945120997678350357455906504022697654    0.026719713329166170472729913988417323035
  -0.89100885271185332020544173944193470256     0.36410895179345336865229204352934637513      -0.945120997678350357455906504022697654    0.026719713329166170472729913988417323035
   0.36410895179345336865229204352934637513    -0.89100885271185332020544173944193470256      -0.945120997678350357455906504022697654    0.026719713329166170472729913988417323035
  -0.89100885271185332020544173944193470256    -0.47310009908160004844685030408741167257      -0.945120997678350357455906504022697654    0.026719713329166170472729913988417323035
  -0.47310009908160004844685030408741167257    -0.89100885271185332020544173944193470256      -0.945120997678350357455906504022697654    0.026719713329166170472729913988417323035
  -0.47310009908160004844685030408741167257     0.36410895179345336865229204352934637513       0.945120997678350357455906504022697654    0.026719713329166170472729913988417323035
   0.36410895179345336865229204352934637513    -0.47310009908160004844685030408741167257       0.945120997678350357455906504022697654    0.026719713329166170472729913988417323035
  -0.89100885271185332020544173944193470256     0.36410895179345336865229204352934637513       0.945120997678350357455906504022697654    0.026719713329166170472729913988417323035
   0.36410895179345336865229204352934637513    -0.89100885271185332020544173944193470256       0.945120997678350357455906504022697654    0.026719713329166170472729913988417323035
  -0.89100885271185332020544173944193470256    -0.47310009908160004844685030408741167257       0.945120997678350357455906504022697654    0.026719713329166170472729913988417323035
  -0.47310009908160004844685030408741167257    -0.89100885271185332020544173944193470256       0.945120997678350357455906504022697654    0.026719713329166170472729913988417323035

