 -0.33333333333333333333333333333333333333   -0.33333333333333333333333333333333333333   -0.27501841900777680463086386968383979612    0.13713388516369486767487973856943875368
 -0.33333333333333333333333333333333333333   -0.33333333333333333333333333333333333333    0.27501841900777680463086386968383979612    0.13713388516369486767487973856943875368
-0.012273872206086289233807411865126312409   -0.97545225558782742153238517626974737518                                           0   0.065571190817814515735964944422951824798
 -0.97545225558782742153238517626974737518  -0.012273872206086289233807411865126312409                                           0   0.065571190817814515735964944422951824798
-0.012273872206086289233807411865126312409  -0.012273872206086289233807411865126312409                                           0   0.065571190817814515735964944422951824798
 -0.92713196701184424568555805129955167764    0.85426393402368849137111610259910335528   -0.50300563605664184796586380040508173189   0.029495598492849283276546902797965815144
  0.85426393402368849137111610259910335528   -0.92713196701184424568555805129955167764   -0.50300563605664184796586380040508173189   0.029495598492849283276546902797965815144
 -0.92713196701184424568555805129955167764   -0.92713196701184424568555805129955167764   -0.50300563605664184796586380040508173189   0.029495598492849283276546902797965815144
 -0.92713196701184424568555805129955167764    0.85426393402368849137111610259910335528    0.50300563605664184796586380040508173189   0.029495598492849283276546902797965815144
  0.85426393402368849137111610259910335528   -0.92713196701184424568555805129955167764    0.50300563605664184796586380040508173189   0.029495598492849283276546902797965815144
 -0.92713196701184424568555805129955167764   -0.92713196701184424568555805129955167764    0.50300563605664184796586380040508173189   0.029495598492849283276546902797965815144
 -0.85552332116723529236830418069406625659    0.71104664233447058473660836138813251317   -0.95519374023616044710263299266704678594   0.023047392633115580721113400274592170698
  0.71104664233447058473660836138813251317   -0.85552332116723529236830418069406625659   -0.95519374023616044710263299266704678594   0.023047392633115580721113400274592170698
 -0.85552332116723529236830418069406625659   -0.85552332116723529236830418069406625659   -0.95519374023616044710263299266704678594   0.023047392633115580721113400274592170698
 -0.85552332116723529236830418069406625659    0.71104664233447058473660836138813251317    0.95519374023616044710263299266704678594   0.023047392633115580721113400274592170698
  0.71104664233447058473660836138813251317   -0.85552332116723529236830418069406625659    0.95519374023616044710263299266704678594   0.023047392633115580721113400274592170698
 -0.85552332116723529236830418069406625659   -0.85552332116723529236830418069406625659    0.95519374023616044710263299266704678594   0.023047392633115580721113400274592170698
 -0.67426022855952537066351604933228807415    0.34852045711905074132703209866457614829   -0.17486687361967094954105601755135156678   0.097354972057781165091472319214278084236
  0.34852045711905074132703209866457614829   -0.67426022855952537066351604933228807415   -0.17486687361967094954105601755135156678   0.097354972057781165091472319214278084236
 -0.67426022855952537066351604933228807415   -0.67426022855952537066351604933228807415   -0.17486687361967094954105601755135156678   0.097354972057781165091472319214278084236
 -0.67426022855952537066351604933228807415    0.34852045711905074132703209866457614829    0.17486687361967094954105601755135156678   0.097354972057781165091472319214278084236
  0.34852045711905074132703209866457614829   -0.67426022855952537066351604933228807415    0.17486687361967094954105601755135156678   0.097354972057781165091472319214278084236
 -0.67426022855952537066351604933228807415   -0.67426022855952537066351604933228807415    0.17486687361967094954105601755135156678   0.097354972057781165091472319214278084236
 -0.52749196609134145937702652068315452632   0.054983932182682918754053041366309052631   -0.87123875762895766629033458579346743192   0.093887122794812897597768039151930262006
 0.054983932182682918754053041366309052631   -0.52749196609134145937702652068315452632   -0.87123875762895766629033458579346743192   0.093887122794812897597768039151930262006
 -0.52749196609134145937702652068315452632   -0.52749196609134145937702652068315452632   -0.87123875762895766629033458579346743192   0.093887122794812897597768039151930262006
 -0.52749196609134145937702652068315452632   0.054983932182682918754053041366309052631    0.87123875762895766629033458579346743192   0.093887122794812897597768039151930262006
 0.054983932182682918754053041366309052631   -0.52749196609134145937702652068315452632    0.87123875762895766629033458579346743192   0.093887122794812897597768039151930262006
 -0.52749196609134145937702652068315452632   -0.52749196609134145937702652068315452632    0.87123875762895766629033458579346743192   0.093887122794812897597768039151930262006
 -0.12337247857967657952334934603284094235    -0.7532550428406468409533013079343181153   -0.43641178171300790717428241423251111467     0.1396991722311207897910908992834391257
  -0.7532550428406468409533013079343181153   -0.12337247857967657952334934603284094235   -0.43641178171300790717428241423251111467     0.1396991722311207897910908992834391257
 -0.12337247857967657952334934603284094235   -0.12337247857967657952334934603284094235   -0.43641178171300790717428241423251111467     0.1396991722311207897910908992834391257
 -0.12337247857967657952334934603284094235    -0.7532550428406468409533013079343181153    0.43641178171300790717428241423251111467     0.1396991722311207897910908992834391257
  -0.7532550428406468409533013079343181153   -0.12337247857967657952334934603284094235    0.43641178171300790717428241423251111467     0.1396991722311207897910908992834391257
 -0.12337247857967657952334934603284094235   -0.12337247857967657952334934603284094235    0.43641178171300790717428241423251111467     0.1396991722311207897910908992834391257
-0.034244014061227937160772031822922512315   -0.93151197187754412567845593635415497537   -0.98174572300158647246342827400911611072    0.02288984338579564495614378368617410093
 -0.93151197187754412567845593635415497537  -0.034244014061227937160772031822922512315   -0.98174572300158647246342827400911611072    0.02288984338579564495614378368617410093
-0.034244014061227937160772031822922512315  -0.034244014061227937160772031822922512315   -0.98174572300158647246342827400911611072    0.02288984338579564495614378368617410093
-0.034244014061227937160772031822922512315   -0.93151197187754412567845593635415497537    0.98174572300158647246342827400911611072    0.02288984338579564495614378368617410093
 -0.93151197187754412567845593635415497537  -0.034244014061227937160772031822922512315    0.98174572300158647246342827400911611072    0.02288984338579564495614378368617410093
-0.034244014061227937160772031822922512315  -0.034244014061227937160772031822922512315    0.98174572300158647246342827400911611072    0.02288984338579564495614378368617410093
 -0.67478247805098285013369547191812629356    0.64267550544746018076392229900621001275                                           0    0.03765185465254066742578012105962710389
  0.64267550544746018076392229900621001275   -0.67478247805098285013369547191812629356                                           0    0.03765185465254066742578012105962710389
  -0.9678930273964773306302268270880837192    0.64267550544746018076392229900621001275                                           0    0.03765185465254066742578012105962710389
  0.64267550544746018076392229900621001275    -0.9678930273964773306302268270880837192                                           0    0.03765185465254066742578012105962710389
  -0.9678930273964773306302268270880837192   -0.67478247805098285013369547191812629356                                           0    0.03765185465254066742578012105962710389
 -0.67478247805098285013369547191812629356    -0.9678930273964773306302268270880837192                                           0    0.03765185465254066742578012105962710389
 -0.48761465788301892878533742595331953829    0.40262575887023337336212068195286042649    -0.6836158559766135271899566881016549896   0.072071909977589212023571074732018920219
  0.40262575887023337336212068195286042649   -0.48761465788301892878533742595331953829    -0.6836158559766135271899566881016549896   0.072071909977589212023571074732018920219
  -0.9150111009872144445767832559995408882    0.40262575887023337336212068195286042649    -0.6836158559766135271899566881016549896   0.072071909977589212023571074732018920219
  0.40262575887023337336212068195286042649    -0.9150111009872144445767832559995408882    -0.6836158559766135271899566881016549896   0.072071909977589212023571074732018920219
  -0.9150111009872144445767832559995408882   -0.48761465788301892878533742595331953829    -0.6836158559766135271899566881016549896   0.072071909977589212023571074732018920219
 -0.48761465788301892878533742595331953829    -0.9150111009872144445767832559995408882    -0.6836158559766135271899566881016549896   0.072071909977589212023571074732018920219
 -0.48761465788301892878533742595331953829    0.40262575887023337336212068195286042649     0.6836158559766135271899566881016549896   0.072071909977589212023571074732018920219
  0.40262575887023337336212068195286042649   -0.48761465788301892878533742595331953829     0.6836158559766135271899566881016549896   0.072071909977589212023571074732018920219
  -0.9150111009872144445767832559995408882    0.40262575887023337336212068195286042649     0.6836158559766135271899566881016549896   0.072071909977589212023571074732018920219
  0.40262575887023337336212068195286042649    -0.9150111009872144445767832559995408882     0.6836158559766135271899566881016549896   0.072071909977589212023571074732018920219
  -0.9150111009872144445767832559995408882   -0.48761465788301892878533742595331953829     0.6836158559766135271899566881016549896   0.072071909977589212023571074732018920219
 -0.48761465788301892878533742595331953829    -0.9150111009872144445767832559995408882     0.6836158559766135271899566881016549896   0.072071909977589212023571074732018920219

