  -0.33333333333333333333333333333333333333    -0.33333333333333333333333333333333333333                                            0    0.038645031039381265642896456183085440373
  -0.33333333333333333333333333333333333333    -0.33333333333333333333333333333333333333    -0.34794687188676537821248248876726354892    0.020152187421910193397880233532435635914
  -0.33333333333333333333333333333333333333    -0.33333333333333333333333333333333333333     0.34794687188676537821248248876726354892    0.020152187421910193397880233532435635914
  -0.33333333333333333333333333333333333333    -0.33333333333333333333333333333333333333    -0.83897154138515386841974153374934899322    0.021504401120040453450626411159839733611
  -0.33333333333333333333333333333333333333    -0.33333333333333333333333333333333333333     0.83897154138515386841974153374934899322    0.021504401120040453450626411159839733611
 -0.091918167741334583818270118325248435072    -0.81616366451733083236345976334950312986                                            0    0.033603557986196699832596396795439205662
  -0.81616366451733083236345976334950312986   -0.091918167741334583818270118325248435072                                            0    0.033603557986196699832596396795439205662
 -0.091918167741334583818270118325248435072   -0.091918167741334583818270118325248435072                                            0    0.033603557986196699832596396795439205662
  -0.99713443244829214715927918078884874555      0.9942688648965842943185583615776974911    -0.60561674245173595365483014603189483954  0.00053606485709506763895013149865832280389
    0.9942688648965842943185583615776974911    -0.99713443244829214715927918078884874555    -0.60561674245173595365483014603189483954  0.00053606485709506763895013149865832280389
  -0.99713443244829214715927918078884874555    -0.99713443244829214715927918078884874555    -0.60561674245173595365483014603189483954  0.00053606485709506763895013149865832280389
  -0.99713443244829214715927918078884874555      0.9942688648965842943185583615776974911     0.60561674245173595365483014603189483954  0.00053606485709506763895013149865832280389
    0.9942688648965842943185583615776974911    -0.99713443244829214715927918078884874555     0.60561674245173595365483014603189483954  0.00053606485709506763895013149865832280389
  -0.99713443244829214715927918078884874555    -0.99713443244829214715927918078884874555     0.60561674245173595365483014603189483954  0.00053606485709506763895013149865832280389
    -0.968524972488732663997024440500509478     0.93704994497746532799404888100101895601    -0.96336857824441315495119110089402503407  0.00077224493310956147793752451028409016963
   0.93704994497746532799404888100101895601      -0.968524972488732663997024440500509478    -0.96336857824441315495119110089402503407  0.00077224493310956147793752451028409016963
    -0.968524972488732663997024440500509478      -0.968524972488732663997024440500509478    -0.96336857824441315495119110089402503407  0.00077224493310956147793752451028409016963
    -0.968524972488732663997024440500509478     0.93704994497746532799404888100101895601     0.96336857824441315495119110089402503407  0.00077224493310956147793752451028409016963
   0.93704994497746532799404888100101895601      -0.968524972488732663997024440500509478     0.96336857824441315495119110089402503407  0.00077224493310956147793752451028409016963
    -0.968524972488732663997024440500509478      -0.968524972488732663997024440500509478     0.96336857824441315495119110089402503407  0.00077224493310956147793752451028409016963
  -0.96521375044238978610926520385013889748     0.93042750088477957221853040770027779497   -0.083421942593568668969888619901542944944   0.0021434125818200396313246548165692608299
   0.93042750088477957221853040770027779497    -0.96521375044238978610926520385013889748   -0.083421942593568668969888619901542944944   0.0021434125818200396313246548165692608299
  -0.96521375044238978610926520385013889748    -0.96521375044238978610926520385013889748   -0.083421942593568668969888619901542944944   0.0021434125818200396313246548165692608299
  -0.96521375044238978610926520385013889748     0.93042750088477957221853040770027779497    0.083421942593568668969888619901542944944   0.0021434125818200396313246548165692608299
   0.93042750088477957221853040770027779497    -0.96521375044238978610926520385013889748    0.083421942593568668969888619901542944944   0.0021434125818200396313246548165692608299
  -0.96521375044238978610926520385013889748    -0.96521375044238978610926520385013889748    0.083421942593568668969888619901542944944   0.0021434125818200396313246548165692608299
  -0.93502689471185756942970199531029223703     0.87005378942371513885940399062058447406    -0.73010392067824759741169042373816744195   0.0044469675400305590731099631586926463524
   0.87005378942371513885940399062058447406    -0.93502689471185756942970199531029223703    -0.73010392067824759741169042373816744195   0.0044469675400305590731099631586926463524
  -0.93502689471185756942970199531029223703    -0.93502689471185756942970199531029223703    -0.73010392067824759741169042373816744195   0.0044469675400305590731099631586926463524
  -0.93502689471185756942970199531029223703     0.87005378942371513885940399062058447406     0.73010392067824759741169042373816744195   0.0044469675400305590731099631586926463524
   0.87005378942371513885940399062058447406    -0.93502689471185756942970199531029223703     0.73010392067824759741169042373816744195   0.0044469675400305590731099631586926463524
  -0.93502689471185756942970199531029223703    -0.93502689471185756942970199531029223703     0.73010392067824759741169042373816744195   0.0044469675400305590731099631586926463524
  -0.87615733202385212768514616391583484873     0.75231466404770425537029232783166969745     -0.9255294617099349040069629472500669416   0.0033868503372208895414111681048411438482
   0.75231466404770425537029232783166969745    -0.87615733202385212768514616391583484873     -0.9255294617099349040069629472500669416   0.0033868503372208895414111681048411438482
  -0.87615733202385212768514616391583484873    -0.87615733202385212768514616391583484873     -0.9255294617099349040069629472500669416   0.0033868503372208895414111681048411438482
  -0.87615733202385212768514616391583484873     0.75231466404770425537029232783166969745      0.9255294617099349040069629472500669416   0.0033868503372208895414111681048411438482
   0.75231466404770425537029232783166969745    -0.87615733202385212768514616391583484873      0.9255294617099349040069629472500669416   0.0033868503372208895414111681048411438482
  -0.87615733202385212768514616391583484873    -0.87615733202385212768514616391583484873      0.9255294617099349040069629472500669416   0.0033868503372208895414111681048411438482
  -0.86799992941613568881270854339857086735      0.7359998588322713776254170867971417347    -0.20687768439519628587182456678494464072    0.012128589111276790105357613332884782124
    0.7359998588322713776254170867971417347    -0.86799992941613568881270854339857086735    -0.20687768439519628587182456678494464072    0.012128589111276790105357613332884782124
  -0.86799992941613568881270854339857086735    -0.86799992941613568881270854339857086735    -0.20687768439519628587182456678494464072    0.012128589111276790105357613332884782124
  -0.86799992941613568881270854339857086735      0.7359998588322713776254170867971417347     0.20687768439519628587182456678494464072    0.012128589111276790105357613332884782124
    0.7359998588322713776254170867971417347    -0.86799992941613568881270854339857086735     0.20687768439519628587182456678494464072    0.012128589111276790105357613332884782124
  -0.86799992941613568881270854339857086735    -0.86799992941613568881270854339857086735     0.20687768439519628587182456678494464072    0.012128589111276790105357613332884782124
  -0.81259091220312895757749657209998642123     0.62518182440625791515499314419997284245     -0.7639819323391915890953194569782632698    0.010624671801400494113353083313467383712
   0.62518182440625791515499314419997284245    -0.81259091220312895757749657209998642123     -0.7639819323391915890953194569782632698    0.010624671801400494113353083313467383712
  -0.81259091220312895757749657209998642123    -0.81259091220312895757749657209998642123     -0.7639819323391915890953194569782632698    0.010624671801400494113353083313467383712
  -0.81259091220312895757749657209998642123     0.62518182440625791515499314419997284245      0.7639819323391915890953194569782632698    0.010624671801400494113353083313467383712
   0.62518182440625791515499314419997284245    -0.81259091220312895757749657209998642123      0.7639819323391915890953194569782632698    0.010624671801400494113353083313467383712
  -0.81259091220312895757749657209998642123    -0.81259091220312895757749657209998642123      0.7639819323391915890953194569782632698    0.010624671801400494113353083313467383712
  -0.72836392504638760211255825520273763846     0.45672785009277520422511651040547527693    -0.46748984943478022294658697908095766166    0.024287857014170923378272370926195562433
   0.45672785009277520422511651040547527693    -0.72836392504638760211255825520273763846    -0.46748984943478022294658697908095766166    0.024287857014170923378272370926195562433
  -0.72836392504638760211255825520273763846    -0.72836392504638760211255825520273763846    -0.46748984943478022294658697908095766166    0.024287857014170923378272370926195562433
  -0.72836392504638760211255825520273763846     0.45672785009277520422511651040547527693     0.46748984943478022294658697908095766166    0.024287857014170923378272370926195562433
   0.45672785009277520422511651040547527693    -0.72836392504638760211255825520273763846     0.46748984943478022294658697908095766166    0.024287857014170923378272370926195562433
  -0.72836392504638760211255825520273763846    -0.72836392504638760211255825520273763846     0.46748984943478022294658697908095766166    0.024287857014170923378272370926195562433
  -0.67401413918842510793609764087643478997     0.34802827837685021587219528175286957994    -0.99309878879552374891466308275981502655   0.0047665216828699885057919799636566449349
   0.34802827837685021587219528175286957994    -0.67401413918842510793609764087643478997    -0.99309878879552374891466308275981502655   0.0047665216828699885057919799636566449349
  -0.67401413918842510793609764087643478997    -0.67401413918842510793609764087643478997    -0.99309878879552374891466308275981502655   0.0047665216828699885057919799636566449349
  -0.67401413918842510793609764087643478997     0.34802827837685021587219528175286957994     0.99309878879552374891466308275981502655   0.0047665216828699885057919799636566449349
   0.34802827837685021587219528175286957994    -0.67401413918842510793609764087643478997     0.99309878879552374891466308275981502655   0.0047665216828699885057919799636566449349
  -0.67401413918842510793609764087643478997    -0.67401413918842510793609764087643478997     0.99309878879552374891466308275981502655   0.0047665216828699885057919799636566449349
  -0.58974669959632800892206089054976772095     0.17949339919265601784412178109953544189    -0.32231236082669328399498632426843634901    0.015246591387571032121138982116706125555
   0.17949339919265601784412178109953544189    -0.58974669959632800892206089054976772095    -0.32231236082669328399498632426843634901    0.015246591387571032121138982116706125555
  -0.58974669959632800892206089054976772095    -0.58974669959632800892206089054976772095    -0.32231236082669328399498632426843634901    0.015246591387571032121138982116706125555
  -0.58974669959632800892206089054976772095     0.17949339919265601784412178109953544189     0.32231236082669328399498632426843634901    0.015246591387571032121138982116706125555
   0.17949339919265601784412178109953544189    -0.58974669959632800892206089054976772095     0.32231236082669328399498632426843634901    0.015246591387571032121138982116706125555
  -0.58974669959632800892206089054976772095    -0.58974669959632800892206089054976772095     0.32231236082669328399498632426843634901    0.015246591387571032121138982116706125555
   -0.4928519658068594841449310372816503398    -0.01429606838628103171013792543669932039    -0.92384835722052625851458244242997170641    0.013515573828019822487553665824634205544
  -0.01429606838628103171013792543669932039     -0.4928519658068594841449310372816503398    -0.92384835722052625851458244242997170641    0.013515573828019822487553665824634205544
   -0.4928519658068594841449310372816503398     -0.4928519658068594841449310372816503398    -0.92384835722052625851458244242997170641    0.013515573828019822487553665824634205544
   -0.4928519658068594841449310372816503398    -0.01429606838628103171013792543669932039     0.92384835722052625851458244242997170641    0.013515573828019822487553665824634205544
  -0.01429606838628103171013792543669932039     -0.4928519658068594841449310372816503398     0.92384835722052625851458244242997170641    0.013515573828019822487553665824634205544
   -0.4928519658068594841449310372816503398     -0.4928519658068594841449310372816503398     0.92384835722052625851458244242997170641    0.013515573828019822487553665824634205544
  -0.45315820843589176561081856150200754401   -0.093683583128216468778362876995984911971    -0.58574515619156795800968240198855774761    0.030389525870304085428354874925695937431
 -0.093683583128216468778362876995984911971    -0.45315820843589176561081856150200754401    -0.58574515619156795800968240198855774761    0.030389525870304085428354874925695937431
  -0.45315820843589176561081856150200754401    -0.45315820843589176561081856150200754401    -0.58574515619156795800968240198855774761    0.030389525870304085428354874925695937431
  -0.45315820843589176561081856150200754401   -0.093683583128216468778362876995984911971     0.58574515619156795800968240198855774761    0.030389525870304085428354874925695937431
 -0.093683583128216468778362876995984911971    -0.45315820843589176561081856150200754401     0.58574515619156795800968240198855774761    0.030389525870304085428354874925695937431
  -0.45315820843589176561081856150200754401    -0.45315820843589176561081856150200754401     0.58574515619156795800968240198855774761    0.030389525870304085428354874925695937431
  -0.21831679770251459112229647642611941856    -0.56336640459497081775540704714776116289    -0.98939605779424205613120252491876286088   0.0050799328684925492223500555736972585398
  -0.56336640459497081775540704714776116289    -0.21831679770251459112229647642611941856    -0.98939605779424205613120252491876286088   0.0050799328684925492223500555736972585398
  -0.21831679770251459112229647642611941856    -0.21831679770251459112229647642611941856    -0.98939605779424205613120252491876286088   0.0050799328684925492223500555736972585398
  -0.21831679770251459112229647642611941856    -0.56336640459497081775540704714776116289     0.98939605779424205613120252491876286088   0.0050799328684925492223500555736972585398
  -0.56336640459497081775540704714776116289    -0.21831679770251459112229647642611941856     0.98939605779424205613120252491876286088   0.0050799328684925492223500555736972585398
  -0.21831679770251459112229647642611941856    -0.21831679770251459112229647642611941856     0.98939605779424205613120252491876286088   0.0050799328684925492223500555736972585398
  -0.17851973221315614134913228735936498115    -0.64296053557368771730173542528127003771    -0.41618436472451496926757534353639335581    0.016424747780282977466831809312758098945
  -0.64296053557368771730173542528127003771    -0.17851973221315614134913228735936498115    -0.41618436472451496926757534353639335581    0.016424747780282977466831809312758098945
  -0.17851973221315614134913228735936498115    -0.17851973221315614134913228735936498115    -0.41618436472451496926757534353639335581    0.016424747780282977466831809312758098945
  -0.17851973221315614134913228735936498115    -0.64296053557368771730173542528127003771     0.41618436472451496926757534353639335581    0.016424747780282977466831809312758098945
  -0.64296053557368771730173542528127003771    -0.17851973221315614134913228735936498115     0.41618436472451496926757534353639335581    0.016424747780282977466831809312758098945
  -0.17851973221315614134913228735936498115    -0.17851973221315614134913228735936498115     0.41618436472451496926757534353639335581    0.016424747780282977466831809312758098945
  -0.17101821330959857643521130172071367629    -0.65796357338080284712957739655857264742    -0.77624507194636288525967098279724707228    0.023729298536155768144052109584971015624
  -0.65796357338080284712957739655857264742    -0.17101821330959857643521130172071367629    -0.77624507194636288525967098279724707228    0.023729298536155768144052109584971015624
  -0.17101821330959857643521130172071367629    -0.17101821330959857643521130172071367629    -0.77624507194636288525967098279724707228    0.023729298536155768144052109584971015624
  -0.17101821330959857643521130172071367629    -0.65796357338080284712957739655857264742     0.77624507194636288525967098279724707228    0.023729298536155768144052109584971015624
  -0.65796357338080284712957739655857264742    -0.17101821330959857643521130172071367629     0.77624507194636288525967098279724707228    0.023729298536155768144052109584971015624
  -0.17101821330959857643521130172071367629    -0.17101821330959857643521130172071367629     0.77624507194636288525967098279724707228    0.023729298536155768144052109584971015624
 -0.084001764005278471500053823289261007669    -0.83199647198944305699989235342147798466    -0.60634543709446683834864923838730207928    0.019821036426733686047895385065506588841
  -0.83199647198944305699989235342147798466   -0.084001764005278471500053823289261007669    -0.60634543709446683834864923838730207928    0.019821036426733686047895385065506588841
 -0.084001764005278471500053823289261007669   -0.084001764005278471500053823289261007669    -0.60634543709446683834864923838730207928    0.019821036426733686047895385065506588841
 -0.084001764005278471500053823289261007669    -0.83199647198944305699989235342147798466     0.60634543709446683834864923838730207928    0.019821036426733686047895385065506588841
  -0.83199647198944305699989235342147798466   -0.084001764005278471500053823289261007669     0.60634543709446683834864923838730207928    0.019821036426733686047895385065506588841
 -0.084001764005278471500053823289261007669   -0.084001764005278471500053823289261007669     0.60634543709446683834864923838730207928    0.019821036426733686047895385065506588841
 -0.053409310831905837104345145842933218791    -0.89318137833618832579130970831413356242     -0.9956552283932260102509872005829777242     0.00276246882711437014016146369269429007
  -0.89318137833618832579130970831413356242   -0.053409310831905837104345145842933218791     -0.9956552283932260102509872005829777242     0.00276246882711437014016146369269429007
 -0.053409310831905837104345145842933218791   -0.053409310831905837104345145842933218791     -0.9956552283932260102509872005829777242     0.00276246882711437014016146369269429007
 -0.053409310831905837104345145842933218791    -0.89318137833618832579130970831413356242      0.9956552283932260102509872005829777242     0.00276246882711437014016146369269429007
  -0.89318137833618832579130970831413356242   -0.053409310831905837104345145842933218791      0.9956552283932260102509872005829777242     0.00276246882711437014016146369269429007
 -0.053409310831905837104345145842933218791   -0.053409310831905837104345145842933218791      0.9956552283932260102509872005829777242     0.00276246882711437014016146369269429007
 -0.022958683342236724144633757213781325484    -0.95408263331552655171073248557243734903    -0.32742232957907749964942464680478410816    0.015421540973663132705371281867445025118
  -0.95408263331552655171073248557243734903   -0.022958683342236724144633757213781325484    -0.32742232957907749964942464680478410816    0.015421540973663132705371281867445025118
 -0.022958683342236724144633757213781325484   -0.022958683342236724144633757213781325484    -0.32742232957907749964942464680478410816    0.015421540973663132705371281867445025118
 -0.022958683342236724144633757213781325484    -0.95408263331552655171073248557243734903     0.32742232957907749964942464680478410816    0.015421540973663132705371281867445025118
  -0.95408263331552655171073248557243734903   -0.022958683342236724144633757213781325484     0.32742232957907749964942464680478410816    0.015421540973663132705371281867445025118
 -0.022958683342236724144633757213781325484   -0.022958683342236724144633757213781325484     0.32742232957907749964942464680478410816    0.015421540973663132705371281867445025118
-0.0046873731516672616050811820778511712687    -0.99062525369666547678983763584429765746    -0.92798154217749181265794306211982503334   0.0028755257143420758576373361002045462649
  -0.99062525369666547678983763584429765746  -0.0046873731516672616050811820778511712687    -0.92798154217749181265794306211982503334   0.0028755257143420758576373361002045462649
-0.0046873731516672616050811820778511712687  -0.0046873731516672616050811820778511712687    -0.92798154217749181265794306211982503334   0.0028755257143420758576373361002045462649
-0.0046873731516672616050811820778511712687    -0.99062525369666547678983763584429765746     0.92798154217749181265794306211982503334   0.0028755257143420758576373361002045462649
  -0.99062525369666547678983763584429765746  -0.0046873731516672616050811820778511712687     0.92798154217749181265794306211982503334   0.0028755257143420758576373361002045462649
-0.0046873731516672616050811820778511712687  -0.0046873731516672616050811820778511712687     0.92798154217749181265794306211982503334   0.0028755257143420758576373361002045462649
  -0.19253481920908819102215558814634865857     0.18651489414866068421139482234341114922                                            0   0.0043233611584492376164261572627628507761
   0.18651489414866068421139482234341114922    -0.19253481920908819102215558814634865857                                            0   0.0043233611584492376164261572627628507761
  -0.99398007493957249318923923419706249065     0.18651489414866068421139482234341114922                                            0   0.0043233611584492376164261572627628507761
   0.18651489414866068421139482234341114922    -0.99398007493957249318923923419706249065                                            0   0.0043233611584492376164261572627628507761
  -0.99398007493957249318923923419706249065    -0.19253481920908819102215558814634865857                                            0   0.0043233611584492376164261572627628507761
  -0.19253481920908819102215558814634865857    -0.99398007493957249318923923419706249065                                            0   0.0043233611584492376164261572627628507761
  -0.73993076771065779670889795679718062906     0.72301089973963937957511811050677937528                                            0   0.0071477335833554213553802272231301385626
   0.72301089973963937957511811050677937528    -0.73993076771065779670889795679718062906                                            0   0.0071477335833554213553802272231301385626
  -0.98308013202898158286622015370959874622     0.72301089973963937957511811050677937528                                            0   0.0071477335833554213553802272231301385626
   0.72301089973963937957511811050677937528    -0.98308013202898158286622015370959874622                                            0   0.0071477335833554213553802272231301385626
  -0.98308013202898158286622015370959874622    -0.73993076771065779670889795679718062906                                            0   0.0071477335833554213553802272231301385626
  -0.73993076771065779670889795679718062906    -0.98308013202898158286622015370959874622                                            0   0.0071477335833554213553802272231301385626
  -0.34819640945731027490074701984677743261      0.2952245222726054488327348547011766196                                            0    0.013058689780415684034107616133310222308
    0.2952245222726054488327348547011766196    -0.34819640945731027490074701984677743261                                            0    0.013058689780415684034107616133310222308
    -0.947028112815295173931987834854399187      0.2952245222726054488327348547011766196                                            0    0.013058689780415684034107616133310222308
    0.2952245222726054488327348547011766196      -0.947028112815295173931987834854399187                                            0    0.013058689780415684034107616133310222308
    -0.947028112815295173931987834854399187    -0.34819640945731027490074701984677743261                                            0    0.013058689780415684034107616133310222308
  -0.34819640945731027490074701984677743261      -0.947028112815295173931987834854399187                                            0    0.013058689780415684034107616133310222308
  -0.54073698501180497552027359778814889156      0.2762940027263218404775248107285241719                                            0    0.024941211948638443191332059756696821081
    0.2762940027263218404775248107285241719    -0.54073698501180497552027359778814889156                                            0    0.024941211948638443191332059756696821081
  -0.73555701771451686495725121294037528033      0.2762940027263218404775248107285241719                                            0    0.024941211948638443191332059756696821081
    0.2762940027263218404775248107285241719    -0.73555701771451686495725121294037528033                                            0    0.024941211948638443191332059756696821081
  -0.73555701771451686495725121294037528033    -0.54073698501180497552027359778814889156                                            0    0.024941211948638443191332059756696821081
  -0.54073698501180497552027359778814889156    -0.73555701771451686495725121294037528033                                            0    0.024941211948638443191332059756696821081
  -0.87166148093504853425940813740205384755     0.86684743439526403225955809799078829485     -0.8605810412329800390455745276904786329   0.0013037797819237552722910077245777642354
   0.86684743439526403225955809799078829485    -0.87166148093504853425940813740205384755     -0.8605810412329800390455745276904786329   0.0013037797819237552722910077245777642354
   -0.9951859534602154980001499605887344473     0.86684743439526403225955809799078829485     -0.8605810412329800390455745276904786329   0.0013037797819237552722910077245777642354
   0.86684743439526403225955809799078829485     -0.9951859534602154980001499605887344473     -0.8605810412329800390455745276904786329   0.0013037797819237552722910077245777642354
   -0.9951859534602154980001499605887344473    -0.87166148093504853425940813740205384755     -0.8605810412329800390455745276904786329   0.0013037797819237552722910077245777642354
  -0.87166148093504853425940813740205384755     -0.9951859534602154980001499605887344473     -0.8605810412329800390455745276904786329   0.0013037797819237552722910077245777642354
  -0.87166148093504853425940813740205384755     0.86684743439526403225955809799078829485      0.8605810412329800390455745276904786329   0.0013037797819237552722910077245777642354
   0.86684743439526403225955809799078829485    -0.87166148093504853425940813740205384755      0.8605810412329800390455745276904786329   0.0013037797819237552722910077245777642354
   -0.9951859534602154980001499605887344473     0.86684743439526403225955809799078829485      0.8605810412329800390455745276904786329   0.0013037797819237552722910077245777642354
   0.86684743439526403225955809799078829485     -0.9951859534602154980001499605887344473      0.8605810412329800390455745276904786329   0.0013037797819237552722910077245777642354
   -0.9951859534602154980001499605887344473    -0.87166148093504853425940813740205384755      0.8605810412329800390455745276904786329   0.0013037797819237552722910077245777642354
  -0.87166148093504853425940813740205384755     -0.9951859534602154980001499605887344473      0.8605810412329800390455745276904786329   0.0013037797819237552722910077245777642354
  -0.40734539451169993214162622866327137669     0.40176856109241214194226905672136933435    -0.85766033891666449603880193615997752786   0.0017492418570322620305467822079623178682
   0.40176856109241214194226905672136933435    -0.40734539451169993214162622866327137669    -0.85766033891666449603880193615997752786   0.0017492418570322620305467822079623178682
  -0.99442316658071220980064282805809795766     0.40176856109241214194226905672136933435    -0.85766033891666449603880193615997752786   0.0017492418570322620305467822079623178682
   0.40176856109241214194226905672136933435    -0.99442316658071220980064282805809795766    -0.85766033891666449603880193615997752786   0.0017492418570322620305467822079623178682
  -0.99442316658071220980064282805809795766    -0.40734539451169993214162622866327137669    -0.85766033891666449603880193615997752786   0.0017492418570322620305467822079623178682
  -0.40734539451169993214162622866327137669    -0.99442316658071220980064282805809795766    -0.85766033891666449603880193615997752786   0.0017492418570322620305467822079623178682
  -0.40734539451169993214162622866327137669     0.40176856109241214194226905672136933435     0.85766033891666449603880193615997752786   0.0017492418570322620305467822079623178682
   0.40176856109241214194226905672136933435    -0.40734539451169993214162622866327137669     0.85766033891666449603880193615997752786   0.0017492418570322620305467822079623178682
  -0.99442316658071220980064282805809795766     0.40176856109241214194226905672136933435     0.85766033891666449603880193615997752786   0.0017492418570322620305467822079623178682
   0.40176856109241214194226905672136933435    -0.99442316658071220980064282805809795766     0.85766033891666449603880193615997752786   0.0017492418570322620305467822079623178682
  -0.99442316658071220980064282805809795766    -0.40734539451169993214162622866327137669     0.85766033891666449603880193615997752786   0.0017492418570322620305467822079623178682
  -0.40734539451169993214162622866327137669    -0.99442316658071220980064282805809795766     0.85766033891666449603880193615997752786   0.0017492418570322620305467822079623178682
  -0.64837535350112507717984140389316166521     0.63210454809963567402502336589938533053    -0.81499269067534356836744551630549387352   0.0038579709879336688875030051318496069744
   0.63210454809963567402502336589938533053    -0.64837535350112507717984140389316166521    -0.81499269067534356836744551630549387352   0.0038579709879336688875030051318496069744
  -0.98372919459851059684518196200622366532     0.63210454809963567402502336589938533053    -0.81499269067534356836744551630549387352   0.0038579709879336688875030051318496069744
   0.63210454809963567402502336589938533053    -0.98372919459851059684518196200622366532    -0.81499269067534356836744551630549387352   0.0038579709879336688875030051318496069744
  -0.98372919459851059684518196200622366532    -0.64837535350112507717984140389316166521    -0.81499269067534356836744551630549387352   0.0038579709879336688875030051318496069744
  -0.64837535350112507717984140389316166521    -0.98372919459851059684518196200622366532    -0.81499269067534356836744551630549387352   0.0038579709879336688875030051318496069744
  -0.64837535350112507717984140389316166521     0.63210454809963567402502336589938533053     0.81499269067534356836744551630549387352   0.0038579709879336688875030051318496069744
   0.63210454809963567402502336589938533053    -0.64837535350112507717984140389316166521     0.81499269067534356836744551630549387352   0.0038579709879336688875030051318496069744
  -0.98372919459851059684518196200622366532     0.63210454809963567402502336589938533053     0.81499269067534356836744551630549387352   0.0038579709879336688875030051318496069744
   0.63210454809963567402502336589938533053    -0.98372919459851059684518196200622366532     0.81499269067534356836744551630549387352   0.0038579709879336688875030051318496069744
  -0.98372919459851059684518196200622366532    -0.64837535350112507717984140389316166521     0.81499269067534356836744551630549387352   0.0038579709879336688875030051318496069744
  -0.64837535350112507717984140389316166521    -0.98372919459851059684518196200622366532     0.81499269067534356836744551630549387352   0.0038579709879336688875030051318496069744
  -0.88979055895760954176462595807234058796     0.87226453703025597217066622469829141034    -0.38301525107051469408327887187781860522   0.0036402352999446880778004198930025416574
   0.87226453703025597217066622469829141034    -0.88979055895760954176462595807234058796    -0.38301525107051469408327887187781860522   0.0036402352999446880778004198930025416574
  -0.98247397807264643040604026662595082238     0.87226453703025597217066622469829141034    -0.38301525107051469408327887187781860522   0.0036402352999446880778004198930025416574
   0.87226453703025597217066622469829141034    -0.98247397807264643040604026662595082238    -0.38301525107051469408327887187781860522   0.0036402352999446880778004198930025416574
  -0.98247397807264643040604026662595082238    -0.88979055895760954176462595807234058796    -0.38301525107051469408327887187781860522   0.0036402352999446880778004198930025416574
  -0.88979055895760954176462595807234058796    -0.98247397807264643040604026662595082238    -0.38301525107051469408327887187781860522   0.0036402352999446880778004198930025416574
  -0.88979055895760954176462595807234058796     0.87226453703025597217066622469829141034     0.38301525107051469408327887187781860522   0.0036402352999446880778004198930025416574
   0.87226453703025597217066622469829141034    -0.88979055895760954176462595807234058796     0.38301525107051469408327887187781860522   0.0036402352999446880778004198930025416574
  -0.98247397807264643040604026662595082238     0.87226453703025597217066622469829141034     0.38301525107051469408327887187781860522   0.0036402352999446880778004198930025416574
   0.87226453703025597217066622469829141034    -0.98247397807264643040604026662595082238     0.38301525107051469408327887187781860522   0.0036402352999446880778004198930025416574
  -0.98247397807264643040604026662595082238    -0.88979055895760954176462595807234058796     0.38301525107051469408327887187781860522   0.0036402352999446880778004198930025416574
  -0.88979055895760954176462595807234058796    -0.98247397807264643040604026662595082238     0.38301525107051469408327887187781860522   0.0036402352999446880778004198930025416574
  -0.22598247661135784041271226743058300661      0.2066721756847499380057928282353502743    -0.61231974351947199731593316737009028247   0.0074390888143241136062788820621436297615
    0.2066721756847499380057928282353502743    -0.22598247661135784041271226743058300661    -0.61231974351947199731593316737009028247   0.0074390888143241136062788820621436297615
  -0.98068969907339209759308056080476726768      0.2066721756847499380057928282353502743    -0.61231974351947199731593316737009028247   0.0074390888143241136062788820621436297615
    0.2066721756847499380057928282353502743    -0.98068969907339209759308056080476726768    -0.61231974351947199731593316737009028247   0.0074390888143241136062788820621436297615
  -0.98068969907339209759308056080476726768    -0.22598247661135784041271226743058300661    -0.61231974351947199731593316737009028247   0.0074390888143241136062788820621436297615
  -0.22598247661135784041271226743058300661    -0.98068969907339209759308056080476726768    -0.61231974351947199731593316737009028247   0.0074390888143241136062788820621436297615
  -0.22598247661135784041271226743058300661      0.2066721756847499380057928282353502743     0.61231974351947199731593316737009028247   0.0074390888143241136062788820621436297615
    0.2066721756847499380057928282353502743    -0.22598247661135784041271226743058300661     0.61231974351947199731593316737009028247   0.0074390888143241136062788820621436297615
  -0.98068969907339209759308056080476726768      0.2066721756847499380057928282353502743     0.61231974351947199731593316737009028247   0.0074390888143241136062788820621436297615
    0.2066721756847499380057928282353502743    -0.98068969907339209759308056080476726768     0.61231974351947199731593316737009028247   0.0074390888143241136062788820621436297615
  -0.98068969907339209759308056080476726768    -0.22598247661135784041271226743058300661     0.61231974351947199731593316737009028247   0.0074390888143241136062788820621436297615
  -0.22598247661135784041271226743058300661    -0.98068969907339209759308056080476726768     0.61231974351947199731593316737009028247   0.0074390888143241136062788820621436297615
  -0.51585718822687212237010556738313745082      0.4942994048684332550433461666625821139       -0.35327273293659499931614127179736352   0.0090702977898489265662397362552756625099
    0.4942994048684332550433461666625821139    -0.51585718822687212237010556738313745082       -0.35327273293659499931614127179736352   0.0090702977898489265662397362552756625099
  -0.97844221664156113267324059927944466308      0.4942994048684332550433461666625821139       -0.35327273293659499931614127179736352   0.0090702977898489265662397362552756625099
    0.4942994048684332550433461666625821139    -0.97844221664156113267324059927944466308       -0.35327273293659499931614127179736352   0.0090702977898489265662397362552756625099
  -0.97844221664156113267324059927944466308    -0.51585718822687212237010556738313745082       -0.35327273293659499931614127179736352   0.0090702977898489265662397362552756625099
  -0.51585718822687212237010556738313745082    -0.97844221664156113267324059927944466308       -0.35327273293659499931614127179736352   0.0090702977898489265662397362552756625099
  -0.51585718822687212237010556738313745082      0.4942994048684332550433461666625821139        0.35327273293659499931614127179736352   0.0090702977898489265662397362552756625099
    0.4942994048684332550433461666625821139    -0.51585718822687212237010556738313745082        0.35327273293659499931614127179736352   0.0090702977898489265662397362552756625099
  -0.97844221664156113267324059927944466308      0.4942994048684332550433461666625821139        0.35327273293659499931614127179736352   0.0090702977898489265662397362552756625099
    0.4942994048684332550433461666625821139    -0.97844221664156113267324059927944466308        0.35327273293659499931614127179736352   0.0090702977898489265662397362552756625099
  -0.97844221664156113267324059927944466308    -0.51585718822687212237010556738313745082        0.35327273293659499931614127179736352   0.0090702977898489265662397362552756625099
  -0.51585718822687212237010556738313745082    -0.97844221664156113267324059927944466308        0.35327273293659499931614127179736352   0.0090702977898489265662397362552756625099
  -0.41581027506757077969838873437239568084     0.36721414215351010662620066653358611806    -0.97289844319094124403766604466900766514   0.0034148498920844433014036316995235653325
   0.36721414215351010662620066653358611806    -0.41581027506757077969838873437239568084    -0.97289844319094124403766604466900766514   0.0034148498920844433014036316995235653325
  -0.95140386708593932692781193216119043722     0.36721414215351010662620066653358611806    -0.97289844319094124403766604466900766514   0.0034148498920844433014036316995235653325
   0.36721414215351010662620066653358611806    -0.95140386708593932692781193216119043722    -0.97289844319094124403766604466900766514   0.0034148498920844433014036316995235653325
  -0.95140386708593932692781193216119043722    -0.41581027506757077969838873437239568084    -0.97289844319094124403766604466900766514   0.0034148498920844433014036316995235653325
  -0.41581027506757077969838873437239568084    -0.95140386708593932692781193216119043722    -0.97289844319094124403766604466900766514   0.0034148498920844433014036316995235653325
  -0.41581027506757077969838873437239568084     0.36721414215351010662620066653358611806     0.97289844319094124403766604466900766514   0.0034148498920844433014036316995235653325
   0.36721414215351010662620066653358611806    -0.41581027506757077969838873437239568084     0.97289844319094124403766604466900766514   0.0034148498920844433014036316995235653325
  -0.95140386708593932692781193216119043722     0.36721414215351010662620066653358611806     0.97289844319094124403766604466900766514   0.0034148498920844433014036316995235653325
   0.36721414215351010662620066653358611806    -0.95140386708593932692781193216119043722     0.97289844319094124403766604466900766514   0.0034148498920844433014036316995235653325
  -0.95140386708593932692781193216119043722    -0.41581027506757077969838873437239568084     0.97289844319094124403766604466900766514   0.0034148498920844433014036316995235653325
  -0.41581027506757077969838873437239568084    -0.95140386708593932692781193216119043722     0.97289844319094124403766604466900766514   0.0034148498920844433014036316995235653325
  -0.75646092561677450513518742831034986016     0.70531987008774012359589767317334432313    -0.98016167400632036695493831889569900074   0.0021637334485736351274800337005174378386
   0.70531987008774012359589767317334432313    -0.75646092561677450513518742831034986016    -0.98016167400632036695493831889569900074   0.0021637334485736351274800337005174378386
  -0.94885894447096561846071024486299446297     0.70531987008774012359589767317334432313    -0.98016167400632036695493831889569900074   0.0021637334485736351274800337005174378386
   0.70531987008774012359589767317334432313    -0.94885894447096561846071024486299446297    -0.98016167400632036695493831889569900074   0.0021637334485736351274800337005174378386
  -0.94885894447096561846071024486299446297    -0.75646092561677450513518742831034986016    -0.98016167400632036695493831889569900074   0.0021637334485736351274800337005174378386
  -0.75646092561677450513518742831034986016    -0.94885894447096561846071024486299446297    -0.98016167400632036695493831889569900074   0.0021637334485736351274800337005174378386
  -0.75646092561677450513518742831034986016     0.70531987008774012359589767317334432313     0.98016167400632036695493831889569900074   0.0021637334485736351274800337005174378386
   0.70531987008774012359589767317334432313    -0.75646092561677450513518742831034986016     0.98016167400632036695493831889569900074   0.0021637334485736351274800337005174378386
  -0.94885894447096561846071024486299446297     0.70531987008774012359589767317334432313     0.98016167400632036695493831889569900074   0.0021637334485736351274800337005174378386
   0.70531987008774012359589767317334432313    -0.94885894447096561846071024486299446297     0.98016167400632036695493831889569900074   0.0021637334485736351274800337005174378386
  -0.94885894447096561846071024486299446297    -0.75646092561677450513518742831034986016     0.98016167400632036695493831889569900074   0.0021637334485736351274800337005174378386
  -0.75646092561677450513518742831034986016    -0.94885894447096561846071024486299446297     0.98016167400632036695493831889569900074   0.0021637334485736351274800337005174378386
   -0.7602036772923093241197778219598200448     0.70501353875545520028557475174122703529    -0.56132042742784397881078717492538138191    0.009933644541447667301727720987908281332
   0.70501353875545520028557475174122703529     -0.7602036772923093241197778219598200448    -0.56132042742784397881078717492538138191    0.009933644541447667301727720987908281332
  -0.94480986146314587616579692978140699049     0.70501353875545520028557475174122703529    -0.56132042742784397881078717492538138191    0.009933644541447667301727720987908281332
   0.70501353875545520028557475174122703529    -0.94480986146314587616579692978140699049    -0.56132042742784397881078717492538138191    0.009933644541447667301727720987908281332
  -0.94480986146314587616579692978140699049     -0.7602036772923093241197778219598200448    -0.56132042742784397881078717492538138191    0.009933644541447667301727720987908281332
   -0.7602036772923093241197778219598200448    -0.94480986146314587616579692978140699049    -0.56132042742784397881078717492538138191    0.009933644541447667301727720987908281332
   -0.7602036772923093241197778219598200448     0.70501353875545520028557475174122703529     0.56132042742784397881078717492538138191    0.009933644541447667301727720987908281332
   0.70501353875545520028557475174122703529     -0.7602036772923093241197778219598200448     0.56132042742784397881078717492538138191    0.009933644541447667301727720987908281332
  -0.94480986146314587616579692978140699049     0.70501353875545520028557475174122703529     0.56132042742784397881078717492538138191    0.009933644541447667301727720987908281332
   0.70501353875545520028557475174122703529    -0.94480986146314587616579692978140699049     0.56132042742784397881078717492538138191    0.009933644541447667301727720987908281332
  -0.94480986146314587616579692978140699049     -0.7602036772923093241197778219598200448     0.56132042742784397881078717492538138191    0.009933644541447667301727720987908281332
   -0.7602036772923093241197778219598200448    -0.94480986146314587616579692978140699049     0.56132042742784397881078717492538138191    0.009933644541447667301727720987908281332
  -0.21685321377372741882092386472387918485      0.1306162305014345698252778377080466913    -0.82281363474470503188711832612766719007    0.010918977645632217116426319687324212183
    0.1306162305014345698252778377080466913    -0.21685321377372741882092386472387918485    -0.82281363474470503188711832612766719007    0.010918977645632217116426319687324212183
  -0.91376301672770715100435397298416750645      0.1306162305014345698252778377080466913    -0.82281363474470503188711832612766719007    0.010918977645632217116426319687324212183
    0.1306162305014345698252778377080466913    -0.91376301672770715100435397298416750645    -0.82281363474470503188711832612766719007    0.010918977645632217116426319687324212183
  -0.91376301672770715100435397298416750645    -0.21685321377372741882092386472387918485    -0.82281363474470503188711832612766719007    0.010918977645632217116426319687324212183
  -0.21685321377372741882092386472387918485    -0.91376301672770715100435397298416750645    -0.82281363474470503188711832612766719007    0.010918977645632217116426319687324212183
  -0.21685321377372741882092386472387918485      0.1306162305014345698252778377080466913     0.82281363474470503188711832612766719007    0.010918977645632217116426319687324212183
    0.1306162305014345698252778377080466913    -0.21685321377372741882092386472387918485     0.82281363474470503188711832612766719007    0.010918977645632217116426319687324212183
  -0.91376301672770715100435397298416750645      0.1306162305014345698252778377080466913     0.82281363474470503188711832612766719007    0.010918977645632217116426319687324212183
    0.1306162305014345698252778377080466913    -0.91376301672770715100435397298416750645     0.82281363474470503188711832612766719007    0.010918977645632217116426319687324212183
  -0.91376301672770715100435397298416750645    -0.21685321377372741882092386472387918485     0.82281363474470503188711832612766719007    0.010918977645632217116426319687324212183
  -0.21685321377372741882092386472387918485    -0.91376301672770715100435397298416750645     0.82281363474470503188711832612766719007    0.010918977645632217116426319687324212183
  -0.50350575539154559293534007148568916087     0.40152833341548836697103457360437338061    -0.65583444718403782085619649949493417813    0.014971278355274399465951511090002181519
   0.40152833341548836697103457360437338061    -0.50350575539154559293534007148568916087    -0.65583444718403782085619649949493417813    0.014971278355274399465951511090002181519
  -0.89802257802394277403569450211868421974     0.40152833341548836697103457360437338061    -0.65583444718403782085619649949493417813    0.014971278355274399465951511090002181519
   0.40152833341548836697103457360437338061    -0.89802257802394277403569450211868421974    -0.65583444718403782085619649949493417813    0.014971278355274399465951511090002181519
  -0.89802257802394277403569450211868421974    -0.50350575539154559293534007148568916087    -0.65583444718403782085619649949493417813    0.014971278355274399465951511090002181519
  -0.50350575539154559293534007148568916087    -0.89802257802394277403569450211868421974    -0.65583444718403782085619649949493417813    0.014971278355274399465951511090002181519
  -0.50350575539154559293534007148568916087     0.40152833341548836697103457360437338061     0.65583444718403782085619649949493417813    0.014971278355274399465951511090002181519
   0.40152833341548836697103457360437338061    -0.50350575539154559293534007148568916087     0.65583444718403782085619649949493417813    0.014971278355274399465951511090002181519
  -0.89802257802394277403569450211868421974     0.40152833341548836697103457360437338061     0.65583444718403782085619649949493417813    0.014971278355274399465951511090002181519
   0.40152833341548836697103457360437338061    -0.89802257802394277403569450211868421974     0.65583444718403782085619649949493417813    0.014971278355274399465951511090002181519
  -0.89802257802394277403569450211868421974    -0.50350575539154559293534007148568916087     0.65583444718403782085619649949493417813    0.014971278355274399465951511090002181519
  -0.50350575539154559293534007148568916087    -0.89802257802394277403569450211868421974     0.65583444718403782085619649949493417813    0.014971278355274399465951511090002181519
  -0.64787852157952146764769912096567122463     0.52075386275558368754018338270439102432    -0.19100717199544237649608997713842029616    0.015974261099799380732754322025212263726
   0.52075386275558368754018338270439102432    -0.64787852157952146764769912096567122463    -0.19100717199544237649608997713842029616    0.015974261099799380732754322025212263726
  -0.87287534117606221989248426173871979969     0.52075386275558368754018338270439102432    -0.19100717199544237649608997713842029616    0.015974261099799380732754322025212263726
   0.52075386275558368754018338270439102432    -0.87287534117606221989248426173871979969    -0.19100717199544237649608997713842029616    0.015974261099799380732754322025212263726
  -0.87287534117606221989248426173871979969    -0.64787852157952146764769912096567122463    -0.19100717199544237649608997713842029616    0.015974261099799380732754322025212263726
  -0.64787852157952146764769912096567122463    -0.87287534117606221989248426173871979969    -0.19100717199544237649608997713842029616    0.015974261099799380732754322025212263726
  -0.64787852157952146764769912096567122463     0.52075386275558368754018338270439102432     0.19100717199544237649608997713842029616    0.015974261099799380732754322025212263726
   0.52075386275558368754018338270439102432    -0.64787852157952146764769912096567122463     0.19100717199544237649608997713842029616    0.015974261099799380732754322025212263726
  -0.87287534117606221989248426173871979969     0.52075386275558368754018338270439102432     0.19100717199544237649608997713842029616    0.015974261099799380732754322025212263726
   0.52075386275558368754018338270439102432    -0.87287534117606221989248426173871979969     0.19100717199544237649608997713842029616    0.015974261099799380732754322025212263726
  -0.87287534117606221989248426173871979969    -0.64787852157952146764769912096567122463     0.19100717199544237649608997713842029616    0.015974261099799380732754322025212263726
  -0.64787852157952146764769912096567122463    -0.87287534117606221989248426173871979969     0.19100717199544237649608997713842029616    0.015974261099799380732754322025212263726
  -0.32968928970302012949191430520597851659     0.19392275462454770340375112459714212701    -0.30493711762863511535388899502291958288    0.019154434815359899988407717974494215425
   0.19392275462454770340375112459714212701    -0.32968928970302012949191430520597851659    -0.30493711762863511535388899502291958288    0.019154434815359899988407717974494215425
  -0.86423346492152757391183681939116361042     0.19392275462454770340375112459714212701    -0.30493711762863511535388899502291958288    0.019154434815359899988407717974494215425
   0.19392275462454770340375112459714212701    -0.86423346492152757391183681939116361042    -0.30493711762863511535388899502291958288    0.019154434815359899988407717974494215425
  -0.86423346492152757391183681939116361042    -0.32968928970302012949191430520597851659    -0.30493711762863511535388899502291958288    0.019154434815359899988407717974494215425
  -0.32968928970302012949191430520597851659    -0.86423346492152757391183681939116361042    -0.30493711762863511535388899502291958288    0.019154434815359899988407717974494215425
  -0.32968928970302012949191430520597851659     0.19392275462454770340375112459714212701     0.30493711762863511535388899502291958288    0.019154434815359899988407717974494215425
   0.19392275462454770340375112459714212701    -0.32968928970302012949191430520597851659     0.30493711762863511535388899502291958288    0.019154434815359899988407717974494215425
  -0.86423346492152757391183681939116361042     0.19392275462454770340375112459714212701     0.30493711762863511535388899502291958288    0.019154434815359899988407717974494215425
   0.19392275462454770340375112459714212701    -0.86423346492152757391183681939116361042     0.30493711762863511535388899502291958288    0.019154434815359899988407717974494215425
  -0.86423346492152757391183681939116361042    -0.32968928970302012949191430520597851659     0.30493711762863511535388899502291958288    0.019154434815359899988407717974494215425
  -0.32968928970302012949191430520597851659    -0.86423346492152757391183681939116361042     0.30493711762863511535388899502291958288    0.019154434815359899988407717974494215425
  -0.62241692741792052574657810674901594542     0.47035158615696681345090934896795114015    -0.89826343477755350109781672950209907583   0.0095562667660658781027790383610209290045
   0.47035158615696681345090934896795114015    -0.62241692741792052574657810674901594542    -0.89826343477755350109781672950209907583   0.0095562667660658781027790383610209290045
  -0.84793465873904628770433124221893519473     0.47035158615696681345090934896795114015    -0.89826343477755350109781672950209907583   0.0095562667660658781027790383610209290045
   0.47035158615696681345090934896795114015    -0.84793465873904628770433124221893519473    -0.89826343477755350109781672950209907583   0.0095562667660658781027790383610209290045
  -0.84793465873904628770433124221893519473    -0.62241692741792052574657810674901594542    -0.89826343477755350109781672950209907583   0.0095562667660658781027790383610209290045
  -0.62241692741792052574657810674901594542    -0.84793465873904628770433124221893519473    -0.89826343477755350109781672950209907583   0.0095562667660658781027790383610209290045
  -0.62241692741792052574657810674901594542     0.47035158615696681345090934896795114015     0.89826343477755350109781672950209907583   0.0095562667660658781027790383610209290045
   0.47035158615696681345090934896795114015    -0.62241692741792052574657810674901594542     0.89826343477755350109781672950209907583   0.0095562667660658781027790383610209290045
  -0.84793465873904628770433124221893519473     0.47035158615696681345090934896795114015     0.89826343477755350109781672950209907583   0.0095562667660658781027790383610209290045
   0.47035158615696681345090934896795114015    -0.84793465873904628770433124221893519473     0.89826343477755350109781672950209907583   0.0095562667660658781027790383610209290045
  -0.84793465873904628770433124221893519473    -0.62241692741792052574657810674901594542     0.89826343477755350109781672950209907583   0.0095562667660658781027790383610209290045
  -0.62241692741792052574657810674901594542    -0.84793465873904628770433124221893519473     0.89826343477755350109781672950209907583   0.0095562667660658781027790383610209290045
  -0.33112017044895644492956883451335171358     0.10180249876750159281348209221310724311    -0.93564285490465399613151695724588015369    0.011269539564248125859470255814533340525
   0.10180249876750159281348209221310724311    -0.33112017044895644492956883451335171358    -0.93564285490465399613151695724588015369    0.011269539564248125859470255814533340525
  -0.77068232831854514788391325769975552952     0.10180249876750159281348209221310724311    -0.93564285490465399613151695724588015369    0.011269539564248125859470255814533340525
   0.10180249876750159281348209221310724311    -0.77068232831854514788391325769975552952    -0.93564285490465399613151695724588015369    0.011269539564248125859470255814533340525
  -0.77068232831854514788391325769975552952    -0.33112017044895644492956883451335171358    -0.93564285490465399613151695724588015369    0.011269539564248125859470255814533340525
  -0.33112017044895644492956883451335171358    -0.77068232831854514788391325769975552952    -0.93564285490465399613151695724588015369    0.011269539564248125859470255814533340525
  -0.33112017044895644492956883451335171358     0.10180249876750159281348209221310724311     0.93564285490465399613151695724588015369    0.011269539564248125859470255814533340525
   0.10180249876750159281348209221310724311    -0.33112017044895644492956883451335171358     0.93564285490465399613151695724588015369    0.011269539564248125859470255814533340525
  -0.77068232831854514788391325769975552952     0.10180249876750159281348209221310724311     0.93564285490465399613151695724588015369    0.011269539564248125859470255814533340525
   0.10180249876750159281348209221310724311    -0.77068232831854514788391325769975552952     0.93564285490465399613151695724588015369    0.011269539564248125859470255814533340525
  -0.77068232831854514788391325769975552952    -0.33112017044895644492956883451335171358     0.93564285490465399613151695724588015369    0.011269539564248125859470255814533340525
  -0.33112017044895644492956883451335171358    -0.77068232831854514788391325769975552952     0.93564285490465399613151695724588015369    0.011269539564248125859470255814533340525
  -0.39645170278026774595507808324806685662     0.14942216920637458181742527151531228589    -0.49409126321916206037214322829701075872    0.018587167160786170808622479183358498184
   0.14942216920637458181742527151531228589    -0.39645170278026774595507808324806685662    -0.49409126321916206037214322829701075872    0.018587167160786170808622479183358498184
  -0.75297046642610683586234718826724542927     0.14942216920637458181742527151531228589    -0.49409126321916206037214322829701075872    0.018587167160786170808622479183358498184
   0.14942216920637458181742527151531228589    -0.75297046642610683586234718826724542927    -0.49409126321916206037214322829701075872    0.018587167160786170808622479183358498184
  -0.75297046642610683586234718826724542927    -0.39645170278026774595507808324806685662    -0.49409126321916206037214322829701075872    0.018587167160786170808622479183358498184
  -0.39645170278026774595507808324806685662    -0.75297046642610683586234718826724542927    -0.49409126321916206037214322829701075872    0.018587167160786170808622479183358498184
  -0.39645170278026774595507808324806685662     0.14942216920637458181742527151531228589     0.49409126321916206037214322829701075872    0.018587167160786170808622479183358498184
   0.14942216920637458181742527151531228589    -0.39645170278026774595507808324806685662     0.49409126321916206037214322829701075872    0.018587167160786170808622479183358498184
  -0.75297046642610683586234718826724542927     0.14942216920637458181742527151531228589     0.49409126321916206037214322829701075872    0.018587167160786170808622479183358498184
   0.14942216920637458181742527151531228589    -0.75297046642610683586234718826724542927     0.49409126321916206037214322829701075872    0.018587167160786170808622479183358498184
  -0.75297046642610683586234718826724542927    -0.39645170278026774595507808324806685662     0.49409126321916206037214322829701075872    0.018587167160786170808622479183358498184
  -0.39645170278026774595507808324806685662    -0.75297046642610683586234718826724542927     0.49409126321916206037214322829701075872    0.018587167160786170808622479183358498184
  -0.52437259916720743804773100207366077768     0.21605490180104256596299743103657056789    -0.75629353453986522825049285644585936244    0.017146024798741170869728778702073447467
   0.21605490180104256596299743103657056789    -0.52437259916720743804773100207366077768    -0.75629353453986522825049285644585936244    0.017146024798741170869728778702073447467
  -0.69168230263383512791526642896290979021     0.21605490180104256596299743103657056789    -0.75629353453986522825049285644585936244    0.017146024798741170869728778702073447467
   0.21605490180104256596299743103657056789    -0.69168230263383512791526642896290979021    -0.75629353453986522825049285644585936244    0.017146024798741170869728778702073447467
  -0.69168230263383512791526642896290979021    -0.52437259916720743804773100207366077768    -0.75629353453986522825049285644585936244    0.017146024798741170869728778702073447467
  -0.52437259916720743804773100207366077768    -0.69168230263383512791526642896290979021    -0.75629353453986522825049285644585936244    0.017146024798741170869728778702073447467
  -0.52437259916720743804773100207366077768     0.21605490180104256596299743103657056789     0.75629353453986522825049285644585936244    0.017146024798741170869728778702073447467
   0.21605490180104256596299743103657056789    -0.52437259916720743804773100207366077768     0.75629353453986522825049285644585936244    0.017146024798741170869728778702073447467
  -0.69168230263383512791526642896290979021     0.21605490180104256596299743103657056789     0.75629353453986522825049285644585936244    0.017146024798741170869728778702073447467
   0.21605490180104256596299743103657056789    -0.69168230263383512791526642896290979021     0.75629353453986522825049285644585936244    0.017146024798741170869728778702073447467
  -0.69168230263383512791526642896290979021    -0.52437259916720743804773100207366077768     0.75629353453986522825049285644585936244    0.017146024798741170869728778702073447467
  -0.52437259916720743804773100207366077768    -0.69168230263383512791526642896290979021     0.75629353453986522825049285644585936244    0.017146024798741170869728778702073447467
  -0.35401198204673253246556125695460282945   -0.038762099552593094696262996595277741614    -0.19533259022315167991859073184419581564    0.025703257936223909006062689136992473821
 -0.038762099552593094696262996595277741614    -0.35401198204673253246556125695460282945    -0.19533259022315167991859073184419581564    0.025703257936223909006062689136992473821
  -0.60722591840067437283817574645011942894   -0.038762099552593094696262996595277741614    -0.19533259022315167991859073184419581564    0.025703257936223909006062689136992473821
 -0.038762099552593094696262996595277741614    -0.60722591840067437283817574645011942894    -0.19533259022315167991859073184419581564    0.025703257936223909006062689136992473821
  -0.60722591840067437283817574645011942894    -0.35401198204673253246556125695460282945    -0.19533259022315167991859073184419581564    0.025703257936223909006062689136992473821
  -0.35401198204673253246556125695460282945    -0.60722591840067437283817574645011942894    -0.19533259022315167991859073184419581564    0.025703257936223909006062689136992473821
  -0.35401198204673253246556125695460282945   -0.038762099552593094696262996595277741614     0.19533259022315167991859073184419581564    0.025703257936223909006062689136992473821
 -0.038762099552593094696262996595277741614    -0.35401198204673253246556125695460282945     0.19533259022315167991859073184419581564    0.025703257936223909006062689136992473821
  -0.60722591840067437283817574645011942894   -0.038762099552593094696262996595277741614     0.19533259022315167991859073184419581564    0.025703257936223909006062689136992473821
 -0.038762099552593094696262996595277741614    -0.60722591840067437283817574645011942894     0.19533259022315167991859073184419581564    0.025703257936223909006062689136992473821
  -0.60722591840067437283817574645011942894    -0.35401198204673253246556125695460282945     0.19533259022315167991859073184419581564    0.025703257936223909006062689136992473821
  -0.35401198204673253246556125695460282945    -0.60722591840067437283817574645011942894     0.19533259022315167991859073184419581564    0.025703257936223909006062689136992473821

