  -0.33333333333333333333333333333333333333    -0.33333333333333333333333333333333333333    -0.38465129060589879349214577418911237243    0.096390142066731808510063863340786878524
  -0.33333333333333333333333333333333333333    -0.33333333333333333333333333333333333333     0.38465129060589879349214577418911237243    0.096390142066731808510063863340786878524
  -0.33333333333333333333333333333333333333    -0.33333333333333333333333333333333333333    -0.94023958573481322304600359971641140698    0.056499839513252604068733857135117481181
  -0.33333333333333333333333333333333333333    -0.33333333333333333333333333333333333333     0.94023958573481322304600359971641140698    0.056499839513252604068733857135117481181
  -0.89510998438319667167944514154697403987     0.79021996876639334335889028309394807974                                            0    0.017513697430221533953459398440508648163
   0.79021996876639334335889028309394807974    -0.89510998438319667167944514154697403987                                            0    0.017513697430221533953459398440508648163
  -0.89510998438319667167944514154697403987    -0.89510998438319667167944514154697403987                                            0    0.017513697430221533953459398440508648163
 -0.085456281501422152780104006161698637045    -0.82908743699715569443979198767660272591                                            0    0.053312994949227413046201767079981652526
  -0.82908743699715569443979198767660272591   -0.085456281501422152780104006161698637045                                            0    0.053312994949227413046201767079981652526
 -0.085456281501422152780104006161698637045   -0.085456281501422152780104006161698637045                                            0    0.053312994949227413046201767079981652526
-0.0081393871682255023711366736540195772178    -0.98372122566354899525772665269196084556                                            0    0.014686707027210219406614255629915403451
  -0.98372122566354899525772665269196084556  -0.0081393871682255023711366736540195772178                                            0    0.014686707027210219406614255629915403451
-0.0081393871682255023711366736540195772178  -0.0081393871682255023711366736540195772178                                            0    0.014686707027210219406614255629915403451
  -0.95733182261977146032394835329117081725     0.91466364523954292064789670658234163449     -0.6307947795864175599134748936700513255    0.010723068426636659320550041428648378255
   0.91466364523954292064789670658234163449    -0.95733182261977146032394835329117081725     -0.6307947795864175599134748936700513255    0.010723068426636659320550041428648378255
  -0.95733182261977146032394835329117081725    -0.95733182261977146032394835329117081725     -0.6307947795864175599134748936700513255    0.010723068426636659320550041428648378255
  -0.95733182261977146032394835329117081725     0.91466364523954292064789670658234163449      0.6307947795864175599134748936700513255    0.010723068426636659320550041428648378255
   0.91466364523954292064789670658234163449    -0.95733182261977146032394835329117081725      0.6307947795864175599134748936700513255    0.010723068426636659320550041428648378255
  -0.95733182261977146032394835329117081725    -0.95733182261977146032394835329117081725      0.6307947795864175599134748936700513255    0.010723068426636659320550041428648378255
  -0.87443838555178184422699076983624086531     0.74887677110356368845398153967248173062    -0.96065062847734522628085836174070697915    0.012685481962842187218367564760695879478
   0.74887677110356368845398153967248173062    -0.87443838555178184422699076983624086531    -0.96065062847734522628085836174070697915    0.012685481962842187218367564760695879478
  -0.87443838555178184422699076983624086531    -0.87443838555178184422699076983624086531    -0.96065062847734522628085836174070697915    0.012685481962842187218367564760695879478
  -0.87443838555178184422699076983624086531     0.74887677110356368845398153967248173062     0.96065062847734522628085836174070697915    0.012685481962842187218367564760695879478
   0.74887677110356368845398153967248173062    -0.87443838555178184422699076983624086531     0.96065062847734522628085836174070697915    0.012685481962842187218367564760695879478
  -0.87443838555178184422699076983624086531    -0.87443838555178184422699076983624086531     0.96065062847734522628085836174070697915    0.012685481962842187218367564760695879478
  -0.78048269451705112646690540120062958137     0.56096538903410225293381080240125916273    -0.42433327777617228727756091565803767841      0.0644135831425040794034351922669786612
   0.56096538903410225293381080240125916273    -0.78048269451705112646690540120062958137    -0.42433327777617228727756091565803767841      0.0644135831425040794034351922669786612
  -0.78048269451705112646690540120062958137    -0.78048269451705112646690540120062958137    -0.42433327777617228727756091565803767841      0.0644135831425040794034351922669786612
  -0.78048269451705112646690540120062958137     0.56096538903410225293381080240125916273     0.42433327777617228727756091565803767841      0.0644135831425040794034351922669786612
   0.56096538903410225293381080240125916273    -0.78048269451705112646690540120062958137     0.42433327777617228727756091565803767841      0.0644135831425040794034351922669786612
  -0.78048269451705112646690540120062958137    -0.78048269451705112646690540120062958137     0.42433327777617228727756091565803767841      0.0644135831425040794034351922669786612
  -0.61418469312840010944937029481443038942     0.22836938625680021889874058962886077885    -0.81052442860186175683607391511123441709    0.066233662710314871502683443226022617484
   0.22836938625680021889874058962886077885    -0.61418469312840010944937029481443038942    -0.81052442860186175683607391511123441709    0.066233662710314871502683443226022617484
  -0.61418469312840010944937029481443038942    -0.61418469312840010944937029481443038942    -0.81052442860186175683607391511123441709    0.066233662710314871502683443226022617484
  -0.61418469312840010944937029481443038942     0.22836938625680021889874058962886077885     0.81052442860186175683607391511123441709    0.066233662710314871502683443226022617484
   0.22836938625680021889874058962886077885    -0.61418469312840010944937029481443038942     0.81052442860186175683607391511123441709    0.066233662710314871502683443226022617484
  -0.61418469312840010944937029481443038942    -0.61418469312840010944937029481443038942     0.81052442860186175683607391511123441709    0.066233662710314871502683443226022617484
  -0.54687178048208380565999322730421313531    0.093743560964167611319986454608426270618    -0.13187245147388377281313604756404237237    0.076839077262756394455788368185982740946
  0.093743560964167611319986454608426270618    -0.54687178048208380565999322730421313531    -0.13187245147388377281313604756404237237    0.076839077262756394455788368185982740946
  -0.54687178048208380565999322730421313531    -0.54687178048208380565999322730421313531    -0.13187245147388377281313604756404237237    0.076839077262756394455788368185982740946
  -0.54687178048208380565999322730421313531    0.093743560964167611319986454608426270618     0.13187245147388377281313604756404237237    0.076839077262756394455788368185982740946
  0.093743560964167611319986454608426270618    -0.54687178048208380565999322730421313531     0.13187245147388377281313604756404237237    0.076839077262756394455788368185982740946
  -0.54687178048208380565999322730421313531    -0.54687178048208380565999322730421313531     0.13187245147388377281313604756404237237    0.076839077262756394455788368185982740946
  -0.13836861166580902598697357362991489409    -0.72326277666838194802605285274017021182    -0.61125245716167843240694696559330674615     0.10297962686504605015288121262843661335
  -0.72326277666838194802605285274017021182    -0.13836861166580902598697357362991489409    -0.61125245716167843240694696559330674615     0.10297962686504605015288121262843661335
  -0.13836861166580902598697357362991489409    -0.13836861166580902598697357362991489409    -0.61125245716167843240694696559330674615     0.10297962686504605015288121262843661335
  -0.13836861166580902598697357362991489409    -0.72326277666838194802605285274017021182     0.61125245716167843240694696559330674615     0.10297962686504605015288121262843661335
  -0.72326277666838194802605285274017021182    -0.13836861166580902598697357362991489409     0.61125245716167843240694696559330674615     0.10297962686504605015288121262843661335
  -0.13836861166580902598697357362991489409    -0.13836861166580902598697357362991489409     0.61125245716167843240694696559330674615     0.10297962686504605015288121262843661335
-0.0036933010817624816731302546295688082804    -0.99261339783647503665373949074086238344    -0.70677742218391949259167970823675711017    0.021079813609734050522413730594303621201
  -0.99261339783647503665373949074086238344  -0.0036933010817624816731302546295688082804    -0.70677742218391949259167970823675711017    0.021079813609734050522413730594303621201
-0.0036933010817624816731302546295688082804  -0.0036933010817624816731302546295688082804    -0.70677742218391949259167970823675711017    0.021079813609734050522413730594303621201
-0.0036933010817624816731302546295688082804    -0.99261339783647503665373949074086238344     0.70677742218391949259167970823675711017    0.021079813609734050522413730594303621201
  -0.99261339783647503665373949074086238344  -0.0036933010817624816731302546295688082804     0.70677742218391949259167970823675711017    0.021079813609734050522413730594303621201
-0.0036933010817624816731302546295688082804  -0.0036933010817624816731302546295688082804     0.70677742218391949259167970823675711017    0.021079813609734050522413730594303621201
  -0.78219656394572526488153214112104980518     0.78219656394572526488153214112104980518                                            0    0.014573474706718269941575194537570785757
   0.78219656394572526488153214112104980518    -0.78219656394572526488153214112104980518                                            0    0.014573474706718269941575194537570785757
                                         -1     0.78219656394572526488153214112104980518                                            0    0.014573474706718269941575194537570785757
   0.78219656394572526488153214112104980518                                           -1                                            0    0.014573474706718269941575194537570785757
                                         -1    -0.78219656394572526488153214112104980518                                            0    0.014573474706718269941575194537570785757
  -0.78219656394572526488153214112104980518                                           -1                                            0    0.014573474706718269941575194537570785757
  -0.61770830975865762910942991233660545364     0.58086497689298475174856728126117577391      -0.762630556526276122949272708411391692    0.022539201227623159314713762710103870891
   0.58086497689298475174856728126117577391    -0.61770830975865762910942991233660545364      -0.762630556526276122949272708411391692    0.022539201227623159314713762710103870891
  -0.96315666713432712263913736892457032027     0.58086497689298475174856728126117577391      -0.762630556526276122949272708411391692    0.022539201227623159314713762710103870891
   0.58086497689298475174856728126117577391    -0.96315666713432712263913736892457032027      -0.762630556526276122949272708411391692    0.022539201227623159314713762710103870891
  -0.96315666713432712263913736892457032027    -0.61770830975865762910942991233660545364      -0.762630556526276122949272708411391692    0.022539201227623159314713762710103870891
  -0.61770830975865762910942991233660545364    -0.96315666713432712263913736892457032027      -0.762630556526276122949272708411391692    0.022539201227623159314713762710103870891
  -0.61770830975865762910942991233660545364     0.58086497689298475174856728126117577391       0.762630556526276122949272708411391692    0.022539201227623159314713762710103870891
   0.58086497689298475174856728126117577391    -0.61770830975865762910942991233660545364       0.762630556526276122949272708411391692    0.022539201227623159314713762710103870891
  -0.96315666713432712263913736892457032027     0.58086497689298475174856728126117577391       0.762630556526276122949272708411391692    0.022539201227623159314713762710103870891
   0.58086497689298475174856728126117577391    -0.96315666713432712263913736892457032027       0.762630556526276122949272708411391692    0.022539201227623159314713762710103870891
  -0.96315666713432712263913736892457032027    -0.61770830975865762910942991233660545364       0.762630556526276122949272708411391692    0.022539201227623159314713762710103870891
  -0.61770830975865762910942991233660545364    -0.96315666713432712263913736892457032027       0.762630556526276122949272708411391692    0.022539201227623159314713762710103870891
  -0.41034844811479936615860541915121102367     0.32036875366017336940356799663228862906    -0.30719189359406172384130688250952551417    0.055747174214506170921195440391135667697
   0.32036875366017336940356799663228862906    -0.41034844811479936615860541915121102367    -0.30719189359406172384130688250952551417    0.055747174214506170921195440391135667697
  -0.91002030554537400324496257748107760539     0.32036875366017336940356799663228862906    -0.30719189359406172384130688250952551417    0.055747174214506170921195440391135667697
   0.32036875366017336940356799663228862906    -0.91002030554537400324496257748107760539    -0.30719189359406172384130688250952551417    0.055747174214506170921195440391135667697
  -0.91002030554537400324496257748107760539    -0.41034844811479936615860541915121102367    -0.30719189359406172384130688250952551417    0.055747174214506170921195440391135667697
  -0.41034844811479936615860541915121102367    -0.91002030554537400324496257748107760539    -0.30719189359406172384130688250952551417    0.055747174214506170921195440391135667697
  -0.41034844811479936615860541915121102367     0.32036875366017336940356799663228862906     0.30719189359406172384130688250952551417    0.055747174214506170921195440391135667697
   0.32036875366017336940356799663228862906    -0.41034844811479936615860541915121102367     0.30719189359406172384130688250952551417    0.055747174214506170921195440391135667697
  -0.91002030554537400324496257748107760539     0.32036875366017336940356799663228862906     0.30719189359406172384130688250952551417    0.055747174214506170921195440391135667697
   0.32036875366017336940356799663228862906    -0.91002030554537400324496257748107760539     0.30719189359406172384130688250952551417    0.055747174214506170921195440391135667697
  -0.91002030554537400324496257748107760539    -0.41034844811479936615860541915121102367     0.30719189359406172384130688250952551417    0.055747174214506170921195440391135667697
  -0.41034844811479936615860541915121102367    -0.91002030554537400324496257748107760539     0.30719189359406172384130688250952551417    0.055747174214506170921195440391135667697
  -0.34019894489765669518620167994229170686     0.20719649416055962294413367931273730574    -0.95419771147640969243760005226715541958    0.023423050099598861473874947717521993259
   0.20719649416055962294413367931273730574    -0.34019894489765669518620167994229170686    -0.95419771147640969243760005226715541958    0.023423050099598861473874947717521993259
  -0.86699754926290292775793199937044559888     0.20719649416055962294413367931273730574    -0.95419771147640969243760005226715541958    0.023423050099598861473874947717521993259
   0.20719649416055962294413367931273730574    -0.86699754926290292775793199937044559888    -0.95419771147640969243760005226715541958    0.023423050099598861473874947717521993259
  -0.86699754926290292775793199937044559888    -0.34019894489765669518620167994229170686    -0.95419771147640969243760005226715541958    0.023423050099598861473874947717521993259
  -0.34019894489765669518620167994229170686    -0.86699754926290292775793199937044559888    -0.95419771147640969243760005226715541958    0.023423050099598861473874947717521993259
  -0.34019894489765669518620167994229170686     0.20719649416055962294413367931273730574     0.95419771147640969243760005226715541958    0.023423050099598861473874947717521993259
   0.20719649416055962294413367931273730574    -0.34019894489765669518620167994229170686     0.95419771147640969243760005226715541958    0.023423050099598861473874947717521993259
  -0.86699754926290292775793199937044559888     0.20719649416055962294413367931273730574     0.95419771147640969243760005226715541958    0.023423050099598861473874947717521993259
   0.20719649416055962294413367931273730574    -0.86699754926290292775793199937044559888     0.95419771147640969243760005226715541958    0.023423050099598861473874947717521993259
  -0.86699754926290292775793199937044559888    -0.34019894489765669518620167994229170686     0.95419771147640969243760005226715541958    0.023423050099598861473874947717521993259
  -0.34019894489765669518620167994229170686    -0.86699754926290292775793199937044559888     0.95419771147640969243760005226715541958    0.023423050099598861473874947717521993259

