 -0.33333333333333333333333333333333333333   -0.33333333333333333333333333333333333333                                           0    0.71145555593148684996197343022099556338
-0.025400070899508667767082370124706051859   -0.94919985820098266446583525975058789628                                           0    0.22471006722826685202639587426081419504
 -0.94919985820098266446583525975058789628  -0.025400070899508667767082370124706051859                                           0    0.22471006722826685202639587426081419504
-0.025400070899508667767082370124706051859  -0.025400070899508667767082370124706051859                                           0    0.22471006722826685202639587426081419504
 -0.10880379065925599247444934872713650457   -0.78239241868148801505110130254572699087    -0.8710029348654440527292590830738210619    0.18566142131615813987257487985503458339
 -0.78239241868148801505110130254572699087   -0.10880379065925599247444934872713650457    -0.8710029348654440527292590830738210619    0.18566142131615813987257487985503458339
 -0.10880379065925599247444934872713650457   -0.10880379065925599247444934872713650457    -0.8710029348654440527292590830738210619    0.18566142131615813987257487985503458339
 -0.10880379065925599247444934872713650457   -0.78239241868148801505110130254572699087     0.8710029348654440527292590830738210619    0.18566142131615813987257487985503458339
 -0.78239241868148801505110130254572699087   -0.10880379065925599247444934872713650457     0.8710029348654440527292590830738210619    0.18566142131615813987257487985503458339
 -0.10880379065925599247444934872713650457   -0.10880379065925599247444934872713650457     0.8710029348654440527292590830738210619    0.18566142131615813987257487985503458339
 -0.79828210803458293816870337538129563058    0.59656421606916587633740675076259126116   -0.57042698070515927206196786842334325646    0.25007428574779395912056494464439239186
  0.59656421606916587633740675076259126116   -0.79828210803458293816870337538129563058   -0.57042698070515927206196786842334325646    0.25007428574779395912056494464439239186
 -0.79828210803458293816870337538129563058   -0.79828210803458293816870337538129563058   -0.57042698070515927206196786842334325646    0.25007428574779395912056494464439239186
 -0.79828210803458293816870337538129563058    0.59656421606916587633740675076259126116    0.57042698070515927206196786842334325646    0.25007428574779395912056494464439239186
  0.59656421606916587633740675076259126116   -0.79828210803458293816870337538129563058    0.57042698070515927206196786842334325646    0.25007428574779395912056494464439239186
 -0.79828210803458293816870337538129563058   -0.79828210803458293816870337538129563058    0.57042698070515927206196786842334325646    0.25007428574779395912056494464439239186
