  -0.96567156200832375101745451471878236464     0.93134312401664750203490902943756472929                                            0   0.0012374989382211913179616542400880618251
   0.93134312401664750203490902943756472929    -0.96567156200832375101745451471878236464                                            0   0.0012374989382211913179616542400880618251
  -0.96567156200832375101745451471878236464    -0.96567156200832375101745451471878236464                                            0   0.0012374989382211913179616542400880618251
  -0.22963978215604729178117068341235921331    -0.54072043568790541643765863317528157339                                            0    0.021795900960659707981404066127426239946
  -0.54072043568790541643765863317528157339    -0.22963978215604729178117068341235921331                                            0    0.021795900960659707981404066127426239946
  -0.22963978215604729178117068341235921331    -0.22963978215604729178117068341235921331                                            0    0.021795900960659707981404066127426239946
 -0.071444182973007167528161119486080201424    -0.85711163405398566494367776102783959715                                            0    0.015733246564713830215743665623299309177
  -0.85711163405398566494367776102783959715   -0.071444182973007167528161119486080201424                                            0    0.015733246564713830215743665623299309177
 -0.071444182973007167528161119486080201424   -0.071444182973007167528161119486080201424                                            0    0.015733246564713830215743665623299309177
  -0.98492968838287399271509116108202053802     0.96985937676574798543018232216404107604    -0.76040421728293044801695938110806856493  0.00066758635869935714756856814329172284154
   0.96985937676574798543018232216404107604    -0.98492968838287399271509116108202053802    -0.76040421728293044801695938110806856493  0.00066758635869935714756856814329172284154
  -0.98492968838287399271509116108202053802    -0.98492968838287399271509116108202053802    -0.76040421728293044801695938110806856493  0.00066758635869935714756856814329172284154
  -0.98492968838287399271509116108202053802     0.96985937676574798543018232216404107604     0.76040421728293044801695938110806856493  0.00066758635869935714756856814329172284154
   0.96985937676574798543018232216404107604    -0.98492968838287399271509116108202053802     0.76040421728293044801695938110806856493  0.00066758635869935714756856814329172284154
  -0.98492968838287399271509116108202053802    -0.98492968838287399271509116108202053802     0.76040421728293044801695938110806856493  0.00066758635869935714756856814329172284154
  -0.98423207264474959852704564106225299451     0.96846414528949919705409128212450598902    -0.99999999999998210237504993091925887606  0.00012686668497848339752162667513496641861
   0.96846414528949919705409128212450598902    -0.98423207264474959852704564106225299451    -0.99999999999998210237504993091925887606  0.00012686668497848339752162667513496641861
  -0.98423207264474959852704564106225299451    -0.98423207264474959852704564106225299451    -0.99999999999998210237504993091925887606  0.00012686668497848339752162667513496641861
  -0.98423207264474959852704564106225299451     0.96846414528949919705409128212450598902     0.99999999999998210237504993091925887606  0.00012686668497848339752162667513496641861
   0.96846414528949919705409128212450598902    -0.98423207264474959852704564106225299451     0.99999999999998210237504993091925887606  0.00012686668497848339752162667513496641861
  -0.98423207264474959852704564106225299451    -0.98423207264474959852704564106225299451     0.99999999999998210237504993091925887606  0.00012686668497848339752162667513496641861
  -0.97935062183400844559886122083856536568     0.95870124366801689119772244167713073137    -0.33510945699488950225177033258619541972   0.0013765054731413868871505514700780105467
   0.95870124366801689119772244167713073137    -0.97935062183400844559886122083856536568    -0.33510945699488950225177033258619541972   0.0013765054731413868871505514700780105467
  -0.97935062183400844559886122083856536568    -0.97935062183400844559886122083856536568    -0.33510945699488950225177033258619541972   0.0013765054731413868871505514700780105467
  -0.97935062183400844559886122083856536568     0.95870124366801689119772244167713073137     0.33510945699488950225177033258619541972   0.0013765054731413868871505514700780105467
   0.95870124366801689119772244167713073137    -0.97935062183400844559886122083856536568     0.33510945699488950225177033258619541972   0.0013765054731413868871505514700780105467
  -0.97935062183400844559886122083856536568    -0.97935062183400844559886122083856536568     0.33510945699488950225177033258619541972   0.0013765054731413868871505514700780105467
  -0.93152642063351686016728618410734002081     0.86305284126703372033457236821468004161    -0.67556818768954385059771451506827095795   0.0038567766269046553912756103138047416676
   0.86305284126703372033457236821468004161    -0.93152642063351686016728618410734002081    -0.67556818768954385059771451506827095795   0.0038567766269046553912756103138047416676
  -0.93152642063351686016728618410734002081    -0.93152642063351686016728618410734002081    -0.67556818768954385059771451506827095795   0.0038567766269046553912756103138047416676
  -0.93152642063351686016728618410734002081     0.86305284126703372033457236821468004161     0.67556818768954385059771451506827095795   0.0038567766269046553912756103138047416676
   0.86305284126703372033457236821468004161    -0.93152642063351686016728618410734002081     0.67556818768954385059771451506827095795   0.0038567766269046553912756103138047416676
  -0.93152642063351686016728618410734002081    -0.93152642063351686016728618410734002081     0.67556818768954385059771451506827095795   0.0038567766269046553912756103138047416676
  -0.89621175476871350485260861166263458998     0.79242350953742700970521722332526917996    -0.24197924677278527177310520729704799417   0.0070650360094710699340604982584978963228
   0.79242350953742700970521722332526917996    -0.89621175476871350485260861166263458998    -0.24197924677278527177310520729704799417   0.0070650360094710699340604982584978963228
  -0.89621175476871350485260861166263458998    -0.89621175476871350485260861166263458998    -0.24197924677278527177310520729704799417   0.0070650360094710699340604982584978963228
  -0.89621175476871350485260861166263458998     0.79242350953742700970521722332526917996     0.24197924677278527177310520729704799417   0.0070650360094710699340604982584978963228
   0.79242350953742700970521722332526917996    -0.89621175476871350485260861166263458998     0.24197924677278527177310520729704799417   0.0070650360094710699340604982584978963228
  -0.89621175476871350485260861166263458998    -0.89621175476871350485260861166263458998     0.24197924677278527177310520729704799417   0.0070650360094710699340604982584978963228
  -0.89485407525763523243046913290402899575     0.78970815051527046486093826580805799151    -0.98122475740594039506239793625436252857   0.0011010016542085047866694423128811739474
   0.78970815051527046486093826580805799151    -0.89485407525763523243046913290402899575    -0.98122475740594039506239793625436252857   0.0011010016542085047866694423128811739474
  -0.89485407525763523243046913290402899575    -0.89485407525763523243046913290402899575    -0.98122475740594039506239793625436252857   0.0011010016542085047866694423128811739474
  -0.89485407525763523243046913290402899575     0.78970815051527046486093826580805799151     0.98122475740594039506239793625436252857   0.0011010016542085047866694423128811739474
   0.78970815051527046486093826580805799151    -0.89485407525763523243046913290402899575     0.98122475740594039506239793625436252857   0.0011010016542085047866694423128811739474
  -0.89485407525763523243046913290402899575    -0.89485407525763523243046913290402899575     0.98122475740594039506239793625436252857   0.0011010016542085047866694423128811739474
  -0.84830723362913486007228431972532538632     0.69661446725826972014456863945065077264    -0.84043431336222318179578340312919033413   0.0071016242453055859568823964698023048481
   0.69661446725826972014456863945065077264    -0.84830723362913486007228431972532538632    -0.84043431336222318179578340312919033413   0.0071016242453055859568823964698023048481
  -0.84830723362913486007228431972532538632    -0.84830723362913486007228431972532538632    -0.84043431336222318179578340312919033413   0.0071016242453055859568823964698023048481
  -0.84830723362913486007228431972532538632     0.69661446725826972014456863945065077264     0.84043431336222318179578340312919033413   0.0071016242453055859568823964698023048481
   0.69661446725826972014456863945065077264    -0.84830723362913486007228431972532538632     0.84043431336222318179578340312919033413   0.0071016242453055859568823964698023048481
  -0.84830723362913486007228431972532538632    -0.84830723362913486007228431972532538632     0.84043431336222318179578340312919033413   0.0071016242453055859568823964698023048481
  -0.75138488162996757361545241490982997536     0.50276976325993514723090482981965995071    -0.36733441142671513126128700916230443073    0.017578809261893120667581444189721784745
   0.50276976325993514723090482981965995071    -0.75138488162996757361545241490982997536    -0.36733441142671513126128700916230443073    0.017578809261893120667581444189721784745
  -0.75138488162996757361545241490982997536    -0.75138488162996757361545241490982997536    -0.36733441142671513126128700916230443073    0.017578809261893120667581444189721784745
  -0.75138488162996757361545241490982997536     0.50276976325993514723090482981965995071     0.36733441142671513126128700916230443073    0.017578809261893120667581444189721784745
   0.50276976325993514723090482981965995071    -0.75138488162996757361545241490982997536     0.36733441142671513126128700916230443073    0.017578809261893120667581444189721784745
  -0.75138488162996757361545241490982997536    -0.75138488162996757361545241490982997536     0.36733441142671513126128700916230443073    0.017578809261893120667581444189721784745
  -0.74768597972074203077759967333761944576     0.49537195944148406155519934667523889151    -0.97098662174300562603571253556807240518   0.0048010456698722290864642766977797492027
   0.49537195944148406155519934667523889151    -0.74768597972074203077759967333761944576    -0.97098662174300562603571253556807240518   0.0048010456698722290864642766977797492027
  -0.74768597972074203077759967333761944576    -0.74768597972074203077759967333761944576    -0.97098662174300562603571253556807240518   0.0048010456698722290864642766977797492027
  -0.74768597972074203077759967333761944576     0.49537195944148406155519934667523889151     0.97098662174300562603571253556807240518   0.0048010456698722290864642766977797492027
   0.49537195944148406155519934667523889151    -0.74768597972074203077759967333761944576     0.97098662174300562603571253556807240518   0.0048010456698722290864642766977797492027
  -0.74768597972074203077759967333761944576    -0.74768597972074203077759967333761944576     0.97098662174300562603571253556807240518   0.0048010456698722290864642766977797492027
   -0.6706431360906107606313302301029426799      0.3412862721812215212626604602058853598    -0.76289888074282994520249502869504249408    0.015341582133608525108623789530325877436
    0.3412862721812215212626604602058853598     -0.6706431360906107606313302301029426799    -0.76289888074282994520249502869504249408    0.015341582133608525108623789530325877436
   -0.6706431360906107606313302301029426799     -0.6706431360906107606313302301029426799    -0.76289888074282994520249502869504249408    0.015341582133608525108623789530325877436
   -0.6706431360906107606313302301029426799      0.3412862721812215212626604602058853598     0.76289888074282994520249502869504249408    0.015341582133608525108623789530325877436
    0.3412862721812215212626604602058853598     -0.6706431360906107606313302301029426799     0.76289888074282994520249502869504249408    0.015341582133608525108623789530325877436
   -0.6706431360906107606313302301029426799     -0.6706431360906107606313302301029426799     0.76289888074282994520249502869504249408    0.015341582133608525108623789530325877436
   -0.5601042464263172594979099394192105906     0.12020849285263451899581987883842118119     -0.5573864963156335968159399618193459162    0.019117048997129494278444990224910336116
   0.12020849285263451899581987883842118119     -0.5601042464263172594979099394192105906     -0.5573864963156335968159399618193459162    0.019117048997129494278444990224910336116
   -0.5601042464263172594979099394192105906     -0.5601042464263172594979099394192105906     -0.5573864963156335968159399618193459162    0.019117048997129494278444990224910336116
   -0.5601042464263172594979099394192105906     0.12020849285263451899581987883842118119      0.5573864963156335968159399618193459162    0.019117048997129494278444990224910336116
   0.12020849285263451899581987883842118119     -0.5601042464263172594979099394192105906      0.5573864963156335968159399618193459162    0.019117048997129494278444990224910336116
   -0.5601042464263172594979099394192105906     -0.5601042464263172594979099394192105906      0.5573864963156335968159399618193459162    0.019117048997129494278444990224910336116
  -0.50361664438328585958671476436238497459   0.0072332887665717191734295287247699491867    -0.15288192228828071729394783367221092858    0.020019178381357894099353202210898614368
 0.0072332887665717191734295287247699491867    -0.50361664438328585958671476436238497459    -0.15288192228828071729394783367221092858    0.020019178381357894099353202210898614368
  -0.50361664438328585958671476436238497459    -0.50361664438328585958671476436238497459    -0.15288192228828071729394783367221092858    0.020019178381357894099353202210898614368
  -0.50361664438328585958671476436238497459   0.0072332887665717191734295287247699491867     0.15288192228828071729394783367221092858    0.020019178381357894099353202210898614368
 0.0072332887665717191734295287247699491867    -0.50361664438328585958671476436238497459     0.15288192228828071729394783367221092858    0.020019178381357894099353202210898614368
  -0.50361664438328585958671476436238497459    -0.50361664438328585958671476436238497459     0.15288192228828071729394783367221092858    0.020019178381357894099353202210898614368
  -0.49150904802557435854241454084904989724   -0.016981903948851282915170918301900205523    -0.86718902366380603749946268339076673143    0.011744938279748090210763236420470116776
 -0.016981903948851282915170918301900205523    -0.49150904802557435854241454084904989724    -0.86718902366380603749946268339076673143    0.011744938279748090210763236420470116776
  -0.49150904802557435854241454084904989724    -0.49150904802557435854241454084904989724    -0.86718902366380603749946268339076673143    0.011744938279748090210763236420470116776
  -0.49150904802557435854241454084904989724   -0.016981903948851282915170918301900205523     0.86718902366380603749946268339076673143    0.011744938279748090210763236420470116776
 -0.016981903948851282915170918301900205523    -0.49150904802557435854241454084904989724     0.86718902366380603749946268339076673143    0.011744938279748090210763236420470116776
  -0.49150904802557435854241454084904989724    -0.49150904802557435854241454084904989724     0.86718902366380603749946268339076673143    0.011744938279748090210763236420470116776
  -0.41414608929997304190127382112392331698    -0.17170782140005391619745235775215336604    -0.97980196041143147055455027098730267289   0.0041565661689831376701566209020805069759
  -0.17170782140005391619745235775215336604    -0.41414608929997304190127382112392331698    -0.97980196041143147055455027098730267289   0.0041565661689831376701566209020805069759
  -0.41414608929997304190127382112392331698    -0.41414608929997304190127382112392331698    -0.97980196041143147055455027098730267289   0.0041565661689831376701566209020805069759
  -0.41414608929997304190127382112392331698    -0.17170782140005391619745235775215336604     0.97980196041143147055455027098730267289   0.0041565661689831376701566209020805069759
  -0.17170782140005391619745235775215336604    -0.41414608929997304190127382112392331698     0.97980196041143147055455027098730267289   0.0041565661689831376701566209020805069759
  -0.41414608929997304190127382112392331698    -0.41414608929997304190127382112392331698     0.97980196041143147055455027098730267289   0.0041565661689831376701566209020805069759
  -0.38392167783093162786889057482307819888    -0.23215664433813674426221885035384360224    -0.70540186133602570800740113955010077734    0.011108202489863588897963525592148326798
  -0.23215664433813674426221885035384360224    -0.38392167783093162786889057482307819888    -0.70540186133602570800740113955010077734    0.011108202489863588897963525592148326798
  -0.38392167783093162786889057482307819888    -0.38392167783093162786889057482307819888    -0.70540186133602570800740113955010077734    0.011108202489863588897963525592148326798
  -0.38392167783093162786889057482307819888    -0.23215664433813674426221885035384360224     0.70540186133602570800740113955010077734    0.011108202489863588897963525592148326798
  -0.23215664433813674426221885035384360224    -0.38392167783093162786889057482307819888     0.70540186133602570800740113955010077734    0.011108202489863588897963525592148326798
  -0.38392167783093162786889057482307819888    -0.38392167783093162786889057482307819888     0.70540186133602570800740113955010077734    0.011108202489863588897963525592148326798
  -0.26804865963116174216048864810811873302    -0.46390268073767651567902270378376253397    -0.28442171662029198171940047664074170372    0.015946293337265867977009939153458883136
  -0.46390268073767651567902270378376253397    -0.26804865963116174216048864810811873302    -0.28442171662029198171940047664074170372    0.015946293337265867977009939153458883136
  -0.26804865963116174216048864810811873302    -0.26804865963116174216048864810811873302    -0.28442171662029198171940047664074170372    0.015946293337265867977009939153458883136
  -0.26804865963116174216048864810811873302    -0.46390268073767651567902270378376253397     0.28442171662029198171940047664074170372    0.015946293337265867977009939153458883136
  -0.46390268073767651567902270378376253397    -0.26804865963116174216048864810811873302     0.28442171662029198171940047664074170372    0.015946293337265867977009939153458883136
  -0.26804865963116174216048864810811873302    -0.26804865963116174216048864810811873302     0.28442171662029198171940047664074170372    0.015946293337265867977009939153458883136
  -0.21715490096268366264398991055025786071    -0.56569019807463267471202017889948427858     -0.8858594689523820670433661889577520406    0.011292379101237097061534040027726760284
  -0.56569019807463267471202017889948427858    -0.21715490096268366264398991055025786071     -0.8858594689523820670433661889577520406    0.011292379101237097061534040027726760284
  -0.21715490096268366264398991055025786071    -0.21715490096268366264398991055025786071     -0.8858594689523820670433661889577520406    0.011292379101237097061534040027726760284
  -0.21715490096268366264398991055025786071    -0.56569019807463267471202017889948427858      0.8858594689523820670433661889577520406    0.011292379101237097061534040027726760284
  -0.56569019807463267471202017889948427858    -0.21715490096268366264398991055025786071      0.8858594689523820670433661889577520406    0.011292379101237097061534040027726760284
  -0.21715490096268366264398991055025786071    -0.21715490096268366264398991055025786071      0.8858594689523820670433661889577520406    0.011292379101237097061534040027726760284
  -0.13258235862538540613127472863539183727    -0.73483528274922918773745054272921632546    -0.97255386554770908690336424558740395839   0.0061550071509584260739444345484786694963
  -0.73483528274922918773745054272921632546    -0.13258235862538540613127472863539183727    -0.97255386554770908690336424558740395839   0.0061550071509584260739444345484786694963
  -0.13258235862538540613127472863539183727    -0.13258235862538540613127472863539183727    -0.97255386554770908690336424558740395839   0.0061550071509584260739444345484786694963
  -0.13258235862538540613127472863539183727    -0.73483528274922918773745054272921632546     0.97255386554770908690336424558740395839   0.0061550071509584260739444345484786694963
  -0.73483528274922918773745054272921632546    -0.13258235862538540613127472863539183727     0.97255386554770908690336424558740395839   0.0061550071509584260739444345484786694963
  -0.13258235862538540613127472863539183727    -0.13258235862538540613127472863539183727     0.97255386554770908690336424558740395839   0.0061550071509584260739444345484786694963
  -0.11307513858381101007396724880150179548    -0.77384972283237797985206550239699640905    -0.69332896362090568754315262921629418422     0.01060959935778917320552960958358548858
  -0.77384972283237797985206550239699640905    -0.11307513858381101007396724880150179548    -0.69332896362090568754315262921629418422     0.01060959935778917320552960958358548858
  -0.11307513858381101007396724880150179548    -0.11307513858381101007396724880150179548    -0.69332896362090568754315262921629418422     0.01060959935778917320552960958358548858
  -0.11307513858381101007396724880150179548    -0.77384972283237797985206550239699640905     0.69332896362090568754315262921629418422     0.01060959935778917320552960958358548858
  -0.77384972283237797985206550239699640905    -0.11307513858381101007396724880150179548     0.69332896362090568754315262921629418422     0.01060959935778917320552960958358548858
  -0.11307513858381101007396724880150179548    -0.11307513858381101007396724880150179548     0.69332896362090568754315262921629418422     0.01060959935778917320552960958358548858
 -0.057558357744496766762314074090699925413    -0.88488328451100646647537185181860014917    -0.49550725494397587245478740795120641809    0.016772299318958136598581672499987902062
  -0.88488328451100646647537185181860014917   -0.057558357744496766762314074090699925413    -0.49550725494397587245478740795120641809    0.016772299318958136598581672499987902062
 -0.057558357744496766762314074090699925413   -0.057558357744496766762314074090699925413    -0.49550725494397587245478740795120641809    0.016772299318958136598581672499987902062
 -0.057558357744496766762314074090699925413    -0.88488328451100646647537185181860014917     0.49550725494397587245478740795120641809    0.016772299318958136598581672499987902062
  -0.88488328451100646647537185181860014917   -0.057558357744496766762314074090699925413     0.49550725494397587245478740795120641809    0.016772299318958136598581672499987902062
 -0.057558357744496766762314074090699925413   -0.057558357744496766762314074090699925413     0.49550725494397587245478740795120641809    0.016772299318958136598581672499987902062
 -0.030347005805409287933848394607084921102     -0.9393059883891814241323032107858301578    -0.98654028521703582772047384222380562114   0.0019850081979126877047121229406329119924
   -0.9393059883891814241323032107858301578   -0.030347005805409287933848394607084921102    -0.98654028521703582772047384222380562114   0.0019850081979126877047121229406329119924
 -0.030347005805409287933848394607084921102   -0.030347005805409287933848394607084921102    -0.98654028521703582772047384222380562114   0.0019850081979126877047121229406329119924
 -0.030347005805409287933848394607084921102     -0.9393059883891814241323032107858301578     0.98654028521703582772047384222380562114   0.0019850081979126877047121229406329119924
   -0.9393059883891814241323032107858301578   -0.030347005805409287933848394607084921102     0.98654028521703582772047384222380562114   0.0019850081979126877047121229406329119924
 -0.030347005805409287933848394607084921102   -0.030347005805409287933848394607084921102     0.98654028521703582772047384222380562114   0.0019850081979126877047121229406329119924
 -0.013785678596279024243833450485926666621    -0.97242864280744195151233309902814666676    -0.74770365424846897299175698203212631931   0.0069448792084831390035678041971412237088
  -0.97242864280744195151233309902814666676   -0.013785678596279024243833450485926666621    -0.74770365424846897299175698203212631931   0.0069448792084831390035678041971412237088
 -0.013785678596279024243833450485926666621   -0.013785678596279024243833450485926666621    -0.74770365424846897299175698203212631931   0.0069448792084831390035678041971412237088
 -0.013785678596279024243833450485926666621    -0.97242864280744195151233309902814666676     0.74770365424846897299175698203212631931   0.0069448792084831390035678041971412237088
  -0.97242864280744195151233309902814666676   -0.013785678596279024243833450485926666621     0.74770365424846897299175698203212631931   0.0069448792084831390035678041971412237088
 -0.013785678596279024243833450485926666621   -0.013785678596279024243833450485926666621     0.74770365424846897299175698203212631931   0.0069448792084831390035678041971412237088
 -0.011180706877811669469519683277206078952     -0.9776385862443766610609606334455878421    -0.18004792423130273362423335248898597926   0.0074661993144942420885615814943912567543
   -0.9776385862443766610609606334455878421   -0.011180706877811669469519683277206078952    -0.18004792423130273362423335248898597926   0.0074661993144942420885615814943912567543
 -0.011180706877811669469519683277206078952   -0.011180706877811669469519683277206078952    -0.18004792423130273362423335248898597926   0.0074661993144942420885615814943912567543
 -0.011180706877811669469519683277206078952     -0.9776385862443766610609606334455878421     0.18004792423130273362423335248898597926   0.0074661993144942420885615814943912567543
   -0.9776385862443766610609606334455878421   -0.011180706877811669469519683277206078952     0.18004792423130273362423335248898597926   0.0074661993144942420885615814943912567543
 -0.011180706877811669469519683277206078952   -0.011180706877811669469519683277206078952     0.18004792423130273362423335248898597926   0.0074661993144942420885615814943912567543
  -0.68553109260739244182421770256269184118     0.68273018976618467494360780197262137144                                            0   0.0026591148658174753242326070143710237608
   0.68273018976618467494360780197262137144    -0.68553109260739244182421770256269184118                                            0   0.0026591148658174753242326070143710237608
  -0.99719909715879223311939009940992953027     0.68273018976618467494360780197262137144                                            0   0.0026591148658174753242326070143710237608
   0.68273018976618467494360780197262137144    -0.99719909715879223311939009940992953027                                            0   0.0026591148658174753242326070143710237608
  -0.99719909715879223311939009940992953027    -0.68553109260739244182421770256269184118                                            0   0.0026591148658174753242326070143710237608
  -0.68553109260739244182421770256269184118    -0.99719909715879223311939009940992953027                                            0   0.0026591148658174753242326070143710237608
  -0.38686613960746291777062914999763110237     0.37798211602949601730196092015180486963                                            0   0.0055117508953384946932215754711786081012
   0.37798211602949601730196092015180486963    -0.38686613960746291777062914999763110237                                            0   0.0055117508953384946932215754711786081012
  -0.99111597642203309953133177015417376726     0.37798211602949601730196092015180486963                                            0   0.0055117508953384946932215754711786081012
   0.37798211602949601730196092015180486963    -0.99111597642203309953133177015417376726                                            0   0.0055117508953384946932215754711786081012
  -0.99111597642203309953133177015417376726    -0.38686613960746291777062914999763110237                                            0   0.0055117508953384946932215754711786081012
  -0.38686613960746291777062914999763110237    -0.99111597642203309953133177015417376726                                            0   0.0055117508953384946932215754711786081012
  -0.89491437655690450501129458356790390987     0.87903078385775397296498890332813293517                                            0   0.0023888471891045408610359491493511297831
   0.87903078385775397296498890332813293517    -0.89491437655690450501129458356790390987                                            0   0.0023888471891045408610359491493511297831
   -0.9841164073008494679536943197602290253     0.87903078385775397296498890332813293517                                            0   0.0023888471891045408610359491493511297831
   0.87903078385775397296498890332813293517     -0.9841164073008494679536943197602290253                                            0   0.0023888471891045408610359491493511297831
   -0.9841164073008494679536943197602290253    -0.89491437655690450501129458356790390987                                            0   0.0023888471891045408610359491493511297831
  -0.89491437655690450501129458356790390987     -0.9841164073008494679536943197602290253                                            0   0.0023888471891045408610359491493511297831
  -0.73019663001182793987570143467136993684     0.60280255495973356858325282122392748722                                            0    0.012899638573898018595282966798731996308
   0.60280255495973356858325282122392748722    -0.73019663001182793987570143467136993684                                            0    0.012899638573898018595282966798731996308
  -0.87260592494790562870755138655255755037     0.60280255495973356858325282122392748722                                            0    0.012899638573898018595282966798731996308
   0.60280255495973356858325282122392748722    -0.87260592494790562870755138655255755037                                            0    0.012899638573898018595282966798731996308
  -0.87260592494790562870755138655255755037    -0.73019663001182793987570143467136993684                                            0    0.012899638573898018595282966798731996308
  -0.73019663001182793987570143467136993684    -0.87260592494790562870755138655255755037                                            0    0.012899638573898018595282966798731996308
  -0.54548152488711061636884467429111409146     0.33531905502322873066747814358074915065                                            0    0.018658831299125733307970944149228066392
   0.33531905502322873066747814358074915065    -0.54548152488711061636884467429111409146                                            0    0.018658831299125733307970944149228066392
  -0.78983753013611811429863346928963505919     0.33531905502322873066747814358074915065                                            0    0.018658831299125733307970944149228066392
   0.33531905502322873066747814358074915065    -0.78983753013611811429863346928963505919                                            0    0.018658831299125733307970944149228066392
  -0.78983753013611811429863346928963505919    -0.54548152488711061636884467429111409146                                            0    0.018658831299125733307970944149228066392
  -0.54548152488711061636884467429111409146    -0.78983753013611811429863346928963505919                                            0    0.018658831299125733307970944149228066392
  -0.31325592180462125713271510071113679591    0.045969989250028509976503942753698351293                                            0    0.015689539421543276760424811615140720212
  0.045969989250028509976503942753698351293    -0.31325592180462125713271510071113679591                                            0    0.015689539421543276760424811615140720212
  -0.73271406744540725284378884204256155539    0.045969989250028509976503942753698351293                                            0    0.015689539421543276760424811615140720212
  0.045969989250028509976503942753698351293    -0.73271406744540725284378884204256155539                                            0    0.015689539421543276760424811615140720212
  -0.73271406744540725284378884204256155539    -0.31325592180462125713271510071113679591                                            0    0.015689539421543276760424811615140720212
  -0.31325592180462125713271510071113679591    -0.73271406744540725284378884204256155539                                            0    0.015689539421543276760424811615140720212
  -0.53876283198837581591536310119758206443     0.53153120488596773194793974557670196872    -0.93666924993158815917680934444539926072    0.001336616304524273098824370341221606782
   0.53153120488596773194793974557670196872    -0.53876283198837581591536310119758206443    -0.93666924993158815917680934444539926072    0.001336616304524273098824370341221606782
  -0.99276837289759191603257664437911990429     0.53153120488596773194793974557670196872    -0.93666924993158815917680934444539926072    0.001336616304524273098824370341221606782
   0.53153120488596773194793974557670196872    -0.99276837289759191603257664437911990429    -0.93666924993158815917680934444539926072    0.001336616304524273098824370341221606782
  -0.99276837289759191603257664437911990429    -0.53876283198837581591536310119758206443    -0.93666924993158815917680934444539926072    0.001336616304524273098824370341221606782
  -0.53876283198837581591536310119758206443    -0.99276837289759191603257664437911990429    -0.93666924993158815917680934444539926072    0.001336616304524273098824370341221606782
  -0.53876283198837581591536310119758206443     0.53153120488596773194793974557670196872     0.93666924993158815917680934444539926072    0.001336616304524273098824370341221606782
   0.53153120488596773194793974557670196872    -0.53876283198837581591536310119758206443     0.93666924993158815917680934444539926072    0.001336616304524273098824370341221606782
  -0.99276837289759191603257664437911990429     0.53153120488596773194793974557670196872     0.93666924993158815917680934444539926072    0.001336616304524273098824370341221606782
   0.53153120488596773194793974557670196872    -0.99276837289759191603257664437911990429     0.93666924993158815917680934444539926072    0.001336616304524273098824370341221606782
  -0.99276837289759191603257664437911990429    -0.53876283198837581591536310119758206443     0.93666924993158815917680934444539926072    0.001336616304524273098824370341221606782
  -0.53876283198837581591536310119758206443    -0.99276837289759191603257664437911990429     0.93666924993158815917680934444539926072    0.001336616304524273098824370341221606782
  -0.87782926480879495801112607817672801073     0.86682362826248407581058833358249580626    -0.50163035314883746075800430201772073243   0.0021946107528330275015428855692439798744
   0.86682362826248407581058833358249580626    -0.87782926480879495801112607817672801073    -0.50163035314883746075800430201772073243   0.0021946107528330275015428855692439798744
  -0.98899436345368911779946225540576779552     0.86682362826248407581058833358249580626    -0.50163035314883746075800430201772073243   0.0021946107528330275015428855692439798744
   0.86682362826248407581058833358249580626    -0.98899436345368911779946225540576779552    -0.50163035314883746075800430201772073243   0.0021946107528330275015428855692439798744
  -0.98899436345368911779946225540576779552    -0.87782926480879495801112607817672801073    -0.50163035314883746075800430201772073243   0.0021946107528330275015428855692439798744
  -0.87782926480879495801112607817672801073    -0.98899436345368911779946225540576779552    -0.50163035314883746075800430201772073243   0.0021946107528330275015428855692439798744
  -0.87782926480879495801112607817672801073     0.86682362826248407581058833358249580626     0.50163035314883746075800430201772073243   0.0021946107528330275015428855692439798744
   0.86682362826248407581058833358249580626    -0.87782926480879495801112607817672801073     0.50163035314883746075800430201772073243   0.0021946107528330275015428855692439798744
  -0.98899436345368911779946225540576779552     0.86682362826248407581058833358249580626     0.50163035314883746075800430201772073243   0.0021946107528330275015428855692439798744
   0.86682362826248407581058833358249580626    -0.98899436345368911779946225540576779552     0.50163035314883746075800430201772073243   0.0021946107528330275015428855692439798744
  -0.98899436345368911779946225540576779552    -0.87782926480879495801112607817672801073     0.50163035314883746075800430201772073243   0.0021946107528330275015428855692439798744
  -0.87782926480879495801112607817672801073    -0.98899436345368911779946225540576779552     0.50163035314883746075800430201772073243   0.0021946107528330275015428855692439798744
  -0.21953515177559583318905610144607350172     0.20550641430737349481840755924365693867    -0.93024416888828687455851405923876401831   0.0023244422487679934235046087890781021685
   0.20550641430737349481840755924365693867    -0.21953515177559583318905610144607350172    -0.93024416888828687455851405923876401831   0.0023244422487679934235046087890781021685
  -0.98597126253177766162935145779758343695     0.20550641430737349481840755924365693867    -0.93024416888828687455851405923876401831   0.0023244422487679934235046087890781021685
   0.20550641430737349481840755924365693867    -0.98597126253177766162935145779758343695    -0.93024416888828687455851405923876401831   0.0023244422487679934235046087890781021685
  -0.98597126253177766162935145779758343695    -0.21953515177559583318905610144607350172    -0.93024416888828687455851405923876401831   0.0023244422487679934235046087890781021685
  -0.21953515177559583318905610144607350172    -0.98597126253177766162935145779758343695    -0.93024416888828687455851405923876401831   0.0023244422487679934235046087890781021685
  -0.21953515177559583318905610144607350172     0.20550641430737349481840755924365693867     0.93024416888828687455851405923876401831   0.0023244422487679934235046087890781021685
   0.20550641430737349481840755924365693867    -0.21953515177559583318905610144607350172     0.93024416888828687455851405923876401831   0.0023244422487679934235046087890781021685
  -0.98597126253177766162935145779758343695     0.20550641430737349481840755924365693867     0.93024416888828687455851405923876401831   0.0023244422487679934235046087890781021685
   0.20550641430737349481840755924365693867    -0.98597126253177766162935145779758343695     0.93024416888828687455851405923876401831   0.0023244422487679934235046087890781021685
  -0.98597126253177766162935145779758343695    -0.21953515177559583318905610144607350172     0.93024416888828687455851405923876401831   0.0023244422487679934235046087890781021685
  -0.21953515177559583318905610144607350172    -0.98597126253177766162935145779758343695     0.93024416888828687455851405923876401831   0.0023244422487679934235046087890781021685
   -0.5775921115221246088792217017857687345      0.5607982457475381985423779519846312893     -0.5081086357305098201427088328929958381    0.004836674226735913061557101183230861696
    0.5607982457475381985423779519846312893     -0.5775921115221246088792217017857687345     -0.5081086357305098201427088328929958381    0.004836674226735913061557101183230861696
  -0.98320613422541358966315625019886255481      0.5607982457475381985423779519846312893     -0.5081086357305098201427088328929958381    0.004836674226735913061557101183230861696
    0.5607982457475381985423779519846312893    -0.98320613422541358966315625019886255481     -0.5081086357305098201427088328929958381    0.004836674226735913061557101183230861696
  -0.98320613422541358966315625019886255481     -0.5775921115221246088792217017857687345     -0.5081086357305098201427088328929958381    0.004836674226735913061557101183230861696
   -0.5775921115221246088792217017857687345    -0.98320613422541358966315625019886255481     -0.5081086357305098201427088328929958381    0.004836674226735913061557101183230861696
   -0.5775921115221246088792217017857687345      0.5607982457475381985423779519846312893      0.5081086357305098201427088328929958381    0.004836674226735913061557101183230861696
    0.5607982457475381985423779519846312893     -0.5775921115221246088792217017857687345      0.5081086357305098201427088328929958381    0.004836674226735913061557101183230861696
  -0.98320613422541358966315625019886255481      0.5607982457475381985423779519846312893      0.5081086357305098201427088328929958381    0.004836674226735913061557101183230861696
    0.5607982457475381985423779519846312893    -0.98320613422541358966315625019886255481      0.5081086357305098201427088328929958381    0.004836674226735913061557101183230861696
  -0.98320613422541358966315625019886255481     -0.5775921115221246088792217017857687345      0.5081086357305098201427088328929958381    0.004836674226735913061557101183230861696
   -0.5775921115221246088792217017857687345    -0.98320613422541358966315625019886255481      0.5081086357305098201427088328929958381    0.004836674226735913061557101183230861696
  -0.24118562419354306803147957845205914003     0.22384807945214555864575486499647610403    -0.47747974397637998668358215309885353403   0.0066073110997627384085258584455591976992
   0.22384807945214555864575486499647610403    -0.24118562419354306803147957845205914003    -0.47747974397637998668358215309885353403   0.0066073110997627384085258584455591976992
  -0.98266245525860249061427528654441696401     0.22384807945214555864575486499647610403    -0.47747974397637998668358215309885353403   0.0066073110997627384085258584455591976992
   0.22384807945214555864575486499647610403    -0.98266245525860249061427528654441696401    -0.47747974397637998668358215309885353403   0.0066073110997627384085258584455591976992
  -0.98266245525860249061427528654441696401    -0.24118562419354306803147957845205914003    -0.47747974397637998668358215309885353403   0.0066073110997627384085258584455591976992
  -0.24118562419354306803147957845205914003    -0.98266245525860249061427528654441696401    -0.47747974397637998668358215309885353403   0.0066073110997627384085258584455591976992
  -0.24118562419354306803147957845205914003     0.22384807945214555864575486499647610403     0.47747974397637998668358215309885353403   0.0066073110997627384085258584455591976992
   0.22384807945214555864575486499647610403    -0.24118562419354306803147957845205914003     0.47747974397637998668358215309885353403   0.0066073110997627384085258584455591976992
  -0.98266245525860249061427528654441696401     0.22384807945214555864575486499647610403     0.47747974397637998668358215309885353403   0.0066073110997627384085258584455591976992
   0.22384807945214555864575486499647610403    -0.98266245525860249061427528654441696401     0.47747974397637998668358215309885353403   0.0066073110997627384085258584455591976992
  -0.98266245525860249061427528654441696401    -0.24118562419354306803147957845205914003     0.47747974397637998668358215309885353403   0.0066073110997627384085258584455591976992
  -0.24118562419354306803147957845205914003    -0.98266245525860249061427528654441696401     0.47747974397637998668358215309885353403   0.0066073110997627384085258584455591976992
  -0.90101959721779790439753111451175272423     0.88263051013347352819474676607541690357    -0.91056795081825741538633330437190070849   0.0014128270717457072221596224045975738107
   0.88263051013347352819474676607541690357    -0.90101959721779790439753111451175272423    -0.91056795081825741538633330437190070849   0.0014128270717457072221596224045975738107
  -0.98161091291567562379721565156366417935     0.88263051013347352819474676607541690357    -0.91056795081825741538633330437190070849   0.0014128270717457072221596224045975738107
   0.88263051013347352819474676607541690357    -0.98161091291567562379721565156366417935    -0.91056795081825741538633330437190070849   0.0014128270717457072221596224045975738107
  -0.98161091291567562379721565156366417935    -0.90101959721779790439753111451175272423    -0.91056795081825741538633330437190070849   0.0014128270717457072221596224045975738107
  -0.90101959721779790439753111451175272423    -0.98161091291567562379721565156366417935    -0.91056795081825741538633330437190070849   0.0014128270717457072221596224045975738107
  -0.90101959721779790439753111451175272423     0.88263051013347352819474676607541690357     0.91056795081825741538633330437190070849   0.0014128270717457072221596224045975738107
   0.88263051013347352819474676607541690357    -0.90101959721779790439753111451175272423     0.91056795081825741538633330437190070849   0.0014128270717457072221596224045975738107
  -0.98161091291567562379721565156366417935     0.88263051013347352819474676607541690357     0.91056795081825741538633330437190070849   0.0014128270717457072221596224045975738107
   0.88263051013347352819474676607541690357    -0.98161091291567562379721565156366417935     0.91056795081825741538633330437190070849   0.0014128270717457072221596224045975738107
  -0.98161091291567562379721565156366417935    -0.90101959721779790439753111451175272423     0.91056795081825741538633330437190070849   0.0014128270717457072221596224045975738107
  -0.90101959721779790439753111451175272423    -0.98161091291567562379721565156366417935     0.91056795081825741538633330437190070849   0.0014128270717457072221596224045975738107
  -0.74534130577257115001998216298638481946     0.72268094092966590599813727117661124126    -0.77091009063749563301054888137859612024   0.0038859384245181898958345465280372610104
   0.72268094092966590599813727117661124126    -0.74534130577257115001998216298638481946    -0.77091009063749563301054888137859612024   0.0038859384245181898958345465280372610104
   -0.9773396351570947559781551081902264218     0.72268094092966590599813727117661124126    -0.77091009063749563301054888137859612024   0.0038859384245181898958345465280372610104
   0.72268094092966590599813727117661124126     -0.9773396351570947559781551081902264218    -0.77091009063749563301054888137859612024   0.0038859384245181898958345465280372610104
   -0.9773396351570947559781551081902264218    -0.74534130577257115001998216298638481946    -0.77091009063749563301054888137859612024   0.0038859384245181898958345465280372610104
  -0.74534130577257115001998216298638481946     -0.9773396351570947559781551081902264218    -0.77091009063749563301054888137859612024   0.0038859384245181898958345465280372610104
  -0.74534130577257115001998216298638481946     0.72268094092966590599813727117661124126     0.77091009063749563301054888137859612024   0.0038859384245181898958345465280372610104
   0.72268094092966590599813727117661124126    -0.74534130577257115001998216298638481946     0.77091009063749563301054888137859612024   0.0038859384245181898958345465280372610104
   -0.9773396351570947559781551081902264218     0.72268094092966590599813727117661124126     0.77091009063749563301054888137859612024   0.0038859384245181898958345465280372610104
   0.72268094092966590599813727117661124126     -0.9773396351570947559781551081902264218     0.77091009063749563301054888137859612024   0.0038859384245181898958345465280372610104
   -0.9773396351570947559781551081902264218    -0.74534130577257115001998216298638481946     0.77091009063749563301054888137859612024   0.0038859384245181898958345465280372610104
  -0.74534130577257115001998216298638481946     -0.9773396351570947559781551081902264218     0.77091009063749563301054888137859612024   0.0038859384245181898958345465280372610104
  -0.77159900285521147943496310611854570184     0.73368428033559837532068907523565361596    -0.27139274265855792388933688797382276687    0.005022690035735165845132578812420680184
   0.73368428033559837532068907523565361596    -0.77159900285521147943496310611854570184    -0.27139274265855792388933688797382276687    0.005022690035735165845132578812420680184
  -0.96208527748038689588572596911710791412     0.73368428033559837532068907523565361596    -0.27139274265855792388933688797382276687    0.005022690035735165845132578812420680184
   0.73368428033559837532068907523565361596    -0.96208527748038689588572596911710791412    -0.27139274265855792388933688797382276687    0.005022690035735165845132578812420680184
  -0.96208527748038689588572596911710791412    -0.77159900285521147943496310611854570184    -0.27139274265855792388933688797382276687    0.005022690035735165845132578812420680184
  -0.77159900285521147943496310611854570184    -0.96208527748038689588572596911710791412    -0.27139274265855792388933688797382276687    0.005022690035735165845132578812420680184
  -0.77159900285521147943496310611854570184     0.73368428033559837532068907523565361596     0.27139274265855792388933688797382276687    0.005022690035735165845132578812420680184
   0.73368428033559837532068907523565361596    -0.77159900285521147943496310611854570184     0.27139274265855792388933688797382276687    0.005022690035735165845132578812420680184
  -0.96208527748038689588572596911710791412     0.73368428033559837532068907523565361596     0.27139274265855792388933688797382276687    0.005022690035735165845132578812420680184
   0.73368428033559837532068907523565361596    -0.96208527748038689588572596911710791412     0.27139274265855792388933688797382276687    0.005022690035735165845132578812420680184
  -0.96208527748038689588572596911710791412    -0.77159900285521147943496310611854570184     0.27139274265855792388933688797382276687    0.005022690035735165845132578812420680184
  -0.77159900285521147943496310611854570184    -0.96208527748038689588572596911710791412     0.27139274265855792388933688797382276687    0.005022690035735165845132578812420680184
  -0.42803331524245241748695097749161789942     0.38951189795545733906398658803376467533    -0.76112061830233307659661271422609663332   0.0067880147284217117291860699364701977044
   0.38951189795545733906398658803376467533    -0.42803331524245241748695097749161789942    -0.76112061830233307659661271422609663332   0.0067880147284217117291860699364701977044
  -0.96147858271300492157703561054214677591     0.38951189795545733906398658803376467533    -0.76112061830233307659661271422609663332   0.0067880147284217117291860699364701977044
   0.38951189795545733906398658803376467533    -0.96147858271300492157703561054214677591    -0.76112061830233307659661271422609663332   0.0067880147284217117291860699364701977044
  -0.96147858271300492157703561054214677591    -0.42803331524245241748695097749161789942    -0.76112061830233307659661271422609663332   0.0067880147284217117291860699364701977044
  -0.42803331524245241748695097749161789942    -0.96147858271300492157703561054214677591    -0.76112061830233307659661271422609663332   0.0067880147284217117291860699364701977044
  -0.42803331524245241748695097749161789942     0.38951189795545733906398658803376467533     0.76112061830233307659661271422609663332   0.0067880147284217117291860699364701977044
   0.38951189795545733906398658803376467533    -0.42803331524245241748695097749161789942     0.76112061830233307659661271422609663332   0.0067880147284217117291860699364701977044
  -0.96147858271300492157703561054214677591     0.38951189795545733906398658803376467533     0.76112061830233307659661271422609663332   0.0067880147284217117291860699364701977044
   0.38951189795545733906398658803376467533    -0.96147858271300492157703561054214677591     0.76112061830233307659661271422609663332   0.0067880147284217117291860699364701977044
  -0.96147858271300492157703561054214677591    -0.42803331524245241748695097749161789942     0.76112061830233307659661271422609663332   0.0067880147284217117291860699364701977044
  -0.42803331524245241748695097749161789942    -0.96147858271300492157703561054214677591     0.76112061830233307659661271422609663332   0.0067880147284217117291860699364701977044
  -0.74757337249073739544019824189659091948     0.70534411775494076031830768153868826059     -0.9760849245030183893017991672721919782   0.0015651957157951247846219953806766166301
   0.70534411775494076031830768153868826059    -0.74757337249073739544019824189659091948     -0.9760849245030183893017991672721919782   0.0015651957157951247846219953806766166301
  -0.95777074526420336487810943964209734111     0.70534411775494076031830768153868826059     -0.9760849245030183893017991672721919782   0.0015651957157951247846219953806766166301
   0.70534411775494076031830768153868826059    -0.95777074526420336487810943964209734111     -0.9760849245030183893017991672721919782   0.0015651957157951247846219953806766166301
  -0.95777074526420336487810943964209734111    -0.74757337249073739544019824189659091948     -0.9760849245030183893017991672721919782   0.0015651957157951247846219953806766166301
  -0.74757337249073739544019824189659091948    -0.95777074526420336487810943964209734111     -0.9760849245030183893017991672721919782   0.0015651957157951247846219953806766166301
  -0.74757337249073739544019824189659091948     0.70534411775494076031830768153868826059      0.9760849245030183893017991672721919782   0.0015651957157951247846219953806766166301
   0.70534411775494076031830768153868826059    -0.74757337249073739544019824189659091948      0.9760849245030183893017991672721919782   0.0015651957157951247846219953806766166301
  -0.95777074526420336487810943964209734111     0.70534411775494076031830768153868826059      0.9760849245030183893017991672721919782   0.0015651957157951247846219953806766166301
   0.70534411775494076031830768153868826059    -0.95777074526420336487810943964209734111      0.9760849245030183893017991672721919782   0.0015651957157951247846219953806766166301
  -0.95777074526420336487810943964209734111    -0.74757337249073739544019824189659091948      0.9760849245030183893017991672721919782   0.0015651957157951247846219953806766166301
  -0.74757337249073739544019824189659091948    -0.95777074526420336487810943964209734111      0.9760849245030183893017991672721919782   0.0015651957157951247846219953806766166301
  -0.54907248192413061105343175114905957942     0.47949466990254260251826657153814167268    -0.26039561991111315293461902880662477818    0.011832459891862685584223630459832883169
   0.47949466990254260251826657153814167268    -0.54907248192413061105343175114905957942    -0.26039561991111315293461902880662477818    0.011832459891862685584223630459832883169
  -0.93042218797841199146483482038908209326     0.47949466990254260251826657153814167268    -0.26039561991111315293461902880662477818    0.011832459891862685584223630459832883169
   0.47949466990254260251826657153814167268    -0.93042218797841199146483482038908209326    -0.26039561991111315293461902880662477818    0.011832459891862685584223630459832883169
  -0.93042218797841199146483482038908209326    -0.54907248192413061105343175114905957942    -0.26039561991111315293461902880662477818    0.011832459891862685584223630459832883169
  -0.54907248192413061105343175114905957942    -0.93042218797841199146483482038908209326    -0.26039561991111315293461902880662477818    0.011832459891862685584223630459832883169
  -0.54907248192413061105343175114905957942     0.47949466990254260251826657153814167268     0.26039561991111315293461902880662477818    0.011832459891862685584223630459832883169
   0.47949466990254260251826657153814167268    -0.54907248192413061105343175114905957942     0.26039561991111315293461902880662477818    0.011832459891862685584223630459832883169
  -0.93042218797841199146483482038908209326     0.47949466990254260251826657153814167268     0.26039561991111315293461902880662477818    0.011832459891862685584223630459832883169
   0.47949466990254260251826657153814167268    -0.93042218797841199146483482038908209326     0.26039561991111315293461902880662477818    0.011832459891862685584223630459832883169
  -0.93042218797841199146483482038908209326    -0.54907248192413061105343175114905957942     0.26039561991111315293461902880662477818    0.011832459891862685584223630459832883169
  -0.54907248192413061105343175114905957942    -0.93042218797841199146483482038908209326     0.26039561991111315293461902880662477818    0.011832459891862685584223630459832883169
  -0.28814995087208744562853516871197145169     0.19897874025211252589383988507289088974    -0.20951406140588391073899074787699978413    0.014252683358873743287532969989202566161
   0.19897874025211252589383988507289088974    -0.28814995087208744562853516871197145169    -0.20951406140588391073899074787699978413    0.014252683358873743287532969989202566161
  -0.91082878938002508026530471636091943805     0.19897874025211252589383988507289088974    -0.20951406140588391073899074787699978413    0.014252683358873743287532969989202566161
   0.19897874025211252589383988507289088974    -0.91082878938002508026530471636091943805    -0.20951406140588391073899074787699978413    0.014252683358873743287532969989202566161
  -0.91082878938002508026530471636091943805    -0.28814995087208744562853516871197145169    -0.20951406140588391073899074787699978413    0.014252683358873743287532969989202566161
  -0.28814995087208744562853516871197145169    -0.91082878938002508026530471636091943805    -0.20951406140588391073899074787699978413    0.014252683358873743287532969989202566161
  -0.28814995087208744562853516871197145169     0.19897874025211252589383988507289088974     0.20951406140588391073899074787699978413    0.014252683358873743287532969989202566161
   0.19897874025211252589383988507289088974    -0.28814995087208744562853516871197145169     0.20951406140588391073899074787699978413    0.014252683358873743287532969989202566161
  -0.91082878938002508026530471636091943805     0.19897874025211252589383988507289088974     0.20951406140588391073899074787699978413    0.014252683358873743287532969989202566161
   0.19897874025211252589383988507289088974    -0.91082878938002508026530471636091943805     0.20951406140588391073899074787699978413    0.014252683358873743287532969989202566161
  -0.91082878938002508026530471636091943805    -0.28814995087208744562853516871197145169     0.20951406140588391073899074787699978413    0.014252683358873743287532969989202566161
  -0.28814995087208744562853516871197145169    -0.91082878938002508026530471636091943805     0.20951406140588391073899074787699978413    0.014252683358873743287532969989202566161
  -0.42360575377743383046946301888412461332     0.33379127271306227742863645805232542772    -0.99347138893556455293973489288381548578   0.0022224091490272855317808689410629404023
   0.33379127271306227742863645805232542772    -0.42360575377743383046946301888412461332    -0.99347138893556455293973489288381548578   0.0022224091490272855317808689410629404023
   -0.9101855189356284469591734391682008144     0.33379127271306227742863645805232542772    -0.99347138893556455293973489288381548578   0.0022224091490272855317808689410629404023
   0.33379127271306227742863645805232542772     -0.9101855189356284469591734391682008144    -0.99347138893556455293973489288381548578   0.0022224091490272855317808689410629404023
   -0.9101855189356284469591734391682008144    -0.42360575377743383046946301888412461332    -0.99347138893556455293973489288381548578   0.0022224091490272855317808689410629404023
  -0.42360575377743383046946301888412461332     -0.9101855189356284469591734391682008144    -0.99347138893556455293973489288381548578   0.0022224091490272855317808689410629404023
  -0.42360575377743383046946301888412461332     0.33379127271306227742863645805232542772     0.99347138893556455293973489288381548578   0.0022224091490272855317808689410629404023
   0.33379127271306227742863645805232542772    -0.42360575377743383046946301888412461332     0.99347138893556455293973489288381548578   0.0022224091490272855317808689410629404023
   -0.9101855189356284469591734391682008144     0.33379127271306227742863645805232542772     0.99347138893556455293973489288381548578   0.0022224091490272855317808689410629404023
   0.33379127271306227742863645805232542772     -0.9101855189356284469591734391682008144     0.99347138893556455293973489288381548578   0.0022224091490272855317808689410629404023
   -0.9101855189356284469591734391682008144    -0.42360575377743383046946301888412461332     0.99347138893556455293973489288381548578   0.0022224091490272855317808689410629404023
  -0.42360575377743383046946301888412461332     -0.9101855189356284469591734391682008144     0.99347138893556455293973489288381548578   0.0022224091490272855317808689410629404023
  -0.77827851521202885010572891189794928756     0.68393573519055156026195892722323157954    -0.54097649838633832523558887692190195173   0.0064984693649694868186536914068742022555
   0.68393573519055156026195892722323157954    -0.77827851521202885010572891189794928756    -0.54097649838633832523558887692190195173   0.0064984693649694868186536914068742022555
  -0.90565721997852271015623001532528229198     0.68393573519055156026195892722323157954    -0.54097649838633832523558887692190195173   0.0064984693649694868186536914068742022555
   0.68393573519055156026195892722323157954    -0.90565721997852271015623001532528229198    -0.54097649838633832523558887692190195173   0.0064984693649694868186536914068742022555
  -0.90565721997852271015623001532528229198    -0.77827851521202885010572891189794928756    -0.54097649838633832523558887692190195173   0.0064984693649694868186536914068742022555
  -0.77827851521202885010572891189794928756    -0.90565721997852271015623001532528229198    -0.54097649838633832523558887692190195173   0.0064984693649694868186536914068742022555
  -0.77827851521202885010572891189794928756     0.68393573519055156026195892722323157954     0.54097649838633832523558887692190195173   0.0064984693649694868186536914068742022555
   0.68393573519055156026195892722323157954    -0.77827851521202885010572891189794928756     0.54097649838633832523558887692190195173   0.0064984693649694868186536914068742022555
  -0.90565721997852271015623001532528229198     0.68393573519055156026195892722323157954     0.54097649838633832523558887692190195173   0.0064984693649694868186536914068742022555
   0.68393573519055156026195892722323157954    -0.90565721997852271015623001532528229198     0.54097649838633832523558887692190195173   0.0064984693649694868186536914068742022555
  -0.90565721997852271015623001532528229198    -0.77827851521202885010572891189794928756     0.54097649838633832523558887692190195173   0.0064984693649694868186536914068742022555
  -0.77827851521202885010572891189794928756    -0.90565721997852271015623001532528229198     0.54097649838633832523558887692190195173   0.0064984693649694868186536914068742022555
  -0.29443328385594053677816668493686279526     0.19392887964467290999173840820103236713     -0.6952597976813822349494968046238637727   0.0066737317366556507602955492976277344286
   0.19392887964467290999173840820103236713    -0.29443328385594053677816668493686279526     -0.6952597976813822349494968046238637727   0.0066737317366556507602955492976277344286
  -0.89949559578873237321357172326416957187     0.19392887964467290999173840820103236713     -0.6952597976813822349494968046238637727   0.0066737317366556507602955492976277344286
   0.19392887964467290999173840820103236713    -0.89949559578873237321357172326416957187     -0.6952597976813822349494968046238637727   0.0066737317366556507602955492976277344286
  -0.89949559578873237321357172326416957187    -0.29443328385594053677816668493686279526     -0.6952597976813822349494968046238637727   0.0066737317366556507602955492976277344286
  -0.29443328385594053677816668493686279526    -0.89949559578873237321357172326416957187     -0.6952597976813822349494968046238637727   0.0066737317366556507602955492976277344286
  -0.29443328385594053677816668493686279526     0.19392887964467290999173840820103236713      0.6952597976813822349494968046238637727   0.0066737317366556507602955492976277344286
   0.19392887964467290999173840820103236713    -0.29443328385594053677816668493686279526      0.6952597976813822349494968046238637727   0.0066737317366556507602955492976277344286
  -0.89949559578873237321357172326416957187     0.19392887964467290999173840820103236713      0.6952597976813822349494968046238637727   0.0066737317366556507602955492976277344286
   0.19392887964467290999173840820103236713    -0.89949559578873237321357172326416957187      0.6952597976813822349494968046238637727   0.0066737317366556507602955492976277344286
  -0.89949559578873237321357172326416957187    -0.29443328385594053677816668493686279526      0.6952597976813822349494968046238637727   0.0066737317366556507602955492976277344286
  -0.29443328385594053677816668493686279526    -0.89949559578873237321357172326416957187      0.6952597976813822349494968046238637727   0.0066737317366556507602955492976277344286
  -0.61531473852187632428232445486881829257     0.50917102863403779848297950143605493366    -0.89765020668174282368719920008753705372   0.0060929001761162264231321456315521602924
   0.50917102863403779848297950143605493366    -0.61531473852187632428232445486881829257    -0.89765020668174282368719920008753705372   0.0060929001761162264231321456315521602924
  -0.89385629011216147420065504656723664109     0.50917102863403779848297950143605493366    -0.89765020668174282368719920008753705372   0.0060929001761162264231321456315521602924
   0.50917102863403779848297950143605493366    -0.89385629011216147420065504656723664109    -0.89765020668174282368719920008753705372   0.0060929001761162264231321456315521602924
  -0.89385629011216147420065504656723664109    -0.61531473852187632428232445486881829257    -0.89765020668174282368719920008753705372   0.0060929001761162264231321456315521602924
  -0.61531473852187632428232445486881829257    -0.89385629011216147420065504656723664109    -0.89765020668174282368719920008753705372   0.0060929001761162264231321456315521602924
  -0.61531473852187632428232445486881829257     0.50917102863403779848297950143605493366     0.89765020668174282368719920008753705372   0.0060929001761162264231321456315521602924
   0.50917102863403779848297950143605493366    -0.61531473852187632428232445486881829257     0.89765020668174282368719920008753705372   0.0060929001761162264231321456315521602924
  -0.89385629011216147420065504656723664109     0.50917102863403779848297950143605493366     0.89765020668174282368719920008753705372   0.0060929001761162264231321456315521602924
   0.50917102863403779848297950143605493366    -0.89385629011216147420065504656723664109     0.89765020668174282368719920008753705372   0.0060929001761162264231321456315521602924
  -0.89385629011216147420065504656723664109    -0.61531473852187632428232445486881829257     0.89765020668174282368719920008753705372   0.0060929001761162264231321456315521602924
  -0.61531473852187632428232445486881829257    -0.89385629011216147420065504656723664109     0.89765020668174282368719920008753705372   0.0060929001761162264231321456315521602924
  -0.22957417283897843612779219837646389721    0.099930882855353650512706152678318268537    -0.88810187715517614632726492217906316624   0.0087122803297997169156751535527190308953
  0.099930882855353650512706152678318268537    -0.22957417283897843612779219837646389721    -0.88810187715517614632726492217906316624   0.0087122803297997169156751535527190308953
  -0.87035671001637521438491395430185437133    0.099930882855353650512706152678318268537    -0.88810187715517614632726492217906316624   0.0087122803297997169156751535527190308953
  0.099930882855353650512706152678318268537    -0.87035671001637521438491395430185437133    -0.88810187715517614632726492217906316624   0.0087122803297997169156751535527190308953
  -0.87035671001637521438491395430185437133    -0.22957417283897843612779219837646389721    -0.88810187715517614632726492217906316624   0.0087122803297997169156751535527190308953
  -0.22957417283897843612779219837646389721    -0.87035671001637521438491395430185437133    -0.88810187715517614632726492217906316624   0.0087122803297997169156751535527190308953
  -0.22957417283897843612779219837646389721    0.099930882855353650512706152678318268537     0.88810187715517614632726492217906316624   0.0087122803297997169156751535527190308953
  0.099930882855353650512706152678318268537    -0.22957417283897843612779219837646389721     0.88810187715517614632726492217906316624   0.0087122803297997169156751535527190308953
  -0.87035671001637521438491395430185437133    0.099930882855353650512706152678318268537     0.88810187715517614632726492217906316624   0.0087122803297997169156751535527190308953
  0.099930882855353650512706152678318268537    -0.87035671001637521438491395430185437133     0.88810187715517614632726492217906316624   0.0087122803297997169156751535527190308953
  -0.87035671001637521438491395430185437133    -0.22957417283897843612779219837646389721     0.88810187715517614632726492217906316624   0.0087122803297997169156751535527190308953
  -0.22957417283897843612779219837646389721    -0.87035671001637521438491395430185437133     0.88810187715517614632726492217906316624   0.0087122803297997169156751535527190308953
  -0.65465676560435318912306401571706567397      0.5149512780372323906744614678597900846    -0.66292157465088111608523045889316427379   0.0094979961637403928646428485269635301432
    0.5149512780372323906744614678597900846    -0.65465676560435318912306401571706567397    -0.66292157465088111608523045889316427379   0.0094979961637403928646428485269635301432
  -0.86029451243287920155139745214272441062      0.5149512780372323906744614678597900846    -0.66292157465088111608523045889316427379   0.0094979961637403928646428485269635301432
    0.5149512780372323906744614678597900846    -0.86029451243287920155139745214272441062    -0.66292157465088111608523045889316427379   0.0094979961637403928646428485269635301432
  -0.86029451243287920155139745214272441062    -0.65465676560435318912306401571706567397    -0.66292157465088111608523045889316427379   0.0094979961637403928646428485269635301432
  -0.65465676560435318912306401571706567397    -0.86029451243287920155139745214272441062    -0.66292157465088111608523045889316427379   0.0094979961637403928646428485269635301432
  -0.65465676560435318912306401571706567397      0.5149512780372323906744614678597900846     0.66292157465088111608523045889316427379   0.0094979961637403928646428485269635301432
    0.5149512780372323906744614678597900846    -0.65465676560435318912306401571706567397     0.66292157465088111608523045889316427379   0.0094979961637403928646428485269635301432
  -0.86029451243287920155139745214272441062      0.5149512780372323906744614678597900846     0.66292157465088111608523045889316427379   0.0094979961637403928646428485269635301432
    0.5149512780372323906744614678597900846    -0.86029451243287920155139745214272441062     0.66292157465088111608523045889316427379   0.0094979961637403928646428485269635301432
  -0.86029451243287920155139745214272441062    -0.65465676560435318912306401571706567397     0.66292157465088111608523045889316427379   0.0094979961637403928646428485269635301432
  -0.65465676560435318912306401571706567397    -0.86029451243287920155139745214272441062     0.66292157465088111608523045889316427379   0.0094979961637403928646428485269635301432
   -0.4563480635389466604604525435405167812     0.28112991822690598473272587966182788561    -0.52331640173736634860387533025135999534     0.01781243774749906302176609349354521831
   0.28112991822690598473272587966182788561     -0.4563480635389466604604525435405167812    -0.52331640173736634860387533025135999534     0.01781243774749906302176609349354521831
  -0.82478185468795932427227333612131110441     0.28112991822690598473272587966182788561    -0.52331640173736634860387533025135999534     0.01781243774749906302176609349354521831
   0.28112991822690598473272587966182788561    -0.82478185468795932427227333612131110441    -0.52331640173736634860387533025135999534     0.01781243774749906302176609349354521831
  -0.82478185468795932427227333612131110441     -0.4563480635389466604604525435405167812    -0.52331640173736634860387533025135999534     0.01781243774749906302176609349354521831
   -0.4563480635389466604604525435405167812    -0.82478185468795932427227333612131110441    -0.52331640173736634860387533025135999534     0.01781243774749906302176609349354521831
   -0.4563480635389466604604525435405167812     0.28112991822690598473272587966182788561     0.52331640173736634860387533025135999534     0.01781243774749906302176609349354521831
   0.28112991822690598473272587966182788561     -0.4563480635389466604604525435405167812     0.52331640173736634860387533025135999534     0.01781243774749906302176609349354521831
  -0.82478185468795932427227333612131110441     0.28112991822690598473272587966182788561     0.52331640173736634860387533025135999534     0.01781243774749906302176609349354521831
   0.28112991822690598473272587966182788561    -0.82478185468795932427227333612131110441     0.52331640173736634860387533025135999534     0.01781243774749906302176609349354521831
  -0.82478185468795932427227333612131110441     -0.4563480635389466604604525435405167812     0.52331640173736634860387533025135999534     0.01781243774749906302176609349354521831
   -0.4563480635389466604604525435405167812    -0.82478185468795932427227333612131110441     0.52331640173736634860387533025135999534     0.01781243774749906302176609349354521831
  -0.49037499527126111396725895617591701971     0.26369147931283477683495313666205477376    -0.88492741469494834869846755937342225411   0.0073165109923072852429522606963956510702
   0.26369147931283477683495313666205477376    -0.49037499527126111396725895617591701971    -0.88492741469494834869846755937342225411   0.0073165109923072852429522606963956510702
  -0.77331648404157366286769418048613775405     0.26369147931283477683495313666205477376    -0.88492741469494834869846755937342225411   0.0073165109923072852429522606963956510702
   0.26369147931283477683495313666205477376    -0.77331648404157366286769418048613775405    -0.88492741469494834869846755937342225411   0.0073165109923072852429522606963956510702
  -0.77331648404157366286769418048613775405    -0.49037499527126111396725895617591701971    -0.88492741469494834869846755937342225411   0.0073165109923072852429522606963956510702
  -0.49037499527126111396725895617591701971    -0.77331648404157366286769418048613775405    -0.88492741469494834869846755937342225411   0.0073165109923072852429522606963956510702
  -0.49037499527126111396725895617591701971     0.26369147931283477683495313666205477376     0.88492741469494834869846755937342225411   0.0073165109923072852429522606963956510702
   0.26369147931283477683495313666205477376    -0.49037499527126111396725895617591701971     0.88492741469494834869846755937342225411   0.0073165109923072852429522606963956510702
  -0.77331648404157366286769418048613775405     0.26369147931283477683495313666205477376     0.88492741469494834869846755937342225411   0.0073165109923072852429522606963956510702
   0.26369147931283477683495313666205477376    -0.77331648404157366286769418048613775405     0.88492741469494834869846755937342225411   0.0073165109923072852429522606963956510702
  -0.77331648404157366286769418048613775405    -0.49037499527126111396725895617591701971     0.88492741469494834869846755937342225411   0.0073165109923072852429522606963956510702
  -0.49037499527126111396725895617591701971    -0.77331648404157366286769418048613775405     0.88492741469494834869846755937342225411   0.0073165109923072852429522606963956510702
  -0.27676729125884883781184409328486084903    0.005974789342221147239669098737033681987    -0.31757093452302153351372663485841107642    0.019580898613239274580733050178750431042
  0.005974789342221147239669098737033681987    -0.27676729125884883781184409328486084903    -0.31757093452302153351372663485841107642    0.019580898613239274580733050178750431042
  -0.72920749808337230942782500545217283296    0.005974789342221147239669098737033681987    -0.31757093452302153351372663485841107642    0.019580898613239274580733050178750431042
  0.005974789342221147239669098737033681987    -0.72920749808337230942782500545217283296    -0.31757093452302153351372663485841107642    0.019580898613239274580733050178750431042
  -0.72920749808337230942782500545217283296    -0.27676729125884883781184409328486084903    -0.31757093452302153351372663485841107642    0.019580898613239274580733050178750431042
  -0.27676729125884883781184409328486084903    -0.72920749808337230942782500545217283296    -0.31757093452302153351372663485841107642    0.019580898613239274580733050178750431042
  -0.27676729125884883781184409328486084903    0.005974789342221147239669098737033681987     0.31757093452302153351372663485841107642    0.019580898613239274580733050178750431042
  0.005974789342221147239669098737033681987    -0.27676729125884883781184409328486084903     0.31757093452302153351372663485841107642    0.019580898613239274580733050178750431042
  -0.72920749808337230942782500545217283296    0.005974789342221147239669098737033681987     0.31757093452302153351372663485841107642    0.019580898613239274580733050178750431042
  0.005974789342221147239669098737033681987    -0.72920749808337230942782500545217283296     0.31757093452302153351372663485841107642    0.019580898613239274580733050178750431042
  -0.72920749808337230942782500545217283296    -0.27676729125884883781184409328486084903     0.31757093452302153351372663485841107642    0.019580898613239274580733050178750431042
  -0.27676729125884883781184409328486084903    -0.72920749808337230942782500545217283296     0.31757093452302153351372663485841107642    0.019580898613239274580733050178750431042
  -0.33665707328949299702204909523246840214    0.031607268097774927881570737924082365146    -0.74075330908698638670786868989099978056     0.01476215270728510545246932311297572735
  0.031607268097774927881570737924082365146    -0.33665707328949299702204909523246840214    -0.74075330908698638670786868989099978056     0.01476215270728510545246932311297572735
  -0.69495019480828193085952164269161396301    0.031607268097774927881570737924082365146    -0.74075330908698638670786868989099978056     0.01476215270728510545246932311297572735
  0.031607268097774927881570737924082365146    -0.69495019480828193085952164269161396301    -0.74075330908698638670786868989099978056     0.01476215270728510545246932311297572735
  -0.69495019480828193085952164269161396301    -0.33665707328949299702204909523246840214    -0.74075330908698638670786868989099978056     0.01476215270728510545246932311297572735
  -0.33665707328949299702204909523246840214    -0.69495019480828193085952164269161396301    -0.74075330908698638670786868989099978056     0.01476215270728510545246932311297572735
  -0.33665707328949299702204909523246840214    0.031607268097774927881570737924082365146     0.74075330908698638670786868989099978056     0.01476215270728510545246932311297572735
  0.031607268097774927881570737924082365146    -0.33665707328949299702204909523246840214     0.74075330908698638670786868989099978056     0.01476215270728510545246932311297572735
  -0.69495019480828193085952164269161396301    0.031607268097774927881570737924082365146     0.74075330908698638670786868989099978056     0.01476215270728510545246932311297572735
  0.031607268097774927881570737924082365146    -0.69495019480828193085952164269161396301     0.74075330908698638670786868989099978056     0.01476215270728510545246932311297572735
  -0.69495019480828193085952164269161396301    -0.33665707328949299702204909523246840214     0.74075330908698638670786868989099978056     0.01476215270728510545246932311297572735
  -0.33665707328949299702204909523246840214    -0.69495019480828193085952164269161396301     0.74075330908698638670786868989099978056     0.01476215270728510545246932311297572735
   -0.5614283361612963469651195719536321937     0.25483790590921065990050613906287300874    -0.26843259260531502897166230444172700933     0.01250470360779378728044902482891634208
   0.25483790590921065990050613906287300874     -0.5614283361612963469651195719536321937    -0.26843259260531502897166230444172700933     0.01250470360779378728044902482891634208
  -0.69340956974791431293538656710924081504     0.25483790590921065990050613906287300874    -0.26843259260531502897166230444172700933     0.01250470360779378728044902482891634208
   0.25483790590921065990050613906287300874    -0.69340956974791431293538656710924081504    -0.26843259260531502897166230444172700933     0.01250470360779378728044902482891634208
  -0.69340956974791431293538656710924081504     -0.5614283361612963469651195719536321937    -0.26843259260531502897166230444172700933     0.01250470360779378728044902482891634208
   -0.5614283361612963469651195719536321937    -0.69340956974791431293538656710924081504    -0.26843259260531502897166230444172700933     0.01250470360779378728044902482891634208
   -0.5614283361612963469651195719536321937     0.25483790590921065990050613906287300874     0.26843259260531502897166230444172700933     0.01250470360779378728044902482891634208
   0.25483790590921065990050613906287300874     -0.5614283361612963469651195719536321937     0.26843259260531502897166230444172700933     0.01250470360779378728044902482891634208
  -0.69340956974791431293538656710924081504     0.25483790590921065990050613906287300874     0.26843259260531502897166230444172700933     0.01250470360779378728044902482891634208
   0.25483790590921065990050613906287300874    -0.69340956974791431293538656710924081504     0.26843259260531502897166230444172700933     0.01250470360779378728044902482891634208
  -0.69340956974791431293538656710924081504     -0.5614283361612963469651195719536321937     0.26843259260531502897166230444172700933     0.01250470360779378728044902482891634208
   -0.5614283361612963469651195719536321937    -0.69340956974791431293538656710924081504     0.26843259260531502897166230444172700933     0.01250470360779378728044902482891634208
  -0.46715079147851361236938711549695732791     0.14928267220944039770381741127774744842    -0.97251095829121755386255383856655952936   0.0050816670712521002589868906345403441276
   0.14928267220944039770381741127774744842    -0.46715079147851361236938711549695732791    -0.97251095829121755386255383856655952936   0.0050816670712521002589868906345403441276
   -0.6821318807309267853344302957807901205     0.14928267220944039770381741127774744842    -0.97251095829121755386255383856655952936   0.0050816670712521002589868906345403441276
   0.14928267220944039770381741127774744842     -0.6821318807309267853344302957807901205    -0.97251095829121755386255383856655952936   0.0050816670712521002589868906345403441276
   -0.6821318807309267853344302957807901205    -0.46715079147851361236938711549695732791    -0.97251095829121755386255383856655952936   0.0050816670712521002589868906345403441276
  -0.46715079147851361236938711549695732791     -0.6821318807309267853344302957807901205    -0.97251095829121755386255383856655952936   0.0050816670712521002589868906345403441276
  -0.46715079147851361236938711549695732791     0.14928267220944039770381741127774744842     0.97251095829121755386255383856655952936   0.0050816670712521002589868906345403441276
   0.14928267220944039770381741127774744842    -0.46715079147851361236938711549695732791     0.97251095829121755386255383856655952936   0.0050816670712521002589868906345403441276
   -0.6821318807309267853344302957807901205     0.14928267220944039770381741127774744842     0.97251095829121755386255383856655952936   0.0050816670712521002589868906345403441276
   0.14928267220944039770381741127774744842     -0.6821318807309267853344302957807901205     0.97251095829121755386255383856655952936   0.0050816670712521002589868906345403441276
   -0.6821318807309267853344302957807901205    -0.46715079147851361236938711549695732791     0.97251095829121755386255383856655952936   0.0050816670712521002589868906345403441276
  -0.46715079147851361236938711549695732791     -0.6821318807309267853344302957807901205     0.97251095829121755386255383856655952936   0.0050816670712521002589868906345403441276
  -0.32660307030577079058991697733997450702    -0.10880655646927663792743389815359026545    -0.51252835736506187001829886733129785354     0.01475497236462728557232792966651970652
  -0.10880655646927663792743389815359026545    -0.32660307030577079058991697733997450702    -0.51252835736506187001829886733129785354     0.01475497236462728557232792966651970652
  -0.56459037322495257148264912450643522753    -0.10880655646927663792743389815359026545    -0.51252835736506187001829886733129785354     0.01475497236462728557232792966651970652
  -0.10880655646927663792743389815359026545    -0.56459037322495257148264912450643522753    -0.51252835736506187001829886733129785354     0.01475497236462728557232792966651970652
  -0.56459037322495257148264912450643522753    -0.32660307030577079058991697733997450702    -0.51252835736506187001829886733129785354     0.01475497236462728557232792966651970652
  -0.32660307030577079058991697733997450702    -0.56459037322495257148264912450643522753    -0.51252835736506187001829886733129785354     0.01475497236462728557232792966651970652
  -0.32660307030577079058991697733997450702    -0.10880655646927663792743389815359026545     0.51252835736506187001829886733129785354     0.01475497236462728557232792966651970652
  -0.10880655646927663792743389815359026545    -0.32660307030577079058991697733997450702     0.51252835736506187001829886733129785354     0.01475497236462728557232792966651970652
  -0.56459037322495257148264912450643522753    -0.10880655646927663792743389815359026545     0.51252835736506187001829886733129785354     0.01475497236462728557232792966651970652
  -0.10880655646927663792743389815359026545    -0.56459037322495257148264912450643522753     0.51252835736506187001829886733129785354     0.01475497236462728557232792966651970652
  -0.56459037322495257148264912450643522753    -0.32660307030577079058991697733997450702     0.51252835736506187001829886733129785354     0.01475497236462728557232792966651970652
  -0.32660307030577079058991697733997450702    -0.56459037322495257148264912450643522753     0.51252835736506187001829886733129785354     0.01475497236462728557232792966651970652

