 -0.33333333333333333333333333333333333333   -0.33333333333333333333333333333333333333   -0.41563253498795437805180217196966482811   0.071265588272849226083333984944483471048
 -0.33333333333333333333333333333333333333   -0.33333333333333333333333333333333333333    0.41563253498795437805180217196966482811   0.071265588272849226083333984944483471048
  -0.7394593427286036399262645019653141767    0.47891868545720727985252900393062835339                                           0    0.05530885682075202625705197337517510589
  0.47891868545720727985252900393062835339    -0.7394593427286036399262645019653141767                                           0    0.05530885682075202625705197337517510589
  -0.7394593427286036399262645019653141767    -0.7394593427286036399262645019653141767                                           0    0.05530885682075202625705197337517510589
 -0.16934920326571373978094505642937277734   -0.66130159346857252043810988714125444533                                           0   0.068756596768071162428258107872379121677
 -0.66130159346857252043810988714125444533   -0.16934920326571373978094505642937277734                                           0   0.068756596768071162428258107872379121677
 -0.16934920326571373978094505642937277734   -0.16934920326571373978094505642937277734                                           0   0.068756596768071162428258107872379121677
 -0.97847905955252049939161323067586398523    0.95695811910504099878322646135172797046   -0.54312816165291950181762607449540368447  0.0031202601078995782822176119471603539727
  0.95695811910504099878322646135172797046   -0.97847905955252049939161323067586398523   -0.54312816165291950181762607449540368447  0.0031202601078995782822176119471603539727
 -0.97847905955252049939161323067586398523   -0.97847905955252049939161323067586398523   -0.54312816165291950181762607449540368447  0.0031202601078995782822176119471603539727
 -0.97847905955252049939161323067586398523    0.95695811910504099878322646135172797046    0.54312816165291950181762607449540368447  0.0031202601078995782822176119471603539727
  0.95695811910504099878322646135172797046   -0.97847905955252049939161323067586398523    0.54312816165291950181762607449540368447  0.0031202601078995782822176119471603539727
 -0.97847905955252049939161323067586398523   -0.97847905955252049939161323067586398523    0.54312816165291950181762607449540368447  0.0031202601078995782822176119471603539727
 -0.94562959926550355858176456527454743229    0.89125919853100711716352913054909486458   -0.94563146372791366943585832014072832203  0.0031365110135313525273417361151074993215
  0.89125919853100711716352913054909486458   -0.94562959926550355858176456527454743229   -0.94563146372791366943585832014072832203  0.0031365110135313525273417361151074993215
 -0.94562959926550355858176456527454743229   -0.94562959926550355858176456527454743229   -0.94563146372791366943585832014072832203  0.0031365110135313525273417361151074993215
 -0.94562959926550355858176456527454743229    0.89125919853100711716352913054909486458    0.94563146372791366943585832014072832203  0.0031365110135313525273417361151074993215
  0.89125919853100711716352913054909486458   -0.94562959926550355858176456527454743229    0.94563146372791366943585832014072832203  0.0031365110135313525273417361151074993215
 -0.94562959926550355858176456527454743229   -0.94562959926550355858176456527454743229    0.94563146372791366943585832014072832203  0.0031365110135313525273417361151074993215
 -0.88527126788213645936764647408319783567    0.77054253576427291873529294816639567133   -0.34222401754510158860443813297046733281   0.020693333785814241013689214861727010648
  0.77054253576427291873529294816639567133   -0.88527126788213645936764647408319783567   -0.34222401754510158860443813297046733281   0.020693333785814241013689214861727010648
 -0.88527126788213645936764647408319783567   -0.88527126788213645936764647408319783567   -0.34222401754510158860443813297046733281   0.020693333785814241013689214861727010648
 -0.88527126788213645936764647408319783567    0.77054253576427291873529294816639567133    0.34222401754510158860443813297046733281   0.020693333785814241013689214861727010648
  0.77054253576427291873529294816639567133   -0.88527126788213645936764647408319783567    0.34222401754510158860443813297046733281   0.020693333785814241013689214861727010648
 -0.88527126788213645936764647408319783567   -0.88527126788213645936764647408319783567    0.34222401754510158860443813297046733281   0.020693333785814241013689214861727010648
 -0.79513276073316820728303558343956913914    0.59026552146633641456607116687913827828   -0.96084081018605870563276952636578953671  0.0092137764854384610700547982377805415356
  0.59026552146633641456607116687913827828   -0.79513276073316820728303558343956913914   -0.96084081018605870563276952636578953671  0.0092137764854384610700547982377805415356
 -0.79513276073316820728303558343956913914   -0.79513276073316820728303558343956913914   -0.96084081018605870563276952636578953671  0.0092137764854384610700547982377805415356
 -0.79513276073316820728303558343956913914    0.59026552146633641456607116687913827828    0.96084081018605870563276952636578953671  0.0092137764854384610700547982377805415356
  0.59026552146633641456607116687913827828   -0.79513276073316820728303558343956913914    0.96084081018605870563276952636578953671  0.0092137764854384610700547982377805415356
 -0.79513276073316820728303558343956913914   -0.79513276073316820728303558343956913914    0.96084081018605870563276952636578953671  0.0092137764854384610700547982377805415356
 -0.74716584464700772787200163601509472989    0.49433168929401545574400327203018945978   -0.72036512456750072486565224673584411614   0.025464381185854384578585169485782276398
  0.49433168929401545574400327203018945978   -0.74716584464700772787200163601509472989   -0.72036512456750072486565224673584411614   0.025464381185854384578585169485782276398
 -0.74716584464700772787200163601509472989   -0.74716584464700772787200163601509472989   -0.72036512456750072486565224673584411614   0.025464381185854384578585169485782276398
 -0.74716584464700772787200163601509472989    0.49433168929401545574400327203018945978    0.72036512456750072486565224673584411614   0.025464381185854384578585169485782276398
  0.49433168929401545574400327203018945978   -0.74716584464700772787200163601509472989    0.72036512456750072486565224673584411614   0.025464381185854384578585169485782276398
 -0.74716584464700772787200163601509472989   -0.74716584464700772787200163601509472989    0.72036512456750072486565224673584411614   0.025464381185854384578585169485782276398
 -0.58866750213847642015916817765285084826    0.17733500427695284031833635530570169652   -0.54422737849616166793723127146168876609   0.050594126614822231465206314781671341192
  0.17733500427695284031833635530570169652   -0.58866750213847642015916817765285084826   -0.54422737849616166793723127146168876609   0.050594126614822231465206314781671341192
 -0.58866750213847642015916817765285084826   -0.58866750213847642015916817765285084826   -0.54422737849616166793723127146168876609   0.050594126614822231465206314781671341192
 -0.58866750213847642015916817765285084826    0.17733500427695284031833635530570169652    0.54422737849616166793723127146168876609   0.050594126614822231465206314781671341192
  0.17733500427695284031833635530570169652   -0.58866750213847642015916817765285084826    0.54422737849616166793723127146168876609   0.050594126614822231465206314781671341192
 -0.58866750213847642015916817765285084826   -0.58866750213847642015916817765285084826    0.54422737849616166793723127146168876609   0.050594126614822231465206314781671341192
 -0.54459467887186152871284711038709504612   0.089189357743723057425694220774190092249   -0.99001894381823073206211092785109883526   0.010412193971332746627325724027877222732
 0.089189357743723057425694220774190092249   -0.54459467887186152871284711038709504612   -0.99001894381823073206211092785109883526   0.010412193971332746627325724027877222732
 -0.54459467887186152871284711038709504612   -0.54459467887186152871284711038709504612   -0.99001894381823073206211092785109883526   0.010412193971332746627325724027877222732
 -0.54459467887186152871284711038709504612   0.089189357743723057425694220774190092249    0.99001894381823073206211092785109883526   0.010412193971332746627325724027877222732
 0.089189357743723057425694220774190092249   -0.54459467887186152871284711038709504612    0.99001894381823073206211092785109883526   0.010412193971332746627325724027877222732
 -0.54459467887186152871284711038709504612   -0.54459467887186152871284711038709504612    0.99001894381823073206211092785109883526   0.010412193971332746627325724027877222732
 -0.50877245617790316370097636498168296631   0.017544912355806327401952729963365932618   -0.22346049240265087838656070873851810992   0.037953004792555259218332296515251231686
 0.017544912355806327401952729963365932618   -0.50877245617790316370097636498168296631   -0.22346049240265087838656070873851810992   0.037953004792555259218332296515251231686
 -0.50877245617790316370097636498168296631   -0.50877245617790316370097636498168296631   -0.22346049240265087838656070873851810992   0.037953004792555259218332296515251231686
 -0.50877245617790316370097636498168296631   0.017544912355806327401952729963365932618    0.22346049240265087838656070873851810992   0.037953004792555259218332296515251231686
 0.017544912355806327401952729963365932618   -0.50877245617790316370097636498168296631    0.22346049240265087838656070873851810992   0.037953004792555259218332296515251231686
 -0.50877245617790316370097636498168296631   -0.50877245617790316370097636498168296631    0.22346049240265087838656070873851810992   0.037953004792555259218332296515251231686
 -0.43709889295469489548613872875589701378   -0.12580221409061020902772254248820597245   -0.85961640711068179656786756848029286346   0.028367660190996140589600509487684298641
 -0.12580221409061020902772254248820597245   -0.43709889295469489548613872875589701378   -0.85961640711068179656786756848029286346   0.028367660190996140589600509487684298641
 -0.43709889295469489548613872875589701378   -0.43709889295469489548613872875589701378   -0.85961640711068179656786756848029286346   0.028367660190996140589600509487684298641
 -0.43709889295469489548613872875589701378   -0.12580221409061020902772254248820597245    0.85961640711068179656786756848029286346   0.028367660190996140589600509487684298641
 -0.12580221409061020902772254248820597245   -0.43709889295469489548613872875589701378    0.85961640711068179656786756848029286346   0.028367660190996140589600509487684298641
 -0.43709889295469489548613872875589701378   -0.43709889295469489548613872875589701378    0.85961640711068179656786756848029286346   0.028367660190996140589600509487684298641
  -0.1473796544224880381319472891364500034    -0.7052406911550239237361054217270999932   -0.65970054884841998334579424542525778101    0.05355082366550306529312259352058318539
  -0.7052406911550239237361054217270999932    -0.1473796544224880381319472891364500034   -0.65970054884841998334579424542525778101    0.05355082366550306529312259352058318539
  -0.1473796544224880381319472891364500034    -0.1473796544224880381319472891364500034   -0.65970054884841998334579424542525778101    0.05355082366550306529312259352058318539
  -0.1473796544224880381319472891364500034    -0.7052406911550239237361054217270999932    0.65970054884841998334579424542525778101    0.05355082366550306529312259352058318539
  -0.7052406911550239237361054217270999932    -0.1473796544224880381319472891364500034    0.65970054884841998334579424542525778101    0.05355082366550306529312259352058318539
  -0.1473796544224880381319472891364500034    -0.1473796544224880381319472891364500034    0.65970054884841998334579424542525778101    0.05355082366550306529312259352058318539
 -0.12962086692516311312348600444575090864   -0.74075826614967377375302799110849818271   -0.97256128339757272495110884734822959358  0.0094880773053484020646285066340086516787
 -0.74075826614967377375302799110849818271   -0.12962086692516311312348600444575090864   -0.97256128339757272495110884734822959358  0.0094880773053484020646285066340086516787
 -0.12962086692516311312348600444575090864   -0.12962086692516311312348600444575090864   -0.97256128339757272495110884734822959358  0.0094880773053484020646285066340086516787
 -0.12962086692516311312348600444575090864   -0.74075826614967377375302799110849818271    0.97256128339757272495110884734822959358  0.0094880773053484020646285066340086516787
 -0.74075826614967377375302799110849818271   -0.12962086692516311312348600444575090864    0.97256128339757272495110884734822959358  0.0094880773053484020646285066340086516787
 -0.12962086692516311312348600444575090864   -0.12962086692516311312348600444575090864    0.97256128339757272495110884734822959358  0.0094880773053484020646285066340086516787
-0.046396204695758849622039625451799706009   -0.90720759060848230075592074909640058798   -0.55793498405866909452147278660998080072   0.017831822152468644324448291011986063078
 -0.90720759060848230075592074909640058798  -0.046396204695758849622039625451799706009   -0.55793498405866909452147278660998080072   0.017831822152468644324448291011986063078
-0.046396204695758849622039625451799706009  -0.046396204695758849622039625451799706009   -0.55793498405866909452147278660998080072   0.017831822152468644324448291011986063078
-0.046396204695758849622039625451799706009   -0.90720759060848230075592074909640058798    0.55793498405866909452147278660998080072   0.017831822152468644324448291011986063078
 -0.90720759060848230075592074909640058798  -0.046396204695758849622039625451799706009    0.55793498405866909452147278660998080072   0.017831822152468644324448291011986063078
-0.046396204695758849622039625451799706009  -0.046396204695758849622039625451799706009    0.55793498405866909452147278660998080072   0.017831822152468644324448291011986063078
-0.030975165529387763995692835670759682137   -0.93804966894122447200861432865848063573   -0.28358975721899681896761169476185239662   0.021855505676719581951308235313034954016
 -0.93804966894122447200861432865848063573  -0.030975165529387763995692835670759682137   -0.28358975721899681896761169476185239662   0.021855505676719581951308235313034954016
-0.030975165529387763995692835670759682137  -0.030975165529387763995692835670759682137   -0.28358975721899681896761169476185239662   0.021855505676719581951308235313034954016
-0.030975165529387763995692835670759682137   -0.93804966894122447200861432865848063573    0.28358975721899681896761169476185239662   0.021855505676719581951308235313034954016
 -0.93804966894122447200861432865848063573  -0.030975165529387763995692835670759682137    0.28358975721899681896761169476185239662   0.021855505676719581951308235313034954016
-0.030975165529387763995692835670759682137  -0.030975165529387763995692835670759682137    0.28358975721899681896761169476185239662   0.021855505676719581951308235313034954016
-0.027431887239615500227800758889446827588   -0.94513622552076899954439848222110634482   -0.94483255405359737464765115041114340822   0.010521657247997294550473601698132840145
 -0.94513622552076899954439848222110634482  -0.027431887239615500227800758889446827588   -0.94483255405359737464765115041114340822   0.010521657247997294550473601698132840145
-0.027431887239615500227800758889446827588  -0.027431887239615500227800758889446827588   -0.94483255405359737464765115041114340822   0.010521657247997294550473601698132840145
-0.027431887239615500227800758889446827588   -0.94513622552076899954439848222110634482    0.94483255405359737464765115041114340822   0.010521657247997294550473601698132840145
 -0.94513622552076899954439848222110634482  -0.027431887239615500227800758889446827588    0.94483255405359737464765115041114340822   0.010521657247997294550473601698132840145
-0.027431887239615500227800758889446827588  -0.027431887239615500227800758889446827588    0.94483255405359737464765115041114340822   0.010521657247997294550473601698132840145
 -0.87626955544128247709191426407070769113    0.87480660142197158444841368496614849737                                           0  0.0055148467001026065099643634993412875795
  0.87480660142197158444841368496614849737   -0.87626955544128247709191426407070769113                                           0  0.0055148467001026065099643634993412875795
 -0.99853704598068910735649942089544080624    0.87480660142197158444841368496614849737                                           0  0.0055148467001026065099643634993412875795
  0.87480660142197158444841368496614849737   -0.99853704598068910735649942089544080624                                           0  0.0055148467001026065099643634993412875795
 -0.99853704598068910735649942089544080624   -0.87626955544128247709191426407070769113                                           0  0.0055148467001026065099643634993412875795
 -0.87626955544128247709191426407070769113   -0.99853704598068910735649942089544080624                                           0  0.0055148467001026065099643634993412875795
 -0.28796896391277481511975104230386406043    0.28404546251811388180724032230976312401                                           0   0.010991307063633432064154812610287809558
  0.28404546251811388180724032230976312401   -0.28796896391277481511975104230386406043                                           0   0.010991307063633432064154812610287809558
 -0.99607649860533906668748928000589906358    0.28404546251811388180724032230976312401                                           0   0.010991307063633432064154812610287809558
  0.28404546251811388180724032230976312401   -0.99607649860533906668748928000589906358                                           0   0.010991307063633432064154812610287809558
 -0.99607649860533906668748928000589906358   -0.28796896391277481511975104230386406043                                           0   0.010991307063633432064154812610287809558
 -0.28796896391277481511975104230386406043   -0.99607649860533906668748928000589906358                                           0   0.010991307063633432064154812610287809558
 -0.63478171621937866961986870905636832453    0.61147866016074766241782508383276587689                                           0   0.011680262428965489736531898564658487598
  0.61147866016074766241782508383276587689   -0.63478171621937866961986870905636832453                                           0   0.011680262428965489736531898564658487598
 -0.97669694394136899279795637477639755235    0.61147866016074766241782508383276587689                                           0   0.011680262428965489736531898564658487598
  0.61147866016074766241782508383276587689   -0.97669694394136899279795637477639755235                                           0   0.011680262428965489736531898564658487598
 -0.97669694394136899279795637477639755235   -0.63478171621937866961986870905636832453                                           0   0.011680262428965489736531898564658487598
 -0.63478171621937866961986870905636832453   -0.97669694394136899279795637477639755235                                           0   0.011680262428965489736531898564658487598
 -0.29955605539179642778583375302343357942    0.27646991402180563013772572604584894545     -0.703769041024608919702157521629628868   0.013585849080907367477644177642196719474
  0.27646991402180563013772572604584894545   -0.29955605539179642778583375302343357942     -0.703769041024608919702157521629628868   0.013585849080907367477644177642196719474
 -0.97691385863000920235189197302241536603    0.27646991402180563013772572604584894545     -0.703769041024608919702157521629628868   0.013585849080907367477644177642196719474
  0.27646991402180563013772572604584894545   -0.97691385863000920235189197302241536603     -0.703769041024608919702157521629628868   0.013585849080907367477644177642196719474
 -0.97691385863000920235189197302241536603   -0.29955605539179642778583375302343357942     -0.703769041024608919702157521629628868   0.013585849080907367477644177642196719474
 -0.29955605539179642778583375302343357942   -0.97691385863000920235189197302241536603     -0.703769041024608919702157521629628868   0.013585849080907367477644177642196719474
 -0.29955605539179642778583375302343357942    0.27646991402180563013772572604584894545      0.703769041024608919702157521629628868   0.013585849080907367477644177642196719474
  0.27646991402180563013772572604584894545   -0.29955605539179642778583375302343357942      0.703769041024608919702157521629628868   0.013585849080907367477644177642196719474
 -0.97691385863000920235189197302241536603    0.27646991402180563013772572604584894545      0.703769041024608919702157521629628868   0.013585849080907367477644177642196719474
  0.27646991402180563013772572604584894545   -0.97691385863000920235189197302241536603      0.703769041024608919702157521629628868   0.013585849080907367477644177642196719474
 -0.97691385863000920235189197302241536603   -0.29955605539179642778583375302343357942      0.703769041024608919702157521629628868   0.013585849080907367477644177642196719474
 -0.29955605539179642778583375302343357942   -0.97691385863000920235189197302241536603      0.703769041024608919702157521629628868   0.013585849080907367477644177642196719474
 -0.79582319040279590534402571435089123898     0.7623978756856005423138626871478755208   -0.76990981954943356764246452079053377285  0.0098303375277982115724729062439246558557
   0.7623978756856005423138626871478755208   -0.79582319040279590534402571435089123898   -0.76990981954943356764246452079053377285  0.0098303375277982115724729062439246558557
 -0.96657468528280463696983697279698428182     0.7623978756856005423138626871478755208   -0.76990981954943356764246452079053377285  0.0098303375277982115724729062439246558557
   0.7623978756856005423138626871478755208   -0.96657468528280463696983697279698428182   -0.76990981954943356764246452079053377285  0.0098303375277982115724729062439246558557
 -0.96657468528280463696983697279698428182   -0.79582319040279590534402571435089123898   -0.76990981954943356764246452079053377285  0.0098303375277982115724729062439246558557
 -0.79582319040279590534402571435089123898   -0.96657468528280463696983697279698428182   -0.76990981954943356764246452079053377285  0.0098303375277982115724729062439246558557
 -0.79582319040279590534402571435089123898     0.7623978756856005423138626871478755208    0.76990981954943356764246452079053377285  0.0098303375277982115724729062439246558557
   0.7623978756856005423138626871478755208   -0.79582319040279590534402571435089123898    0.76990981954943356764246452079053377285  0.0098303375277982115724729062439246558557
 -0.96657468528280463696983697279698428182     0.7623978756856005423138626871478755208    0.76990981954943356764246452079053377285  0.0098303375277982115724729062439246558557
   0.7623978756856005423138626871478755208   -0.96657468528280463696983697279698428182    0.76990981954943356764246452079053377285  0.0098303375277982115724729062439246558557
 -0.96657468528280463696983697279698428182   -0.79582319040279590534402571435089123898    0.76990981954943356764246452079053377285  0.0098303375277982115724729062439246558557
 -0.79582319040279590534402571435089123898   -0.96657468528280463696983697279698428182    0.76990981954943356764246452079053377285  0.0098303375277982115724729062439246558557
 -0.55857621705416569155767639946835016786    0.52338006489609559227214595821985556154   -0.96245696766795198768286507803608731566  0.0053261312525160705300715788279562933253
  0.52338006489609559227214595821985556154   -0.55857621705416569155767639946835016786   -0.96245696766795198768286507803608731566  0.0053261312525160705300715788279562933253
 -0.96480384784192990071446955875150539368    0.52338006489609559227214595821985556154   -0.96245696766795198768286507803608731566  0.0053261312525160705300715788279562933253
  0.52338006489609559227214595821985556154   -0.96480384784192990071446955875150539368   -0.96245696766795198768286507803608731566  0.0053261312525160705300715788279562933253
 -0.96480384784192990071446955875150539368   -0.55857621705416569155767639946835016786   -0.96245696766795198768286507803608731566  0.0053261312525160705300715788279562933253
 -0.55857621705416569155767639946835016786   -0.96480384784192990071446955875150539368   -0.96245696766795198768286507803608731566  0.0053261312525160705300715788279562933253
 -0.55857621705416569155767639946835016786    0.52338006489609559227214595821985556154    0.96245696766795198768286507803608731566  0.0053261312525160705300715788279562933253
  0.52338006489609559227214595821985556154   -0.55857621705416569155767639946835016786    0.96245696766795198768286507803608731566  0.0053261312525160705300715788279562933253
 -0.96480384784192990071446955875150539368    0.52338006489609559227214595821985556154    0.96245696766795198768286507803608731566  0.0053261312525160705300715788279562933253
  0.52338006489609559227214595821985556154   -0.96480384784192990071446955875150539368    0.96245696766795198768286507803608731566  0.0053261312525160705300715788279562933253
 -0.96480384784192990071446955875150539368   -0.55857621705416569155767639946835016786    0.96245696766795198768286507803608731566  0.0053261312525160705300715788279562933253
 -0.55857621705416569155767639946835016786   -0.96480384784192990071446955875150539368    0.96245696766795198768286507803608731566  0.0053261312525160705300715788279562933253
 -0.61046997088563103943184221023667844235    0.53936732105707493990081388445326921418   -0.46423469538372686592097909871987504418   0.025543692691187620493830596171858257957
  0.53936732105707493990081388445326921418   -0.61046997088563103943184221023667844235   -0.46423469538372686592097909871987504418   0.025543692691187620493830596171858257957
 -0.92889735017144390046897167421659077182    0.53936732105707493990081388445326921418   -0.46423469538372686592097909871987504418   0.025543692691187620493830596171858257957
  0.53936732105707493990081388445326921418   -0.92889735017144390046897167421659077182   -0.46423469538372686592097909871987504418   0.025543692691187620493830596171858257957
 -0.92889735017144390046897167421659077182   -0.61046997088563103943184221023667844235   -0.46423469538372686592097909871987504418   0.025543692691187620493830596171858257957
 -0.61046997088563103943184221023667844235   -0.92889735017144390046897167421659077182   -0.46423469538372686592097909871987504418   0.025543692691187620493830596171858257957
 -0.61046997088563103943184221023667844235    0.53936732105707493990081388445326921418    0.46423469538372686592097909871987504418   0.025543692691187620493830596171858257957
  0.53936732105707493990081388445326921418   -0.61046997088563103943184221023667844235    0.46423469538372686592097909871987504418   0.025543692691187620493830596171858257957
 -0.92889735017144390046897167421659077182    0.53936732105707493990081388445326921418    0.46423469538372686592097909871987504418   0.025543692691187620493830596171858257957
  0.53936732105707493990081388445326921418   -0.92889735017144390046897167421659077182    0.46423469538372686592097909871987504418   0.025543692691187620493830596171858257957
 -0.92889735017144390046897167421659077182   -0.61046997088563103943184221023667844235    0.46423469538372686592097909871987504418   0.025543692691187620493830596171858257957
 -0.61046997088563103943184221023667844235   -0.92889735017144390046897167421659077182    0.46423469538372686592097909871987504418   0.025543692691187620493830596171858257957
 -0.38403180822943377801776567790922892905    0.21918409195165691767363020874812418615   -0.26575205164828277537902377644695232814    0.04314673929048358179738282117404733236
  0.21918409195165691767363020874812418615   -0.38403180822943377801776567790922892905   -0.26575205164828277537902377644695232814    0.04314673929048358179738282117404733236
  -0.8351522837222231396558645308388952571    0.21918409195165691767363020874812418615   -0.26575205164828277537902377644695232814    0.04314673929048358179738282117404733236
  0.21918409195165691767363020874812418615    -0.8351522837222231396558645308388952571   -0.26575205164828277537902377644695232814    0.04314673929048358179738282117404733236
  -0.8351522837222231396558645308388952571   -0.38403180822943377801776567790922892905   -0.26575205164828277537902377644695232814    0.04314673929048358179738282117404733236
 -0.38403180822943377801776567790922892905    -0.8351522837222231396558645308388952571   -0.26575205164828277537902377644695232814    0.04314673929048358179738282117404733236
 -0.38403180822943377801776567790922892905    0.21918409195165691767363020874812418615    0.26575205164828277537902377644695232814    0.04314673929048358179738282117404733236
  0.21918409195165691767363020874812418615   -0.38403180822943377801776567790922892905    0.26575205164828277537902377644695232814    0.04314673929048358179738282117404733236
  -0.8351522837222231396558645308388952571    0.21918409195165691767363020874812418615    0.26575205164828277537902377644695232814    0.04314673929048358179738282117404733236
  0.21918409195165691767363020874812418615    -0.8351522837222231396558645308388952571    0.26575205164828277537902377644695232814    0.04314673929048358179738282117404733236
  -0.8351522837222231396558645308388952571   -0.38403180822943377801776567790922892905    0.26575205164828277537902377644695232814    0.04314673929048358179738282117404733236
 -0.38403180822943377801776567790922892905    -0.8351522837222231396558645308388952571    0.26575205164828277537902377644695232814    0.04314673929048358179738282117404733236
 -0.43359319804738134076001850565160844169    0.25354505668103930047867012525815699931   -0.85996912525638374129732224834494577178   0.027811846853268357343221896314676744709
  0.25354505668103930047867012525815699931   -0.43359319804738134076001850565160844169   -0.85996912525638374129732224834494577178   0.027811846853268357343221896314676744709
 -0.81995185863365795971865161960654855762    0.25354505668103930047867012525815699931   -0.85996912525638374129732224834494577178   0.027811846853268357343221896314676744709
  0.25354505668103930047867012525815699931   -0.81995185863365795971865161960654855762   -0.85996912525638374129732224834494577178   0.027811846853268357343221896314676744709
 -0.81995185863365795971865161960654855762   -0.43359319804738134076001850565160844169   -0.85996912525638374129732224834494577178   0.027811846853268357343221896314676744709
 -0.43359319804738134076001850565160844169   -0.81995185863365795971865161960654855762   -0.85996912525638374129732224834494577178   0.027811846853268357343221896314676744709
 -0.43359319804738134076001850565160844169    0.25354505668103930047867012525815699931    0.85996912525638374129732224834494577178   0.027811846853268357343221896314676744709
  0.25354505668103930047867012525815699931   -0.43359319804738134076001850565160844169    0.85996912525638374129732224834494577178   0.027811846853268357343221896314676744709
 -0.81995185863365795971865161960654855762    0.25354505668103930047867012525815699931    0.85996912525638374129732224834494577178   0.027811846853268357343221896314676744709
  0.25354505668103930047867012525815699931   -0.81995185863365795971865161960654855762    0.85996912525638374129732224834494577178   0.027811846853268357343221896314676744709
 -0.81995185863365795971865161960654855762   -0.43359319804738134076001850565160844169    0.85996912525638374129732224834494577178   0.027811846853268357343221896314676744709
 -0.43359319804738134076001850565160844169   -0.81995185863365795971865161960654855762    0.85996912525638374129732224834494577178   0.027811846853268357343221896314676744709

