  -0.33333333333333333333333333333333333333    -0.33333333333333333333333333333333333333    -0.29261099364115628869431885309296279053    0.047044159042296572101885308667963976821
  -0.33333333333333333333333333333333333333    -0.33333333333333333333333333333333333333     0.29261099364115628869431885309296279053    0.047044159042296572101885308667963976821
  -0.33333333333333333333333333333333333333    -0.33333333333333333333333333333333333333    -0.77837305132163838838276294756672679627     0.04238702432937244737296723234249439312
  -0.33333333333333333333333333333333333333    -0.33333333333333333333333333333333333333     0.77837305132163838838276294756672679627     0.04238702432937244737296723234249439312
  -0.87862638613478186525515724378014402766     0.75725277226956373051031448756028805533                                            0    0.023528258027404618891683621797389892743
   0.75725277226956373051031448756028805533    -0.87862638613478186525515724378014402766                                            0    0.023528258027404618891683621797389892743
  -0.87862638613478186525515724378014402766    -0.87862638613478186525515724378014402766                                            0    0.023528258027404618891683621797389892743
     -0.97626328569186026473633585111995952     0.95252657138372052947267170223991903999    -0.17390417868892771109150152746553817022   0.0022618967588659048318714397009555992195
   0.95252657138372052947267170223991903999       -0.97626328569186026473633585111995952    -0.17390417868892771109150152746553817022   0.0022618967588659048318714397009555992195
     -0.97626328569186026473633585111995952       -0.97626328569186026473633585111995952    -0.17390417868892771109150152746553817022   0.0022618967588659048318714397009555992195
     -0.97626328569186026473633585111995952     0.95252657138372052947267170223991903999     0.17390417868892771109150152746553817022   0.0022618967588659048318714397009555992195
   0.95252657138372052947267170223991903999       -0.97626328569186026473633585111995952     0.17390417868892771109150152746553817022   0.0022618967588659048318714397009555992195
     -0.97626328569186026473633585111995952       -0.97626328569186026473633585111995952     0.17390417868892771109150152746553817022   0.0022618967588659048318714397009555992195
  -0.96153972030601929878948299139462020089     0.92307944061203859757896598278924040177    -0.74539224493955017400093452234587245515   0.0040142715800967478226251355912749554035
   0.92307944061203859757896598278924040177    -0.96153972030601929878948299139462020089    -0.74539224493955017400093452234587245515   0.0040142715800967478226251355912749554035
  -0.96153972030601929878948299139462020089    -0.96153972030601929878948299139462020089    -0.74539224493955017400093452234587245515   0.0040142715800967478226251355912749554035
  -0.96153972030601929878948299139462020089     0.92307944061203859757896598278924040177     0.74539224493955017400093452234587245515   0.0040142715800967478226251355912749554035
   0.92307944061203859757896598278924040177    -0.96153972030601929878948299139462020089     0.74539224493955017400093452234587245515   0.0040142715800967478226251355912749554035
  -0.96153972030601929878948299139462020089    -0.96153972030601929878948299139462020089     0.74539224493955017400093452234587245515   0.0040142715800967478226251355912749554035
  -0.93553971523707325320458234093754460464     0.87107943047414650640916468187508920929    -0.96850561243800985558642680236649952731   0.0025648905371557464209207394596140551772
   0.87107943047414650640916468187508920929    -0.93553971523707325320458234093754460464    -0.96850561243800985558642680236649952731   0.0025648905371557464209207394596140551772
  -0.93553971523707325320458234093754460464    -0.93553971523707325320458234093754460464    -0.96850561243800985558642680236649952731   0.0025648905371557464209207394596140551772
  -0.93553971523707325320458234093754460464     0.87107943047414650640916468187508920929     0.96850561243800985558642680236649952731   0.0025648905371557464209207394596140551772
   0.87107943047414650640916468187508920929    -0.93553971523707325320458234093754460464     0.96850561243800985558642680236649952731   0.0025648905371557464209207394596140551772
  -0.93553971523707325320458234093754460464    -0.93553971523707325320458234093754460464     0.96850561243800985558642680236649952731   0.0025648905371557464209207394596140551772
  -0.82292179773324158259034785452613869243     0.64584359546648316518069570905227738485    -0.68901932930136853765307619159549371286    0.022997277348506158690382367109447903559
   0.64584359546648316518069570905227738485    -0.82292179773324158259034785452613869243    -0.68901932930136853765307619159549371286    0.022997277348506158690382367109447903559
  -0.82292179773324158259034785452613869243    -0.82292179773324158259034785452613869243    -0.68901932930136853765307619159549371286    0.022997277348506158690382367109447903559
  -0.82292179773324158259034785452613869243     0.64584359546648316518069570905227738485     0.68901932930136853765307619159549371286    0.022997277348506158690382367109447903559
   0.64584359546648316518069570905227738485    -0.82292179773324158259034785452613869243     0.68901932930136853765307619159549371286    0.022997277348506158690382367109447903559
  -0.82292179773324158259034785452613869243    -0.82292179773324158259034785452613869243     0.68901932930136853765307619159549371286    0.022997277348506158690382367109447903559
  -0.70060452429881023247099093064028775245      0.4012090485976204649419818612805755049     -0.3886103265847062163390567763653462776    0.021354483730656609606825558172915499072
    0.4012090485976204649419818612805755049    -0.70060452429881023247099093064028775245     -0.3886103265847062163390567763653462776    0.021354483730656609606825558172915499072
  -0.70060452429881023247099093064028775245    -0.70060452429881023247099093064028775245     -0.3886103265847062163390567763653462776    0.021354483730656609606825558172915499072
  -0.70060452429881023247099093064028775245      0.4012090485976204649419818612805755049      0.3886103265847062163390567763653462776    0.021354483730656609606825558172915499072
    0.4012090485976204649419818612805755049    -0.70060452429881023247099093064028775245      0.3886103265847062163390567763653462776    0.021354483730656609606825558172915499072
  -0.70060452429881023247099093064028775245    -0.70060452429881023247099093064028775245      0.3886103265847062163390567763653462776    0.021354483730656609606825558172915499072
  -0.67531609772200971753595723574515232816     0.35063219544401943507191447149030465632    -0.81241340102312687624554860107207049615    0.011679317486008245304137052712868687573
   0.35063219544401943507191447149030465632    -0.67531609772200971753595723574515232816    -0.81241340102312687624554860107207049615    0.011679317486008245304137052712868687573
  -0.67531609772200971753595723574515232816    -0.67531609772200971753595723574515232816    -0.81241340102312687624554860107207049615    0.011679317486008245304137052712868687573
  -0.67531609772200971753595723574515232816     0.35063219544401943507191447149030465632     0.81241340102312687624554860107207049615    0.011679317486008245304137052712868687573
   0.35063219544401943507191447149030465632    -0.67531609772200971753595723574515232816     0.81241340102312687624554860107207049615    0.011679317486008245304137052712868687573
  -0.67531609772200971753595723574515232816    -0.67531609772200971753595723574515232816     0.81241340102312687624554860107207049615    0.011679317486008245304137052712868687573
  -0.50949603100933814837505976777217684621    0.018992062018676296750119535544353692416    -0.38063996515986273110487178660086359036    0.051736312168852612008947039143624960538
  0.018992062018676296750119535544353692416    -0.50949603100933814837505976777217684621    -0.38063996515986273110487178660086359036    0.051736312168852612008947039143624960538
  -0.50949603100933814837505976777217684621    -0.50949603100933814837505976777217684621    -0.38063996515986273110487178660086359036    0.051736312168852612008947039143624960538
  -0.50949603100933814837505976777217684621    0.018992062018676296750119535544353692416     0.38063996515986273110487178660086359036    0.051736312168852612008947039143624960538
  0.018992062018676296750119535544353692416    -0.50949603100933814837505976777217684621     0.38063996515986273110487178660086359036    0.051736312168852612008947039143624960538
  -0.50949603100933814837505976777217684621    -0.50949603100933814837505976777217684621     0.38063996515986273110487178660086359036    0.051736312168852612008947039143624960538
  -0.49545869483442275972665440178852990588  -0.0090826103311544805466911964229401882435    -0.92044800974285119221294766004239036861     0.02544104096207628918632601055501330672
-0.0090826103311544805466911964229401882435    -0.49545869483442275972665440178852990588    -0.92044800974285119221294766004239036861     0.02544104096207628918632601055501330672
  -0.49545869483442275972665440178852990588    -0.49545869483442275972665440178852990588    -0.92044800974285119221294766004239036861     0.02544104096207628918632601055501330672
  -0.49545869483442275972665440178852990588  -0.0090826103311544805466911964229401882435     0.92044800974285119221294766004239036861     0.02544104096207628918632601055501330672
-0.0090826103311544805466911964229401882435    -0.49545869483442275972665440178852990588     0.92044800974285119221294766004239036861     0.02544104096207628918632601055501330672
  -0.49545869483442275972665440178852990588    -0.49545869483442275972665440178852990588     0.92044800974285119221294766004239036861     0.02544104096207628918632601055501330672
   -0.2006613223506313864370981292290834982     -0.5986773552987372271258037415418330036    -0.10871360826796012350048016222715659929    0.018878007538161801213740386874096064616
   -0.5986773552987372271258037415418330036     -0.2006613223506313864370981292290834982    -0.10871360826796012350048016222715659929    0.018878007538161801213740386874096064616
   -0.2006613223506313864370981292290834982     -0.2006613223506313864370981292290834982    -0.10871360826796012350048016222715659929    0.018878007538161801213740386874096064616
   -0.2006613223506313864370981292290834982     -0.5986773552987372271258037415418330036     0.10871360826796012350048016222715659929    0.018878007538161801213740386874096064616
   -0.5986773552987372271258037415418330036     -0.2006613223506313864370981292290834982     0.10871360826796012350048016222715659929    0.018878007538161801213740386874096064616
   -0.2006613223506313864370981292290834982     -0.2006613223506313864370981292290834982     0.10871360826796012350048016222715659929    0.018878007538161801213740386874096064616
  -0.15585184216879910696333351277526420882    -0.68829631566240178607333297444947158237    -0.64853463295581201776043979859644005582    0.049790833134136154128402339812770922561
  -0.68829631566240178607333297444947158237    -0.15585184216879910696333351277526420882    -0.64853463295581201776043979859644005582    0.049790833134136154128402339812770922561
  -0.15585184216879910696333351277526420882    -0.15585184216879910696333351277526420882    -0.64853463295581201776043979859644005582    0.049790833134136154128402339812770922561
  -0.15585184216879910696333351277526420882    -0.68829631566240178607333297444947158237     0.64853463295581201776043979859644005582    0.049790833134136154128402339812770922561
  -0.68829631566240178607333297444947158237    -0.15585184216879910696333351277526420882     0.64853463295581201776043979859644005582    0.049790833134136154128402339812770922561
  -0.15585184216879910696333351277526420882    -0.15585184216879910696333351277526420882     0.64853463295581201776043979859644005582    0.049790833134136154128402339812770922561
  -0.14457531425303857460828280107695845267    -0.71084937149392285078343439784608309466    -0.99535090453342881583457256618904956129   0.0092684491977366825301299718075931543705
  -0.71084937149392285078343439784608309466    -0.14457531425303857460828280107695845267    -0.99535090453342881583457256618904956129   0.0092684491977366825301299718075931543705
  -0.14457531425303857460828280107695845267    -0.14457531425303857460828280107695845267    -0.99535090453342881583457256618904956129   0.0092684491977366825301299718075931543705
  -0.14457531425303857460828280107695845267    -0.71084937149392285078343439784608309466     0.99535090453342881583457256618904956129   0.0092684491977366825301299718075931543705
  -0.71084937149392285078343439784608309466    -0.14457531425303857460828280107695845267     0.99535090453342881583457256618904956129   0.0092684491977366825301299718075931543705
  -0.14457531425303857460828280107695845267    -0.14457531425303857460828280107695845267     0.99535090453342881583457256618904956129   0.0092684491977366825301299718075931543705
 -0.045908648806756696564712282040790741073    -0.90818270238648660687057543591841851785    -0.85767447623700003909089485827487982504    0.019299371070116774754038300745879600038
  -0.90818270238648660687057543591841851785   -0.045908648806756696564712282040790741073    -0.85767447623700003909089485827487982504    0.019299371070116774754038300745879600038
 -0.045908648806756696564712282040790741073   -0.045908648806756696564712282040790741073    -0.85767447623700003909089485827487982504    0.019299371070116774754038300745879600038
 -0.045908648806756696564712282040790741073    -0.90818270238648660687057543591841851785     0.85767447623700003909089485827487982504    0.019299371070116774754038300745879600038
  -0.90818270238648660687057543591841851785   -0.045908648806756696564712282040790741073     0.85767447623700003909089485827487982504    0.019299371070116774754038300745879600038
 -0.045908648806756696564712282040790741073   -0.045908648806756696564712282040790741073     0.85767447623700003909089485827487982504    0.019299371070116774754038300745879600038
-0.0029390889052505810187950077493502395097    -0.99412182218949883796240998450129952098     -0.6443389803697008041315605928722674425   0.0085820044487454563506915475978634620777
  -0.99412182218949883796240998450129952098  -0.0029390889052505810187950077493502395097     -0.6443389803697008041315605928722674425   0.0085820044487454563506915475978634620777
-0.0029390889052505810187950077493502395097  -0.0029390889052505810187950077493502395097     -0.6443389803697008041315605928722674425   0.0085820044487454563506915475978634620777
-0.0029390889052505810187950077493502395097    -0.99412182218949883796240998450129952098      0.6443389803697008041315605928722674425   0.0085820044487454563506915475978634620777
  -0.99412182218949883796240998450129952098  -0.0029390889052505810187950077493502395097      0.6443389803697008041315605928722674425   0.0085820044487454563506915475978634620777
-0.0029390889052505810187950077493502395097  -0.0029390889052505810187950077493502395097      0.6443389803697008041315605928722674425   0.0085820044487454563506915475978634620777
  -0.59963335515905427183730753091521467245     0.59443471852090872606972966109304024076                                            0   0.0079399040803603234067656618923847341016
   0.59443471852090872606972966109304024076    -0.59963335515905427183730753091521467245                                            0   0.0079399040803603234067656618923847341016
  -0.99480136336185445423242213017782556831     0.59443471852090872606972966109304024076                                            0   0.0079399040803603234067656618923847341016
   0.59443471852090872606972966109304024076    -0.99480136336185445423242213017782556831                                            0   0.0079399040803603234067656618923847341016
  -0.99480136336185445423242213017782556831    -0.59963335515905427183730753091521467245                                            0   0.0079399040803603234067656618923847341016
  -0.59963335515905427183730753091521467245    -0.99480136336185445423242213017782556831                                            0   0.0079399040803603234067656618923847341016
  -0.23870192745642185378325841287997333991     0.22493560669777798962844040803864541033                                            0    0.013510994270072581807214861530263749474
   0.22493560669777798962844040803864541033    -0.23870192745642185378325841287997333991                                            0    0.013510994270072581807214861530263749474
  -0.98623367924135613584518199515867207042     0.22493560669777798962844040803864541033                                            0    0.013510994270072581807214861530263749474
   0.22493560669777798962844040803864541033    -0.98623367924135613584518199515867207042                                            0    0.013510994270072581807214861530263749474
  -0.98623367924135613584518199515867207042    -0.23870192745642185378325841287997333991                                            0    0.013510994270072581807214861530263749474
  -0.23870192745642185378325841287997333991    -0.98623367924135613584518199515867207042                                            0    0.013510994270072581807214861530263749474
  -0.56617383254336081024858852705537521834     0.33974260019493064554390202389420127907                                            0    0.027550668480609240393299700401126100117
   0.33974260019493064554390202389420127907    -0.56617383254336081024858852705537521834                                            0    0.027550668480609240393299700401126100117
  -0.77356876765156983529531349683882606073     0.33974260019493064554390202389420127907                                            0    0.027550668480609240393299700401126100117
   0.33974260019493064554390202389420127907    -0.77356876765156983529531349683882606073                                            0    0.027550668480609240393299700401126100117
  -0.77356876765156983529531349683882606073    -0.56617383254336081024858852705537521834                                            0    0.027550668480609240393299700401126100117
  -0.56617383254336081024858852705537521834    -0.77356876765156983529531349683882606073                                            0    0.027550668480609240393299700401126100117
  -0.32478448604182021390296557263215591507    0.055389238571952901967091554740552347414                                            0    0.039847291639221505475269194138873954472
  0.055389238571952901967091554740552347414    -0.32478448604182021390296557263215591507                                            0    0.039847291639221505475269194138873954472
  -0.73060475253013268806412598210839643234    0.055389238571952901967091554740552347414                                            0    0.039847291639221505475269194138873954472
  0.055389238571952901967091554740552347414    -0.73060475253013268806412598210839643234                                            0    0.039847291639221505475269194138873954472
  -0.73060475253013268806412598210839643234    -0.32478448604182021390296557263215591507                                            0    0.039847291639221505475269194138873954472
  -0.32478448604182021390296557263215591507    -0.73060475253013268806412598210839643234                                            0    0.039847291639221505475269194138873954472
  -0.83268112842372179520341067382077563115      0.8121543982787872586974100014327763028    -0.43846922110033367640535198048812354479   0.0087856206255781889395449023363484478139
    0.8121543982787872586974100014327763028    -0.83268112842372179520341067382077563115    -0.43846922110033367640535198048812354479   0.0087856206255781889395449023363484478139
  -0.97947326985506546349399932761200067165      0.8121543982787872586974100014327763028    -0.43846922110033367640535198048812354479   0.0087856206255781889395449023363484478139
    0.8121543982787872586974100014327763028    -0.97947326985506546349399932761200067165    -0.43846922110033367640535198048812354479   0.0087856206255781889395449023363484478139
  -0.97947326985506546349399932761200067165    -0.83268112842372179520341067382077563115    -0.43846922110033367640535198048812354479   0.0087856206255781889395449023363484478139
  -0.83268112842372179520341067382077563115    -0.97947326985506546349399932761200067165    -0.43846922110033367640535198048812354479   0.0087856206255781889395449023363484478139
  -0.83268112842372179520341067382077563115      0.8121543982787872586974100014327763028     0.43846922110033367640535198048812354479   0.0087856206255781889395449023363484478139
    0.8121543982787872586974100014327763028    -0.83268112842372179520341067382077563115     0.43846922110033367640535198048812354479   0.0087856206255781889395449023363484478139
  -0.97947326985506546349399932761200067165      0.8121543982787872586974100014327763028     0.43846922110033367640535198048812354479   0.0087856206255781889395449023363484478139
    0.8121543982787872586974100014327763028    -0.97947326985506546349399932761200067165     0.43846922110033367640535198048812354479   0.0087856206255781889395449023363484478139
  -0.97947326985506546349399932761200067165    -0.83268112842372179520341067382077563115     0.43846922110033367640535198048812354479   0.0087856206255781889395449023363484478139
  -0.83268112842372179520341067382077563115    -0.97947326985506546349399932761200067165     0.43846922110033367640535198048812354479   0.0087856206255781889395449023363484478139
  -0.31725800157754693645493612288497533902     0.29188801447460938799951052314931628713    -0.97195974485593319858551999088781988825   0.0041243438942335307601936765755605449474
   0.29188801447460938799951052314931628713    -0.31725800157754693645493612288497533902    -0.97195974485593319858551999088781988825   0.0041243438942335307601936765755605449474
  -0.97463001289706245154457440026434094811     0.29188801447460938799951052314931628713    -0.97195974485593319858551999088781988825   0.0041243438942335307601936765755605449474
   0.29188801447460938799951052314931628713    -0.97463001289706245154457440026434094811    -0.97195974485593319858551999088781988825   0.0041243438942335307601936765755605449474
  -0.97463001289706245154457440026434094811    -0.31725800157754693645493612288497533902    -0.97195974485593319858551999088781988825   0.0041243438942335307601936765755605449474
  -0.31725800157754693645493612288497533902    -0.97463001289706245154457440026434094811    -0.97195974485593319858551999088781988825   0.0041243438942335307601936765755605449474
  -0.31725800157754693645493612288497533902     0.29188801447460938799951052314931628713     0.97195974485593319858551999088781988825   0.0041243438942335307601936765755605449474
   0.29188801447460938799951052314931628713    -0.31725800157754693645493612288497533902     0.97195974485593319858551999088781988825   0.0041243438942335307601936765755605449474
  -0.97463001289706245154457440026434094811     0.29188801447460938799951052314931628713     0.97195974485593319858551999088781988825   0.0041243438942335307601936765755605449474
   0.29188801447460938799951052314931628713    -0.97463001289706245154457440026434094811     0.97195974485593319858551999088781988825   0.0041243438942335307601936765755605449474
  -0.97463001289706245154457440026434094811    -0.31725800157754693645493612288497533902     0.97195974485593319858551999088781988825   0.0041243438942335307601936765755605449474
  -0.31725800157754693645493612288497533902    -0.97463001289706245154457440026434094811     0.97195974485593319858551999088781988825   0.0041243438942335307601936765755605449474
  -0.46277204110449142468033552084669273912     0.42448067468184751479926536315397859235    -0.65267194329248453393090440345711531071    0.016919404632363758349674166870850473837
   0.42448067468184751479926536315397859235    -0.46277204110449142468033552084669273912    -0.65267194329248453393090440345711531071    0.016919404632363758349674166870850473837
  -0.96170863357735609011892984230728585323     0.42448067468184751479926536315397859235    -0.65267194329248453393090440345711531071    0.016919404632363758349674166870850473837
   0.42448067468184751479926536315397859235    -0.96170863357735609011892984230728585323    -0.65267194329248453393090440345711531071    0.016919404632363758349674166870850473837
  -0.96170863357735609011892984230728585323    -0.46277204110449142468033552084669273912    -0.65267194329248453393090440345711531071    0.016919404632363758349674166870850473837
  -0.46277204110449142468033552084669273912    -0.96170863357735609011892984230728585323    -0.65267194329248453393090440345711531071    0.016919404632363758349674166870850473837
  -0.46277204110449142468033552084669273912     0.42448067468184751479926536315397859235     0.65267194329248453393090440345711531071    0.016919404632363758349674166870850473837
   0.42448067468184751479926536315397859235    -0.46277204110449142468033552084669273912     0.65267194329248453393090440345711531071    0.016919404632363758349674166870850473837
  -0.96170863357735609011892984230728585323     0.42448067468184751479926536315397859235     0.65267194329248453393090440345711531071    0.016919404632363758349674166870850473837
   0.42448067468184751479926536315397859235    -0.96170863357735609011892984230728585323     0.65267194329248453393090440345711531071    0.016919404632363758349674166870850473837
  -0.96170863357735609011892984230728585323    -0.46277204110449142468033552084669273912     0.65267194329248453393090440345711531071    0.016919404632363758349674166870850473837
  -0.46277204110449142468033552084669273912    -0.96170863357735609011892984230728585323     0.65267194329248453393090440345711531071    0.016919404632363758349674166870850473837
  -0.72426063152776588045110925219959161057     0.68558002500310352216995456045244887641     -0.8856579063344653433287983167874703303    0.008286084963851332310640949920595475565
   0.68558002500310352216995456045244887641    -0.72426063152776588045110925219959161057     -0.8856579063344653433287983167874703303    0.008286084963851332310640949920595475565
  -0.96131939347533764171884530825285726584     0.68558002500310352216995456045244887641     -0.8856579063344653433287983167874703303    0.008286084963851332310640949920595475565
   0.68558002500310352216995456045244887641    -0.96131939347533764171884530825285726584     -0.8856579063344653433287983167874703303    0.008286084963851332310640949920595475565
  -0.96131939347533764171884530825285726584    -0.72426063152776588045110925219959161057     -0.8856579063344653433287983167874703303    0.008286084963851332310640949920595475565
  -0.72426063152776588045110925219959161057    -0.96131939347533764171884530825285726584     -0.8856579063344653433287983167874703303    0.008286084963851332310640949920595475565
  -0.72426063152776588045110925219959161057     0.68558002500310352216995456045244887641      0.8856579063344653433287983167874703303    0.008286084963851332310640949920595475565
   0.68558002500310352216995456045244887641    -0.72426063152776588045110925219959161057      0.8856579063344653433287983167874703303    0.008286084963851332310640949920595475565
  -0.96131939347533764171884530825285726584     0.68558002500310352216995456045244887641      0.8856579063344653433287983167874703303    0.008286084963851332310640949920595475565
   0.68558002500310352216995456045244887641    -0.96131939347533764171884530825285726584      0.8856579063344653433287983167874703303    0.008286084963851332310640949920595475565
  -0.96131939347533764171884530825285726584    -0.72426063152776588045110925219959161057      0.8856579063344653433287983167874703303    0.008286084963851332310640949920595475565
  -0.72426063152776588045110925219959161057    -0.96131939347533764171884530825285726584      0.8856579063344653433287983167874703303    0.008286084963851332310640949920595475565
  -0.62892811142901452978834370718243111144     0.52834716997222452023652900726914528788    -0.30822028138475822609723953497238300917    0.024187217536697949497652135224376978895
   0.52834716997222452023652900726914528788    -0.62892811142901452978834370718243111144    -0.30822028138475822609723953497238300917    0.024187217536697949497652135224376978895
  -0.89941905854320999044818530008671417644     0.52834716997222452023652900726914528788    -0.30822028138475822609723953497238300917    0.024187217536697949497652135224376978895
   0.52834716997222452023652900726914528788    -0.89941905854320999044818530008671417644    -0.30822028138475822609723953497238300917    0.024187217536697949497652135224376978895
  -0.89941905854320999044818530008671417644    -0.62892811142901452978834370718243111144    -0.30822028138475822609723953497238300917    0.024187217536697949497652135224376978895
  -0.62892811142901452978834370718243111144    -0.89941905854320999044818530008671417644    -0.30822028138475822609723953497238300917    0.024187217536697949497652135224376978895
  -0.62892811142901452978834370718243111144     0.52834716997222452023652900726914528788     0.30822028138475822609723953497238300917    0.024187217536697949497652135224376978895
   0.52834716997222452023652900726914528788    -0.62892811142901452978834370718243111144     0.30822028138475822609723953497238300917    0.024187217536697949497652135224376978895
  -0.89941905854320999044818530008671417644     0.52834716997222452023652900726914528788     0.30822028138475822609723953497238300917    0.024187217536697949497652135224376978895
   0.52834716997222452023652900726914528788    -0.89941905854320999044818530008671417644     0.30822028138475822609723953497238300917    0.024187217536697949497652135224376978895
  -0.89941905854320999044818530008671417644    -0.62892811142901452978834370718243111144     0.30822028138475822609723953497238300917    0.024187217536697949497652135224376978895
  -0.62892811142901452978834370718243111144    -0.89941905854320999044818530008671417644     0.30822028138475822609723953497238300917    0.024187217536697949497652135224376978895
  -0.23536943071992141100747473978727352165     0.13000649785005820904952409704931575766    -0.34685105863637940481905413121026262254     0.03469578727274642877828581548402806408
   0.13000649785005820904952409704931575766    -0.23536943071992141100747473978727352165    -0.34685105863637940481905413121026262254     0.03469578727274642877828581548402806408
  -0.89463706713013679804204935726204223601     0.13000649785005820904952409704931575766    -0.34685105863637940481905413121026262254     0.03469578727274642877828581548402806408
   0.13000649785005820904952409704931575766    -0.89463706713013679804204935726204223601    -0.34685105863637940481905413121026262254     0.03469578727274642877828581548402806408
  -0.89463706713013679804204935726204223601    -0.23536943071992141100747473978727352165    -0.34685105863637940481905413121026262254     0.03469578727274642877828581548402806408
  -0.23536943071992141100747473978727352165    -0.89463706713013679804204935726204223601    -0.34685105863637940481905413121026262254     0.03469578727274642877828581548402806408
  -0.23536943071992141100747473978727352165     0.13000649785005820904952409704931575766     0.34685105863637940481905413121026262254     0.03469578727274642877828581548402806408
   0.13000649785005820904952409704931575766    -0.23536943071992141100747473978727352165     0.34685105863637940481905413121026262254     0.03469578727274642877828581548402806408
  -0.89463706713013679804204935726204223601     0.13000649785005820904952409704931575766     0.34685105863637940481905413121026262254     0.03469578727274642877828581548402806408
   0.13000649785005820904952409704931575766    -0.89463706713013679804204935726204223601     0.34685105863637940481905413121026262254     0.03469578727274642877828581548402806408
  -0.89463706713013679804204935726204223601    -0.23536943071992141100747473978727352165     0.34685105863637940481905413121026262254     0.03469578727274642877828581548402806408
  -0.23536943071992141100747473978727352165    -0.89463706713013679804204935726204223601     0.34685105863637940481905413121026262254     0.03469578727274642877828581548402806408
  -0.66081981080947183281480576451014645452     0.48635409223576198980747773097054637342      -0.982206044184713591859377978272161615   0.0052337085229826491665172833604367270625
   0.48635409223576198980747773097054637342    -0.66081981080947183281480576451014645452      -0.982206044184713591859377978272161615   0.0052337085229826491665172833604367270625
  -0.82553428142629015699267196646039991891     0.48635409223576198980747773097054637342      -0.982206044184713591859377978272161615   0.0052337085229826491665172833604367270625
   0.48635409223576198980747773097054637342    -0.82553428142629015699267196646039991891      -0.982206044184713591859377978272161615   0.0052337085229826491665172833604367270625
  -0.82553428142629015699267196646039991891    -0.66081981080947183281480576451014645452      -0.982206044184713591859377978272161615   0.0052337085229826491665172833604367270625
  -0.66081981080947183281480576451014645452    -0.82553428142629015699267196646039991891      -0.982206044184713591859377978272161615   0.0052337085229826491665172833604367270625
  -0.66081981080947183281480576451014645452     0.48635409223576198980747773097054637342       0.982206044184713591859377978272161615   0.0052337085229826491665172833604367270625
   0.48635409223576198980747773097054637342    -0.66081981080947183281480576451014645452       0.982206044184713591859377978272161615   0.0052337085229826491665172833604367270625
  -0.82553428142629015699267196646039991891     0.48635409223576198980747773097054637342       0.982206044184713591859377978272161615   0.0052337085229826491665172833604367270625
   0.48635409223576198980747773097054637342    -0.82553428142629015699267196646039991891       0.982206044184713591859377978272161615   0.0052337085229826491665172833604367270625
  -0.82553428142629015699267196646039991891    -0.66081981080947183281480576451014645452       0.982206044184713591859377978272161615   0.0052337085229826491665172833604367270625
  -0.66081981080947183281480576451014645452    -0.82553428142629015699267196646039991891       0.982206044184713591859377978272161615   0.0052337085229826491665172833604367270625
  -0.43098737442948588093219457729810311661     0.25224121565103720529689001943972574575    -0.87453419284099786139730096626030089092    0.018444576707754738131718920083195715949
   0.25224121565103720529689001943972574575    -0.43098737442948588093219457729810311661    -0.87453419284099786139730096626030089092    0.018444576707754738131718920083195715949
  -0.82125384122155132436469544214162262915     0.25224121565103720529689001943972574575    -0.87453419284099786139730096626030089092    0.018444576707754738131718920083195715949
   0.25224121565103720529689001943972574575    -0.82125384122155132436469544214162262915    -0.87453419284099786139730096626030089092    0.018444576707754738131718920083195715949
  -0.82125384122155132436469544214162262915    -0.43098737442948588093219457729810311661    -0.87453419284099786139730096626030089092    0.018444576707754738131718920083195715949
  -0.43098737442948588093219457729810311661    -0.82125384122155132436469544214162262915    -0.87453419284099786139730096626030089092    0.018444576707754738131718920083195715949
  -0.43098737442948588093219457729810311661     0.25224121565103720529689001943972574575     0.87453419284099786139730096626030089092    0.018444576707754738131718920083195715949
   0.25224121565103720529689001943972574575    -0.43098737442948588093219457729810311661     0.87453419284099786139730096626030089092    0.018444576707754738131718920083195715949
  -0.82125384122155132436469544214162262915     0.25224121565103720529689001943972574575     0.87453419284099786139730096626030089092    0.018444576707754738131718920083195715949
   0.25224121565103720529689001943972574575    -0.82125384122155132436469544214162262915     0.87453419284099786139730096626030089092    0.018444576707754738131718920083195715949
  -0.82125384122155132436469544214162262915    -0.43098737442948588093219457729810311661     0.87453419284099786139730096626030089092    0.018444576707754738131718920083195715949
  -0.43098737442948588093219457729810311661    -0.82125384122155132436469544214162262915     0.87453419284099786139730096626030089092    0.018444576707754738131718920083195715949
   -0.4748857068495063931463327218358922416     0.21461514819664376581155630794354428397     -0.6317426418196324127331594873683609323    0.023510820225972682464582167570233682462
   0.21461514819664376581155630794354428397     -0.4748857068495063931463327218358922416     -0.6317426418196324127331594873683609323    0.023510820225972682464582167570233682462
  -0.73972944134713737266522358610765204237     0.21461514819664376581155630794354428397     -0.6317426418196324127331594873683609323    0.023510820225972682464582167570233682462
   0.21461514819664376581155630794354428397    -0.73972944134713737266522358610765204237     -0.6317426418196324127331594873683609323    0.023510820225972682464582167570233682462
  -0.73972944134713737266522358610765204237     -0.4748857068495063931463327218358922416     -0.6317426418196324127331594873683609323    0.023510820225972682464582167570233682462
   -0.4748857068495063931463327218358922416    -0.73972944134713737266522358610765204237     -0.6317426418196324127331594873683609323    0.023510820225972682464582167570233682462
   -0.4748857068495063931463327218358922416     0.21461514819664376581155630794354428397      0.6317426418196324127331594873683609323    0.023510820225972682464582167570233682462
   0.21461514819664376581155630794354428397     -0.4748857068495063931463327218358922416      0.6317426418196324127331594873683609323    0.023510820225972682464582167570233682462
  -0.73972944134713737266522358610765204237     0.21461514819664376581155630794354428397      0.6317426418196324127331594873683609323    0.023510820225972682464582167570233682462
   0.21461514819664376581155630794354428397    -0.73972944134713737266522358610765204237      0.6317426418196324127331594873683609323    0.023510820225972682464582167570233682462
  -0.73972944134713737266522358610765204237     -0.4748857068495063931463327218358922416      0.6317426418196324127331594873683609323    0.023510820225972682464582167570233682462
   -0.4748857068495063931463327218358922416    -0.73972944134713737266522358610765204237      0.6317426418196324127331594873683609323    0.023510820225972682464582167570233682462

