  -0.33333333333333333333333333333333333333    -0.33333333333333333333333333333333333333     -0.3275584056523204051533961310064286361    0.085584357376408461692614467224367370073
  -0.33333333333333333333333333333333333333    -0.33333333333333333333333333333333333333      0.3275584056523204051533961310064286361    0.085584357376408461692614467224367370073
  -0.94160781445698376757970484735625839038     0.88321562891396753515940969471251678076                                            0    0.014906261610520766860132328649203266476
   0.88321562891396753515940969471251678076    -0.94160781445698376757970484735625839038                                            0    0.014906261610520766860132328649203266476
  -0.94160781445698376757970484735625839038    -0.94160781445698376757970484735625839038                                            0    0.014906261610520766860132328649203266476
  -0.75694576904757600347481761021911744915      0.5138915380951520069496352204382348983                                            0    0.046854769022670981160674196804143913783
    0.5138915380951520069496352204382348983    -0.75694576904757600347481761021911744915                                            0    0.046854769022670981160674196804143913783
  -0.75694576904757600347481761021911744915    -0.75694576904757600347481761021911744915                                            0    0.046854769022670981160674196804143913783
  -0.59992507683233352532726067441140032972     0.19985015366466705065452134882280065944                                            0     0.06484339242086639876374320172502163223
   0.19985015366466705065452134882280065944    -0.59992507683233352532726067441140032972                                            0     0.06484339242086639876374320172502163223
  -0.59992507683233352532726067441140032972    -0.59992507683233352532726067441140032972                                            0     0.06484339242086639876374320172502163223
 -0.038298661066222280715538943016874729335    -0.92340267786755543856892211396625054133                                            0     0.01459631487678560647937868113084429545
  -0.92340267786755543856892211396625054133   -0.038298661066222280715538943016874729335                                            0     0.01459631487678560647937868113084429545
 -0.038298661066222280715538943016874729335   -0.038298661066222280715538943016874729335                                            0     0.01459631487678560647937868113084429545
  -0.95659079922357964656108414001583743787     0.91318159844715929312216828003167487574    -0.66816169107602499620587056967678622144   0.0079716641628356535325450660809156445348
   0.91318159844715929312216828003167487574    -0.95659079922357964656108414001583743787    -0.66816169107602499620587056967678622144   0.0079716641628356535325450660809156445348
  -0.95659079922357964656108414001583743787    -0.95659079922357964656108414001583743787    -0.66816169107602499620587056967678622144   0.0079716641628356535325450660809156445348
  -0.95659079922357964656108414001583743787     0.91318159844715929312216828003167487574     0.66816169107602499620587056967678622144   0.0079716641628356535325450660809156445348
   0.91318159844715929312216828003167487574    -0.95659079922357964656108414001583743787     0.66816169107602499620587056967678622144   0.0079716641628356535325450660809156445348
  -0.95659079922357964656108414001583743787    -0.95659079922357964656108414001583743787     0.66816169107602499620587056967678622144   0.0079716641628356535325450660809156445348
  -0.79172535932611200963177844951580027742     0.58345071865222401926355689903160055484    -0.75991386839265275809651975344651113566    0.035906703292005719519268184448846990133
   0.58345071865222401926355689903160055484    -0.79172535932611200963177844951580027742    -0.75991386839265275809651975344651113566    0.035906703292005719519268184448846990133
  -0.79172535932611200963177844951580027742    -0.79172535932611200963177844951580027742    -0.75991386839265275809651975344651113566    0.035906703292005719519268184448846990133
  -0.79172535932611200963177844951580027742     0.58345071865222401926355689903160055484     0.75991386839265275809651975344651113566    0.035906703292005719519268184448846990133
   0.58345071865222401926355689903160055484    -0.79172535932611200963177844951580027742     0.75991386839265275809651975344651113566    0.035906703292005719519268184448846990133
  -0.79172535932611200963177844951580027742    -0.79172535932611200963177844951580027742     0.75991386839265275809651975344651113566    0.035906703292005719519268184448846990133
  -0.51436856629295579395679494139834617038    0.028737132585911587913589882796692340767    -0.68665198725333177267189658145240180791    0.076881828607687598108957818503998296024
  0.028737132585911587913589882796692340767    -0.51436856629295579395679494139834617038    -0.68665198725333177267189658145240180791    0.076881828607687598108957818503998296024
  -0.51436856629295579395679494139834617038    -0.51436856629295579395679494139834617038    -0.68665198725333177267189658145240180791    0.076881828607687598108957818503998296024
  -0.51436856629295579395679494139834617038    0.028737132585911587913589882796692340767     0.68665198725333177267189658145240180791    0.076881828607687598108957818503998296024
  0.028737132585911587913589882796692340767    -0.51436856629295579395679494139834617038     0.68665198725333177267189658145240180791    0.076881828607687598108957818503998296024
  -0.51436856629295579395679494139834617038    -0.51436856629295579395679494139834617038     0.68665198725333177267189658145240180791    0.076881828607687598108957818503998296024
  -0.21792049521201576780396371581843256644    -0.56415900957596846439207256836313486713    -0.94112308384811823813335053936909391648    0.023722488747557141398330309434219634315
  -0.56415900957596846439207256836313486713    -0.21792049521201576780396371581843256644    -0.94112308384811823813335053936909391648    0.023722488747557141398330309434219634315
  -0.21792049521201576780396371581843256644    -0.21792049521201576780396371581843256644    -0.94112308384811823813335053936909391648    0.023722488747557141398330309434219634315
  -0.21792049521201576780396371581843256644    -0.56415900957596846439207256836313486713     0.94112308384811823813335053936909391648    0.023722488747557141398330309434219634315
  -0.56415900957596846439207256836313486713    -0.21792049521201576780396371581843256644     0.94112308384811823813335053936909391648    0.023722488747557141398330309434219634315
  -0.21792049521201576780396371581843256644    -0.21792049521201576780396371581843256644     0.94112308384811823813335053936909391648    0.023722488747557141398330309434219634315
  -0.15264377900057291884669719962278793292    -0.69471244199885416230660560075442413417    -0.21882726636932702998673443300214223279    0.068991712874057103004728325675091212964
  -0.69471244199885416230660560075442413417    -0.15264377900057291884669719962278793292    -0.21882726636932702998673443300214223279    0.068991712874057103004728325675091212964
  -0.15264377900057291884669719962278793292    -0.15264377900057291884669719962278793292    -0.21882726636932702998673443300214223279    0.068991712874057103004728325675091212964
  -0.15264377900057291884669719962278793292    -0.69471244199885416230660560075442413417     0.21882726636932702998673443300214223279    0.068991712874057103004728325675091212964
  -0.69471244199885416230660560075442413417    -0.15264377900057291884669719962278793292     0.21882726636932702998673443300214223279    0.068991712874057103004728325675091212964
  -0.15264377900057291884669719962278793292    -0.15264377900057291884669719962278793292     0.21882726636932702998673443300214223279    0.068991712874057103004728325675091212964
 -0.085895730413426550080490681032414049856    -0.82820853917314689983901863793517190029    -0.82036418834298667295087036415887617047    0.040637154338618139062234698992344395056
  -0.82820853917314689983901863793517190029   -0.085895730413426550080490681032414049856    -0.82036418834298667295087036415887617047    0.040637154338618139062234698992344395056
 -0.085895730413426550080490681032414049856   -0.085895730413426550080490681032414049856    -0.82036418834298667295087036415887617047    0.040637154338618139062234698992344395056
 -0.085895730413426550080490681032414049856    -0.82820853917314689983901863793517190029     0.82036418834298667295087036415887617047    0.040637154338618139062234698992344395056
  -0.82820853917314689983901863793517190029   -0.085895730413426550080490681032414049856     0.82036418834298667295087036415887617047    0.040637154338618139062234698992344395056
 -0.085895730413426550080490681032414049856   -0.085895730413426550080490681032414049856     0.82036418834298667295087036415887617047    0.040637154338618139062234698992344395056
 -0.024177852418298317591541548733283929535    -0.95164429516340336481691690253343214093    -0.51383946943299600209838655927010093151    0.031220318513765643459934980814133900014
  -0.95164429516340336481691690253343214093   -0.024177852418298317591541548733283929535    -0.51383946943299600209838655927010093151    0.031220318513765643459934980814133900014
 -0.024177852418298317591541548733283929535   -0.024177852418298317591541548733283929535    -0.51383946943299600209838655927010093151    0.031220318513765643459934980814133900014
 -0.024177852418298317591541548733283929535    -0.95164429516340336481691690253343214093     0.51383946943299600209838655927010093151    0.031220318513765643459934980814133900014
  -0.95164429516340336481691690253343214093   -0.024177852418298317591541548733283929535     0.51383946943299600209838655927010093151    0.031220318513765643459934980814133900014
 -0.024177852418298317591541548733283929535   -0.024177852418298317591541548733283929535     0.51383946943299600209838655927010093151    0.031220318513765643459934980814133900014
-0.0017419211661816838468450456036869040347    -0.99651615766763663230630990879262619193    -0.98769711926307044550807785288329074369   0.0042116518664405090066663063862358276099
  -0.99651615766763663230630990879262619193  -0.0017419211661816838468450456036869040347    -0.98769711926307044550807785288329074369   0.0042116518664405090066663063862358276099
-0.0017419211661816838468450456036869040347  -0.0017419211661816838468450456036869040347    -0.98769711926307044550807785288329074369   0.0042116518664405090066663063862358276099
-0.0017419211661816838468450456036869040347    -0.99651615766763663230630990879262619193     0.98769711926307044550807785288329074369   0.0042116518664405090066663063862358276099
  -0.99651615766763663230630990879262619193  -0.0017419211661816838468450456036869040347     0.98769711926307044550807785288329074369   0.0042116518664405090066663063862358276099
-0.0017419211661816838468450456036869040347  -0.0017419211661816838468450456036869040347     0.98769711926307044550807785288329074369   0.0042116518664405090066663063862358276099
   -0.3498977450210527799666627797270241641     0.31007831052147828727130397526575522637                                            0    0.033986338962213765492291200861961881965
   0.31007831052147828727130397526575522637     -0.3498977450210527799666627797270241641                                            0    0.033986338962213765492291200861961881965
  -0.96018056550042550730464119553873106226     0.31007831052147828727130397526575522637                                            0    0.033986338962213765492291200861961881965
   0.31007831052147828727130397526575522637    -0.96018056550042550730464119553873106226                                            0    0.033986338962213765492291200861961881965
  -0.96018056550042550730464119553873106226     -0.3498977450210527799666627797270241641                                            0    0.033986338962213765492291200861961881965
   -0.3498977450210527799666627797270241641    -0.96018056550042550730464119553873106226                                            0    0.033986338962213765492291200861961881965
  -0.81199448947627977663391101120713755238     0.78448229225511904147800958740996726792    -0.94967173918209522778005269060618984607   0.0052141089410129299244533279598265161553
   0.78448229225511904147800958740996726792    -0.81199448947627977663391101120713755238    -0.94967173918209522778005269060618984607   0.0052141089410129299244533279598265161553
  -0.97248780277883926484409857620282971553     0.78448229225511904147800958740996726792    -0.94967173918209522778005269060618984607   0.0052141089410129299244533279598265161553
   0.78448229225511904147800958740996726792    -0.97248780277883926484409857620282971553    -0.94967173918209522778005269060618984607   0.0052141089410129299244533279598265161553
  -0.97248780277883926484409857620282971553    -0.81199448947627977663391101120713755238    -0.94967173918209522778005269060618984607   0.0052141089410129299244533279598265161553
  -0.81199448947627977663391101120713755238    -0.97248780277883926484409857620282971553    -0.94967173918209522778005269060618984607   0.0052141089410129299244533279598265161553
  -0.81199448947627977663391101120713755238     0.78448229225511904147800958740996726792     0.94967173918209522778005269060618984607   0.0052141089410129299244533279598265161553
   0.78448229225511904147800958740996726792    -0.81199448947627977663391101120713755238     0.94967173918209522778005269060618984607   0.0052141089410129299244533279598265161553
  -0.97248780277883926484409857620282971553     0.78448229225511904147800958740996726792     0.94967173918209522778005269060618984607   0.0052141089410129299244533279598265161553
   0.78448229225511904147800958740996726792    -0.97248780277883926484409857620282971553     0.94967173918209522778005269060618984607   0.0052141089410129299244533279598265161553
  -0.97248780277883926484409857620282971553    -0.81199448947627977663391101120713755238     0.94967173918209522778005269060618984607   0.0052141089410129299244533279598265161553
  -0.81199448947627977663391101120713755238    -0.97248780277883926484409857620282971553     0.94967173918209522778005269060618984607   0.0052141089410129299244533279598265161553
   -0.4526038722077590139004635693701715847     0.42441124199796774122711290475250276993     -0.7906082236558775463885855070512780379    0.016824420319714160278956917950939519951
   0.42441124199796774122711290475250276993     -0.4526038722077590139004635693701715847     -0.7906082236558775463885855070512780379    0.016824420319714160278956917950939519951
  -0.97180736979020872732664933538233118523     0.42441124199796774122711290475250276993     -0.7906082236558775463885855070512780379    0.016824420319714160278956917950939519951
   0.42441124199796774122711290475250276993    -0.97180736979020872732664933538233118523     -0.7906082236558775463885855070512780379    0.016824420319714160278956917950939519951
  -0.97180736979020872732664933538233118523     -0.4526038722077590139004635693701715847     -0.7906082236558775463885855070512780379    0.016824420319714160278956917950939519951
   -0.4526038722077590139004635693701715847    -0.97180736979020872732664933538233118523     -0.7906082236558775463885855070512780379    0.016824420319714160278956917950939519951
   -0.4526038722077590139004635693701715847     0.42441124199796774122711290475250276993      0.7906082236558775463885855070512780379    0.016824420319714160278956917950939519951
   0.42441124199796774122711290475250276993     -0.4526038722077590139004635693701715847      0.7906082236558775463885855070512780379    0.016824420319714160278956917950939519951
  -0.97180736979020872732664933538233118523     0.42441124199796774122711290475250276993      0.7906082236558775463885855070512780379    0.016824420319714160278956917950939519951
   0.42441124199796774122711290475250276993    -0.97180736979020872732664933538233118523      0.7906082236558775463885855070512780379    0.016824420319714160278956917950939519951
  -0.97180736979020872732664933538233118523     -0.4526038722077590139004635693701715847      0.7906082236558775463885855070512780379    0.016824420319714160278956917950939519951
   -0.4526038722077590139004635693701715847    -0.97180736979020872732664933538233118523      0.7906082236558775463885855070512780379    0.016824420319714160278956917950939519951
  -0.72682499016258217642173935159198391384     0.67892944371177551075005505970726907396      -0.374616332489202244396164474189148931    0.026126009811373065709427400773828345756
   0.67892944371177551075005505970726907396    -0.72682499016258217642173935159198391384      -0.374616332489202244396164474189148931    0.026126009811373065709427400773828345756
  -0.95210445354919333432831570811528516012     0.67892944371177551075005505970726907396      -0.374616332489202244396164474189148931    0.026126009811373065709427400773828345756
   0.67892944371177551075005505970726907396    -0.95210445354919333432831570811528516012      -0.374616332489202244396164474189148931    0.026126009811373065709427400773828345756
  -0.95210445354919333432831570811528516012    -0.72682499016258217642173935159198391384      -0.374616332489202244396164474189148931    0.026126009811373065709427400773828345756
  -0.72682499016258217642173935159198391384    -0.95210445354919333432831570811528516012      -0.374616332489202244396164474189148931    0.026126009811373065709427400773828345756
  -0.72682499016258217642173935159198391384     0.67892944371177551075005505970726907396       0.374616332489202244396164474189148931    0.026126009811373065709427400773828345756
   0.67892944371177551075005505970726907396    -0.72682499016258217642173935159198391384       0.374616332489202244396164474189148931    0.026126009811373065709427400773828345756
  -0.95210445354919333432831570811528516012     0.67892944371177551075005505970726907396       0.374616332489202244396164474189148931    0.026126009811373065709427400773828345756
   0.67892944371177551075005505970726907396    -0.95210445354919333432831570811528516012       0.374616332489202244396164474189148931    0.026126009811373065709427400773828345756
  -0.95210445354919333432831570811528516012    -0.72682499016258217642173935159198391384       0.374616332489202244396164474189148931    0.026126009811373065709427400773828345756
  -0.72682499016258217642173935159198391384    -0.95210445354919333432831570811528516012       0.374616332489202244396164474189148931    0.026126009811373065709427400773828345756
  -0.45120271244647421525253725014030155563     0.27141286824392035226334982601453424017    -0.44802590976933029771176891935456976779     0.05485478486100465039088685943295741832
   0.27141286824392035226334982601453424017    -0.45120271244647421525253725014030155563    -0.44802590976933029771176891935456976779     0.05485478486100465039088685943295741832
  -0.82021015579744613701081257587423268454     0.27141286824392035226334982601453424017    -0.44802590976933029771176891935456976779     0.05485478486100465039088685943295741832
   0.27141286824392035226334982601453424017    -0.82021015579744613701081257587423268454    -0.44802590976933029771176891935456976779     0.05485478486100465039088685943295741832
  -0.82021015579744613701081257587423268454    -0.45120271244647421525253725014030155563    -0.44802590976933029771176891935456976779     0.05485478486100465039088685943295741832
  -0.45120271244647421525253725014030155563    -0.82021015579744613701081257587423268454    -0.44802590976933029771176891935456976779     0.05485478486100465039088685943295741832
  -0.45120271244647421525253725014030155563     0.27141286824392035226334982601453424017     0.44802590976933029771176891935456976779     0.05485478486100465039088685943295741832
   0.27141286824392035226334982601453424017    -0.45120271244647421525253725014030155563     0.44802590976933029771176891935456976779     0.05485478486100465039088685943295741832
  -0.82021015579744613701081257587423268454     0.27141286824392035226334982601453424017     0.44802590976933029771176891935456976779     0.05485478486100465039088685943295741832
   0.27141286824392035226334982601453424017    -0.82021015579744613701081257587423268454     0.44802590976933029771176891935456976779     0.05485478486100465039088685943295741832
  -0.82021015579744613701081257587423268454    -0.45120271244647421525253725014030155563     0.44802590976933029771176891935456976779     0.05485478486100465039088685943295741832
  -0.45120271244647421525253725014030155563    -0.82021015579744613701081257587423268454     0.44802590976933029771176891935456976779     0.05485478486100465039088685943295741832
   -0.4976534183420941985347626025831480771     0.30619445981171350395474101845392771737    -0.95749805782317924137347849246068642925    0.018984834672192208805712535002209803179
   0.30619445981171350395474101845392771737     -0.4976534183420941985347626025831480771    -0.95749805782317924137347849246068642925    0.018984834672192208805712535002209803179
  -0.80854104146961930541997841587077964028     0.30619445981171350395474101845392771737    -0.95749805782317924137347849246068642925    0.018984834672192208805712535002209803179
   0.30619445981171350395474101845392771737    -0.80854104146961930541997841587077964028    -0.95749805782317924137347849246068642925    0.018984834672192208805712535002209803179
  -0.80854104146961930541997841587077964028     -0.4976534183420941985347626025831480771    -0.95749805782317924137347849246068642925    0.018984834672192208805712535002209803179
   -0.4976534183420941985347626025831480771    -0.80854104146961930541997841587077964028    -0.95749805782317924137347849246068642925    0.018984834672192208805712535002209803179
   -0.4976534183420941985347626025831480771     0.30619445981171350395474101845392771737     0.95749805782317924137347849246068642925    0.018984834672192208805712535002209803179
   0.30619445981171350395474101845392771737     -0.4976534183420941985347626025831480771     0.95749805782317924137347849246068642925    0.018984834672192208805712535002209803179
  -0.80854104146961930541997841587077964028     0.30619445981171350395474101845392771737     0.95749805782317924137347849246068642925    0.018984834672192208805712535002209803179
   0.30619445981171350395474101845392771737    -0.80854104146961930541997841587077964028     0.95749805782317924137347849246068642925    0.018984834672192208805712535002209803179
  -0.80854104146961930541997841587077964028     -0.4976534183420941985347626025831480771     0.95749805782317924137347849246068642925    0.018984834672192208805712535002209803179
   -0.4976534183420941985347626025831480771    -0.80854104146961930541997841587077964028     0.95749805782317924137347849246068642925    0.018984834672192208805712535002209803179

