  -0.33333333333333333333333333333333333333    -0.33333333333333333333333333333333333333    -0.37869607073334663713741582553462095478     0.02230975800273935913782747041207183477
  -0.33333333333333333333333333333333333333    -0.33333333333333333333333333333333333333     0.37869607073334663713741582553462095478     0.02230975800273935913782747041207183477
  -0.33333333333333333333333333333333333333    -0.33333333333333333333333333333333333333    -0.86970057602048185386066678460861770696    0.020373523298035265477802695936043960052
  -0.33333333333333333333333333333333333333    -0.33333333333333333333333333333333333333     0.86970057602048185386066678460861770696    0.020373523298035265477802695936043960052
 -0.039171056642745091857934055496101173697    -0.92165788671450981628413188900779765261                                            0    0.019107910076252501466050557121844498439
  -0.92165788671450981628413188900779765261   -0.039171056642745091857934055496101173697                                            0    0.019107910076252501466050557121844498439
 -0.039171056642745091857934055496101173697   -0.039171056642745091857934055496101173697                                            0    0.019107910076252501466050557121844498439
  -0.98818051360805689906268093549501403546     0.97636102721611379812536187099002807092    -0.96174103111066104971251194827238190963  0.00025464438806087337293267611052998181698
   0.97636102721611379812536187099002807092    -0.98818051360805689906268093549501403546    -0.96174103111066104971251194827238190963  0.00025464438806087337293267611052998181698
  -0.98818051360805689906268093549501403546    -0.98818051360805689906268093549501403546    -0.96174103111066104971251194827238190963  0.00025464438806087337293267611052998181698
  -0.98818051360805689906268093549501403546     0.97636102721611379812536187099002807092     0.96174103111066104971251194827238190963  0.00025464438806087337293267611052998181698
   0.97636102721611379812536187099002807092    -0.98818051360805689906268093549501403546     0.96174103111066104971251194827238190963  0.00025464438806087337293267611052998181698
  -0.98818051360805689906268093549501403546    -0.98818051360805689906268093549501403546     0.96174103111066104971251194827238190963  0.00025464438806087337293267611052998181698
  -0.97254909823879673332314877839600332573     0.94509819647759346664629755679200665147    -0.64512157659169635563558541746563853477   0.0019484377249668731702075608100640414246
   0.94509819647759346664629755679200665147    -0.97254909823879673332314877839600332573    -0.64512157659169635563558541746563853477   0.0019484377249668731702075608100640414246
  -0.97254909823879673332314877839600332573    -0.97254909823879673332314877839600332573    -0.64512157659169635563558541746563853477   0.0019484377249668731702075608100640414246
  -0.97254909823879673332314877839600332573     0.94509819647759346664629755679200665147     0.64512157659169635563558541746563853477   0.0019484377249668731702075608100640414246
   0.94509819647759346664629755679200665147    -0.97254909823879673332314877839600332573     0.64512157659169635563558541746563853477   0.0019484377249668731702075608100640414246
  -0.97254909823879673332314877839600332573    -0.97254909823879673332314877839600332573     0.64512157659169635563558541746563853477   0.0019484377249668731702075608100640414246
  -0.92954619729233049788267090370954242668     0.85909239458466099576534180741908485336    -0.34515646791756190673225574482515491846   0.0063536669273838165807759577974203992546
   0.85909239458466099576534180741908485336    -0.92954619729233049788267090370954242668    -0.34515646791756190673225574482515491846   0.0063536669273838165807759577974203992546
  -0.92954619729233049788267090370954242668    -0.92954619729233049788267090370954242668    -0.34515646791756190673225574482515491846   0.0063536669273838165807759577974203992546
  -0.92954619729233049788267090370954242668     0.85909239458466099576534180741908485336     0.34515646791756190673225574482515491846   0.0063536669273838165807759577974203992546
   0.85909239458466099576534180741908485336    -0.92954619729233049788267090370954242668     0.34515646791756190673225574482515491846   0.0063536669273838165807759577974203992546
  -0.92954619729233049788267090370954242668    -0.92954619729233049788267090370954242668     0.34515646791756190673225574482515491846   0.0063536669273838165807759577974203992546
  -0.92040936967647174134601142624413916776     0.84081873935294348269202285248827833552    -0.96688638499572982521961543650552241668   0.0017731575477861357121939043046154181041
   0.84081873935294348269202285248827833552    -0.92040936967647174134601142624413916776    -0.96688638499572982521961543650552241668   0.0017731575477861357121939043046154181041
  -0.92040936967647174134601142624413916776    -0.92040936967647174134601142624413916776    -0.96688638499572982521961543650552241668   0.0017731575477861357121939043046154181041
  -0.92040936967647174134601142624413916776     0.84081873935294348269202285248827833552     0.96688638499572982521961543650552241668   0.0017731575477861357121939043046154181041
   0.84081873935294348269202285248827833552    -0.92040936967647174134601142624413916776     0.96688638499572982521961543650552241668   0.0017731575477861357121939043046154181041
  -0.92040936967647174134601142624413916776    -0.92040936967647174134601142624413916776     0.96688638499572982521961543650552241668   0.0017731575477861357121939043046154181041
  -0.88366576964626708899655310571207850959     0.76733153929253417799310621142415701918    -0.76895390019754628542940591595092133928   0.0037986686209748263390506650522743353174
   0.76733153929253417799310621142415701918    -0.88366576964626708899655310571207850959    -0.76895390019754628542940591595092133928   0.0037986686209748263390506650522743353174
  -0.88366576964626708899655310571207850959    -0.88366576964626708899655310571207850959    -0.76895390019754628542940591595092133928   0.0037986686209748263390506650522743353174
  -0.88366576964626708899655310571207850959     0.76733153929253417799310621142415701918     0.76895390019754628542940591595092133928   0.0037986686209748263390506650522743353174
   0.76733153929253417799310621142415701918    -0.88366576964626708899655310571207850959     0.76895390019754628542940591595092133928   0.0037986686209748263390506650522743353174
  -0.88366576964626708899655310571207850959    -0.88366576964626708899655310571207850959     0.76895390019754628542940591595092133928   0.0037986686209748263390506650522743353174
  -0.77160288763873140361261344317356542067     0.54320577527746280722522688634713084134    -0.98943534289872225499104894618438913431   0.0028591917360029913339726016845282204718
   0.54320577527746280722522688634713084134    -0.77160288763873140361261344317356542067    -0.98943534289872225499104894618438913431   0.0028591917360029913339726016845282204718
  -0.77160288763873140361261344317356542067    -0.77160288763873140361261344317356542067    -0.98943534289872225499104894618438913431   0.0028591917360029913339726016845282204718
  -0.77160288763873140361261344317356542067     0.54320577527746280722522688634713084134     0.98943534289872225499104894618438913431   0.0028591917360029913339726016845282204718
   0.54320577527746280722522688634713084134    -0.77160288763873140361261344317356542067     0.98943534289872225499104894618438913431   0.0028591917360029913339726016845282204718
  -0.77160288763873140361261344317356542067    -0.77160288763873140361261344317356542067     0.98943534289872225499104894618438913431   0.0028591917360029913339726016845282204718
   -0.7662038364376211669511824086711027217      0.5324076728752423339023648173422054434     -0.3891078220557607768494807107575983682    0.019229109445901760290124552594873127857
    0.5324076728752423339023648173422054434     -0.7662038364376211669511824086711027217     -0.3891078220557607768494807107575983682    0.019229109445901760290124552594873127857
   -0.7662038364376211669511824086711027217     -0.7662038364376211669511824086711027217     -0.3891078220557607768494807107575983682    0.019229109445901760290124552594873127857
   -0.7662038364376211669511824086711027217      0.5324076728752423339023648173422054434      0.3891078220557607768494807107575983682    0.019229109445901760290124552594873127857
    0.5324076728752423339023648173422054434     -0.7662038364376211669511824086711027217      0.3891078220557607768494807107575983682    0.019229109445901760290124552594873127857
   -0.7662038364376211669511824086711027217     -0.7662038364376211669511824086711027217      0.3891078220557607768494807107575983682    0.019229109445901760290124552594873127857
  -0.68357708602029318627240210955498064915     0.36715417204058637254480421910996129829    -0.84222846303728968074158608289691640211    0.016438146297642683220200800270151522258
   0.36715417204058637254480421910996129829    -0.68357708602029318627240210955498064915    -0.84222846303728968074158608289691640211    0.016438146297642683220200800270151522258
  -0.68357708602029318627240210955498064915    -0.68357708602029318627240210955498064915    -0.84222846303728968074158608289691640211    0.016438146297642683220200800270151522258
  -0.68357708602029318627240210955498064915     0.36715417204058637254480421910996129829     0.84222846303728968074158608289691640211    0.016438146297642683220200800270151522258
   0.36715417204058637254480421910996129829    -0.68357708602029318627240210955498064915     0.84222846303728968074158608289691640211    0.016438146297642683220200800270151522258
  -0.68357708602029318627240210955498064915    -0.68357708602029318627240210955498064915     0.84222846303728968074158608289691640211    0.016438146297642683220200800270151522258
  -0.65520226408692804220474459309318461107     0.31040452817385608440948918618636922214    -0.17457947695577000774142460199474987327    0.015224232189881029806388468854087743453
   0.31040452817385608440948918618636922214    -0.65520226408692804220474459309318461107    -0.17457947695577000774142460199474987327    0.015224232189881029806388468854087743453
  -0.65520226408692804220474459309318461107    -0.65520226408692804220474459309318461107    -0.17457947695577000774142460199474987327    0.015224232189881029806388468854087743453
  -0.65520226408692804220474459309318461107     0.31040452817385608440948918618636922214     0.17457947695577000774142460199474987327    0.015224232189881029806388468854087743453
   0.31040452817385608440948918618636922214    -0.65520226408692804220474459309318461107     0.17457947695577000774142460199474987327    0.015224232189881029806388468854087743453
  -0.65520226408692804220474459309318461107    -0.65520226408692804220474459309318461107     0.17457947695577000774142460199474987327    0.015224232189881029806388468854087743453
  -0.53040993175380346270752396176136500266    0.060819863507606925415047923522730005328    -0.93381151197379486321054024395718499419    0.012328396217453899506801191415256662445
  0.060819863507606925415047923522730005328    -0.53040993175380346270752396176136500266    -0.93381151197379486321054024395718499419    0.012328396217453899506801191415256662445
  -0.53040993175380346270752396176136500266    -0.53040993175380346270752396176136500266    -0.93381151197379486321054024395718499419    0.012328396217453899506801191415256662445
  -0.53040993175380346270752396176136500266    0.060819863507606925415047923522730005328     0.93381151197379486321054024395718499419    0.012328396217453899506801191415256662445
  0.060819863507606925415047923522730005328    -0.53040993175380346270752396176136500266     0.93381151197379486321054024395718499419    0.012328396217453899506801191415256662445
  -0.53040993175380346270752396176136500266    -0.53040993175380346270752396176136500266     0.93381151197379486321054024395718499419    0.012328396217453899506801191415256662445
  -0.47274642852337159559169698395971600926   -0.054507142953256808816606032080567981472    -0.69982661150568945968851248548873947447    0.023576962085160079322994670084493117568
 -0.054507142953256808816606032080567981472    -0.47274642852337159559169698395971600926    -0.69982661150568945968851248548873947447    0.023576962085160079322994670084493117568
  -0.47274642852337159559169698395971600926    -0.47274642852337159559169698395971600926    -0.69982661150568945968851248548873947447    0.023576962085160079322994670084493117568
  -0.47274642852337159559169698395971600926   -0.054507142953256808816606032080567981472     0.69982661150568945968851248548873947447    0.023576962085160079322994670084493117568
 -0.054507142953256808816606032080567981472    -0.47274642852337159559169698395971600926     0.69982661150568945968851248548873947447    0.023576962085160079322994670084493117568
  -0.47274642852337159559169698395971600926    -0.47274642852337159559169698395971600926     0.69982661150568945968851248548873947447    0.023576962085160079322994670084493117568
  -0.43183068656072153733004075164806114199    -0.13633862687855692533991849670387771602    -0.11088146471494249661375938810280262299    0.019536846511105203786227807021234346593
  -0.13633862687855692533991849670387771602    -0.43183068656072153733004075164806114199    -0.11088146471494249661375938810280262299    0.019536846511105203786227807021234346593
  -0.43183068656072153733004075164806114199    -0.43183068656072153733004075164806114199    -0.11088146471494249661375938810280262299    0.019536846511105203786227807021234346593
  -0.43183068656072153733004075164806114199    -0.13633862687855692533991849670387771602     0.11088146471494249661375938810280262299    0.019536846511105203786227807021234346593
  -0.13633862687855692533991849670387771602    -0.43183068656072153733004075164806114199     0.11088146471494249661375938810280262299    0.019536846511105203786227807021234346593
  -0.43183068656072153733004075164806114199    -0.43183068656072153733004075164806114199     0.11088146471494249661375938810280262299    0.019536846511105203786227807021234346593
  -0.23017577198062674461589573346779061253    -0.53964845603874651076820853306441877493    -0.99999999997956899489704055103639979028   0.0031088027911590952300744480714926194423
  -0.53964845603874651076820853306441877493    -0.23017577198062674461589573346779061253    -0.99999999997956899489704055103639979028   0.0031088027911590952300744480714926194423
  -0.23017577198062674461589573346779061253    -0.23017577198062674461589573346779061253    -0.99999999997956899489704055103639979028   0.0031088027911590952300744480714926194423
  -0.23017577198062674461589573346779061253    -0.53964845603874651076820853306441877493     0.99999999997956899489704055103639979028   0.0031088027911590952300744480714926194423
  -0.53964845603874651076820853306441877493    -0.23017577198062674461589573346779061253     0.99999999997956899489704055103639979028   0.0031088027911590952300744480714926194423
  -0.23017577198062674461589573346779061253    -0.23017577198062674461589573346779061253     0.99999999997956899489704055103639979028   0.0031088027911590952300744480714926194423
  -0.21314490867153841287448124901669147766    -0.57371018265692317425103750196661704469    -0.68691884886111775151177897386889900804   0.0085459633168914798818685569839253564432
  -0.57371018265692317425103750196661704469    -0.21314490867153841287448124901669147766    -0.68691884886111775151177897386889900804   0.0085459633168914798818685569839253564432
  -0.21314490867153841287448124901669147766    -0.21314490867153841287448124901669147766    -0.68691884886111775151177897386889900804   0.0085459633168914798818685569839253564432
  -0.21314490867153841287448124901669147766    -0.57371018265692317425103750196661704469     0.68691884886111775151177897386889900804   0.0085459633168914798818685569839253564432
  -0.57371018265692317425103750196661704469    -0.21314490867153841287448124901669147766     0.68691884886111775151177897386889900804   0.0085459633168914798818685569839253564432
  -0.21314490867153841287448124901669147766    -0.21314490867153841287448124901669147766     0.68691884886111775151177897386889900804   0.0085459633168914798818685569839253564432
  -0.20994334365451960969219247098422384437    -0.58011331269096078061561505803155231127    -0.45795287928652461446889447077229071777    0.027485599767656959249162333571014442609
  -0.58011331269096078061561505803155231127    -0.20994334365451960969219247098422384437    -0.45795287928652461446889447077229071777    0.027485599767656959249162333571014442609
  -0.20994334365451960969219247098422384437    -0.20994334365451960969219247098422384437    -0.45795287928652461446889447077229071777    0.027485599767656959249162333571014442609
  -0.20994334365451960969219247098422384437    -0.58011331269096078061561505803155231127     0.45795287928652461446889447077229071777    0.027485599767656959249162333571014442609
  -0.58011331269096078061561505803155231127    -0.20994334365451960969219247098422384437     0.45795287928652461446889447077229071777    0.027485599767656959249162333571014442609
  -0.20994334365451960969219247098422384437    -0.20994334365451960969219247098422384437     0.45795287928652461446889447077229071777    0.027485599767656959249162333571014442609
  -0.17563241853167417869667061925181707617    -0.64873516293665164260665876149636584765    -0.92064860826439046934645954557011782186    0.011073151461520958180121687145497190698
  -0.64873516293665164260665876149636584765    -0.17563241853167417869667061925181707617    -0.92064860826439046934645954557011782186    0.011073151461520958180121687145497190698
  -0.17563241853167417869667061925181707617    -0.17563241853167417869667061925181707617    -0.92064860826439046934645954557011782186    0.011073151461520958180121687145497190698
  -0.17563241853167417869667061925181707617    -0.64873516293665164260665876149636584765     0.92064860826439046934645954557011782186    0.011073151461520958180121687145497190698
  -0.64873516293665164260665876149636584765    -0.17563241853167417869667061925181707617     0.92064860826439046934645954557011782186    0.011073151461520958180121687145497190698
  -0.17563241853167417869667061925181707617    -0.17563241853167417869667061925181707617     0.92064860826439046934645954557011782186    0.011073151461520958180121687145497190698
  -0.12945695305966940151997348765973088927    -0.74108609388066119696005302468053822146   -0.078483890107755439529401390236258207561    0.016408490104946779676147724643550324871
  -0.74108609388066119696005302468053822146    -0.12945695305966940151997348765973088927   -0.078483890107755439529401390236258207561    0.016408490104946779676147724643550324871
  -0.12945695305966940151997348765973088927    -0.12945695305966940151997348765973088927   -0.078483890107755439529401390236258207561    0.016408490104946779676147724643550324871
  -0.12945695305966940151997348765973088927    -0.74108609388066119696005302468053822146    0.078483890107755439529401390236258207561    0.016408490104946779676147724643550324871
  -0.74108609388066119696005302468053822146    -0.12945695305966940151997348765973088927    0.078483890107755439529401390236258207561    0.016408490104946779676147724643550324871
  -0.12945695305966940151997348765973088927    -0.12945695305966940151997348765973088927    0.078483890107755439529401390236258207561    0.016408490104946779676147724643550324871
 -0.092422362334106136656026636719402730345    -0.81515527533178772668794672656119453931    -0.54843140671049243493625860871980032966    0.020619732745360761208182350901824027726
  -0.81515527533178772668794672656119453931   -0.092422362334106136656026636719402730345    -0.54843140671049243493625860871980032966    0.020619732745360761208182350901824027726
 -0.092422362334106136656026636719402730345   -0.092422362334106136656026636719402730345    -0.54843140671049243493625860871980032966    0.020619732745360761208182350901824027726
 -0.092422362334106136656026636719402730345    -0.81515527533178772668794672656119453931     0.54843140671049243493625860871980032966    0.020619732745360761208182350901824027726
  -0.81515527533178772668794672656119453931   -0.092422362334106136656026636719402730345     0.54843140671049243493625860871980032966    0.020619732745360761208182350901824027726
 -0.092422362334106136656026636719402730345   -0.092422362334106136656026636719402730345     0.54843140671049243493625860871980032966    0.020619732745360761208182350901824027726
 -0.070906176229776169494655257013829905296    -0.85818764754044766101068948597234018941    -0.94613018271951776834373703804507524451   0.0072344423148924883852052317399642315597
  -0.85818764754044766101068948597234018941   -0.070906176229776169494655257013829905296    -0.94613018271951776834373703804507524451   0.0072344423148924883852052317399642315597
 -0.070906176229776169494655257013829905296   -0.070906176229776169494655257013829905296    -0.94613018271951776834373703804507524451   0.0072344423148924883852052317399642315597
 -0.070906176229776169494655257013829905296    -0.85818764754044766101068948597234018941     0.94613018271951776834373703804507524451   0.0072344423148924883852052317399642315597
  -0.85818764754044766101068948597234018941   -0.070906176229776169494655257013829905296     0.94613018271951776834373703804507524451   0.0072344423148924883852052317399642315597
 -0.070906176229776169494655257013829905296   -0.070906176229776169494655257013829905296     0.94613018271951776834373703804507524451   0.0072344423148924883852052317399642315597
 -0.026729818474113972987041315764683950373    -0.94654036305177205402591736847063209925    -0.99474874930292335752795511577483831957   0.0015368373905590433403522020838732685525
  -0.94654036305177205402591736847063209925   -0.026729818474113972987041315764683950373    -0.99474874930292335752795511577483831957   0.0015368373905590433403522020838732685525
 -0.026729818474113972987041315764683950373   -0.026729818474113972987041315764683950373    -0.99474874930292335752795511577483831957   0.0015368373905590433403522020838732685525
 -0.026729818474113972987041315764683950373    -0.94654036305177205402591736847063209925     0.99474874930292335752795511577483831957   0.0015368373905590433403522020838732685525
  -0.94654036305177205402591736847063209925   -0.026729818474113972987041315764683950373     0.99474874930292335752795511577483831957   0.0015368373905590433403522020838732685525
 -0.026729818474113972987041315764683950373   -0.026729818474113972987041315764683950373     0.99474874930292335752795511577483831957   0.0015368373905590433403522020838732685525
-0.0019734881086142588831906333509478766854    -0.99605302378277148223361873329810424663    -0.88282900040065388207085332833370752613   0.0025883214068595065947389742500753785131
  -0.99605302378277148223361873329810424663  -0.0019734881086142588831906333509478766854    -0.88282900040065388207085332833370752613   0.0025883214068595065947389742500753785131
-0.0019734881086142588831906333509478766854  -0.0019734881086142588831906333509478766854    -0.88282900040065388207085332833370752613   0.0025883214068595065947389742500753785131
-0.0019734881086142588831906333509478766854    -0.99605302378277148223361873329810424663     0.88282900040065388207085332833370752613   0.0025883214068595065947389742500753785131
  -0.99605302378277148223361873329810424663  -0.0019734881086142588831906333509478766854     0.88282900040065388207085332833370752613   0.0025883214068595065947389742500753785131
-0.0019734881086142588831906333509478766854  -0.0019734881086142588831906333509478766854     0.88282900040065388207085332833370752613   0.0025883214068595065947389742500753785131
   -0.8322759246937088371263523861391354369     0.81792789937313822130478477116410717078                                            0   0.0038723058388794380979874672124714111429
   0.81792789937313822130478477116410717078     -0.8322759246937088371263523861391354369                                            0   0.0038723058388794380979874672124714111429
  -0.98565197467942938417843238502497173388     0.81792789937313822130478477116410717078                                            0   0.0038723058388794380979874672124714111429
   0.81792789937313822130478477116410717078    -0.98565197467942938417843238502497173388                                            0   0.0038723058388794380979874672124714111429
  -0.98565197467942938417843238502497173388     -0.8322759246937088371263523861391354369                                            0   0.0038723058388794380979874672124714111429
   -0.8322759246937088371263523861391354369    -0.98565197467942938417843238502497173388                                            0   0.0038723058388794380979874672124714111429
   -0.3703780994358467135798608846137773034     0.34042908154049155841172369965586936808                                            0    0.010920750666262262120745282212754754255
   0.34042908154049155841172369965586936808     -0.3703780994358467135798608846137773034                                            0    0.010920750666262262120745282212754754255
  -0.97005098210464484483186281504209206468     0.34042908154049155841172369965586936808                                            0    0.010920750666262262120745282212754754255
   0.34042908154049155841172369965586936808    -0.97005098210464484483186281504209206468                                            0    0.010920750666262262120745282212754754255
  -0.97005098210464484483186281504209206468     -0.3703780994358467135798608846137773034                                            0    0.010920750666262262120745282212754754255
   -0.3703780994358467135798608846137773034    -0.97005098210464484483186281504209206468                                            0    0.010920750666262262120745282212754754255
  -0.86852146525882116479933966907271805244     0.73847833600409980141339508109738910502                                            0   0.0057396173204667048014085761615861904352
   0.73847833600409980141339508109738910502    -0.86852146525882116479933966907271805244                                            0   0.0057396173204667048014085761615861904352
  -0.86995687074527863661405541202467105258     0.73847833600409980141339508109738910502                                            0   0.0057396173204667048014085761615861904352
   0.73847833600409980141339508109738910502    -0.86995687074527863661405541202467105258                                            0   0.0057396173204667048014085761615861904352
  -0.86995687074527863661405541202467105258    -0.86852146525882116479933966907271805244                                            0   0.0057396173204667048014085761615861904352
  -0.86852146525882116479933966907271805244    -0.86995687074527863661405541202467105258                                            0   0.0057396173204667048014085761615861904352
  -0.54686737969535637908424031294562222785     0.37421571098648469679529339176081244665                                            0    0.023318170654425006085407361307642523896
   0.37421571098648469679529339176081244665    -0.54686737969535637908424031294562222785                                            0    0.023318170654425006085407361307642523896
   -0.8273483312911283177110530788151902188     0.37421571098648469679529339176081244665                                            0    0.023318170654425006085407361307642523896
   0.37421571098648469679529339176081244665     -0.8273483312911283177110530788151902188                                            0    0.023318170654425006085407361307642523896
   -0.8273483312911283177110530788151902188    -0.54686737969535637908424031294562222785                                            0    0.023318170654425006085407361307642523896
  -0.54686737969535637908424031294562222785     -0.8273483312911283177110530788151902188                                            0    0.023318170654425006085407361307642523896
  -0.95090756941506895149700542042780137958     0.95090756941025408358798215425913914181    -0.19442203506163767192260096889736033107   0.0008323203757730012742723007785501443001
   0.95090756941025408358798215425913914181    -0.95090756941506895149700542042780137958    -0.19442203506163767192260096889736033107   0.0008323203757730012742723007785501443001
  -0.99999999999518513209097673383133776223     0.95090756941025408358798215425913914181    -0.19442203506163767192260096889736033107   0.0008323203757730012742723007785501443001
   0.95090756941025408358798215425913914181    -0.99999999999518513209097673383133776223    -0.19442203506163767192260096889736033107   0.0008323203757730012742723007785501443001
  -0.99999999999518513209097673383133776223    -0.95090756941506895149700542042780137958    -0.19442203506163767192260096889736033107   0.0008323203757730012742723007785501443001
  -0.95090756941506895149700542042780137958    -0.99999999999518513209097673383133776223    -0.19442203506163767192260096889736033107   0.0008323203757730012742723007785501443001
  -0.95090756941506895149700542042780137958     0.95090756941025408358798215425913914181     0.19442203506163767192260096889736033107   0.0008323203757730012742723007785501443001
   0.95090756941025408358798215425913914181    -0.95090756941506895149700542042780137958     0.19442203506163767192260096889736033107   0.0008323203757730012742723007785501443001
  -0.99999999999518513209097673383133776223     0.95090756941025408358798215425913914181     0.19442203506163767192260096889736033107   0.0008323203757730012742723007785501443001
   0.95090756941025408358798215425913914181    -0.99999999999518513209097673383133776223     0.19442203506163767192260096889736033107   0.0008323203757730012742723007785501443001
  -0.99999999999518513209097673383133776223    -0.95090756941506895149700542042780137958     0.19442203506163767192260096889736033107   0.0008323203757730012742723007785501443001
  -0.95090756941506895149700542042780137958    -0.99999999999518513209097673383133776223     0.19442203506163767192260096889736033107   0.0008323203757730012742723007785501443001
  -0.33145535314693821042366415393833392379     0.33032264893426812447139377668192313724    -0.64839084980079957736949313434755881123   0.0026099136833340299590955418471531393702
   0.33032264893426812447139377668192313724    -0.33145535314693821042366415393833392379    -0.64839084980079957736949313434755881123   0.0026099136833340299590955418471531393702
  -0.99886729578732991404772962274358921346     0.33032264893426812447139377668192313724    -0.64839084980079957736949313434755881123   0.0026099136833340299590955418471531393702
   0.33032264893426812447139377668192313724    -0.99886729578732991404772962274358921346    -0.64839084980079957736949313434755881123   0.0026099136833340299590955418471531393702
  -0.99886729578732991404772962274358921346    -0.33145535314693821042366415393833392379    -0.64839084980079957736949313434755881123   0.0026099136833340299590955418471531393702
  -0.33145535314693821042366415393833392379    -0.99886729578732991404772962274358921346    -0.64839084980079957736949313434755881123   0.0026099136833340299590955418471531393702
  -0.33145535314693821042366415393833392379     0.33032264893426812447139377668192313724     0.64839084980079957736949313434755881123   0.0026099136833340299590955418471531393702
   0.33032264893426812447139377668192313724    -0.33145535314693821042366415393833392379     0.64839084980079957736949313434755881123   0.0026099136833340299590955418471531393702
  -0.99886729578732991404772962274358921346     0.33032264893426812447139377668192313724     0.64839084980079957736949313434755881123   0.0026099136833340299590955418471531393702
   0.33032264893426812447139377668192313724    -0.99886729578732991404772962274358921346     0.64839084980079957736949313434755881123   0.0026099136833340299590955418471531393702
  -0.99886729578732991404772962274358921346    -0.33145535314693821042366415393833392379     0.64839084980079957736949313434755881123   0.0026099136833340299590955418471531393702
  -0.33145535314693821042366415393833392379    -0.99886729578732991404772962274358921346     0.64839084980079957736949313434755881123   0.0026099136833340299590955418471531393702
  -0.61575446576378191790735817304731732631      0.6022784972053576934954659342719698325    -0.23701489172138492647668042227789742124   0.0042600387837143468047231724345391715044
    0.6022784972053576934954659342719698325    -0.61575446576378191790735817304731732631    -0.23701489172138492647668042227789742124   0.0042600387837143468047231724345391715044
  -0.98652403144157577558810776122465250619      0.6022784972053576934954659342719698325    -0.23701489172138492647668042227789742124   0.0042600387837143468047231724345391715044
    0.6022784972053576934954659342719698325    -0.98652403144157577558810776122465250619    -0.23701489172138492647668042227789742124   0.0042600387837143468047231724345391715044
  -0.98652403144157577558810776122465250619    -0.61575446576378191790735817304731732631    -0.23701489172138492647668042227789742124   0.0042600387837143468047231724345391715044
  -0.61575446576378191790735817304731732631    -0.98652403144157577558810776122465250619    -0.23701489172138492647668042227789742124   0.0042600387837143468047231724345391715044
  -0.61575446576378191790735817304731732631      0.6022784972053576934954659342719698325     0.23701489172138492647668042227789742124   0.0042600387837143468047231724345391715044
    0.6022784972053576934954659342719698325    -0.61575446576378191790735817304731732631     0.23701489172138492647668042227789742124   0.0042600387837143468047231724345391715044
  -0.98652403144157577558810776122465250619      0.6022784972053576934954659342719698325     0.23701489172138492647668042227789742124   0.0042600387837143468047231724345391715044
    0.6022784972053576934954659342719698325    -0.98652403144157577558810776122465250619     0.23701489172138492647668042227789742124   0.0042600387837143468047231724345391715044
  -0.98652403144157577558810776122465250619    -0.61575446576378191790735817304731732631     0.23701489172138492647668042227789742124   0.0042600387837143468047231724345391715044
  -0.61575446576378191790735817304731732631    -0.98652403144157577558810776122465250619     0.23701489172138492647668042227789742124   0.0042600387837143468047231724345391715044
  -0.88382473068676766587205664633459906404     0.87016194938013663823820577924960281446    -0.84549658797129765448849343072140777423   0.0019101087223101188306794803996501866969
   0.87016194938013663823820577924960281446    -0.88382473068676766587205664633459906404    -0.84549658797129765448849343072140777423   0.0019101087223101188306794803996501866969
  -0.98633721869336897236614913291500375042     0.87016194938013663823820577924960281446    -0.84549658797129765448849343072140777423   0.0019101087223101188306794803996501866969
   0.87016194938013663823820577924960281446    -0.98633721869336897236614913291500375042    -0.84549658797129765448849343072140777423   0.0019101087223101188306794803996501866969
  -0.98633721869336897236614913291500375042    -0.88382473068676766587205664633459906404    -0.84549658797129765448849343072140777423   0.0019101087223101188306794803996501866969
  -0.88382473068676766587205664633459906404    -0.98633721869336897236614913291500375042    -0.84549658797129765448849343072140777423   0.0019101087223101188306794803996501866969
  -0.88382473068676766587205664633459906404     0.87016194938013663823820577924960281446     0.84549658797129765448849343072140777423   0.0019101087223101188306794803996501866969
   0.87016194938013663823820577924960281446    -0.88382473068676766587205664633459906404     0.84549658797129765448849343072140777423   0.0019101087223101188306794803996501866969
  -0.98633721869336897236614913291500375042     0.87016194938013663823820577924960281446     0.84549658797129765448849343072140777423   0.0019101087223101188306794803996501866969
   0.87016194938013663823820577924960281446    -0.98633721869336897236614913291500375042     0.84549658797129765448849343072140777423   0.0019101087223101188306794803996501866969
  -0.98633721869336897236614913291500375042    -0.88382473068676766587205664633459906404     0.84549658797129765448849343072140777423   0.0019101087223101188306794803996501866969
  -0.88382473068676766587205664633459906404    -0.98633721869336897236614913291500375042     0.84549658797129765448849343072140777423   0.0019101087223101188306794803996501866969
  -0.14430014214751258623083671390778877752     0.12813114013997558720322702724703970182    -0.30820237445409813382388603277970712257   0.0060577442109004384251829147489324697734
   0.12813114013997558720322702724703970182    -0.14430014214751258623083671390778877752    -0.30820237445409813382388603277970712257   0.0060577442109004384251829147489324697734
   -0.9838309979924630009723903133392509243     0.12813114013997558720322702724703970182    -0.30820237445409813382388603277970712257   0.0060577442109004384251829147489324697734
   0.12813114013997558720322702724703970182     -0.9838309979924630009723903133392509243    -0.30820237445409813382388603277970712257   0.0060577442109004384251829147489324697734
   -0.9838309979924630009723903133392509243    -0.14430014214751258623083671390778877752    -0.30820237445409813382388603277970712257   0.0060577442109004384251829147489324697734
  -0.14430014214751258623083671390778877752     -0.9838309979924630009723903133392509243    -0.30820237445409813382388603277970712257   0.0060577442109004384251829147489324697734
  -0.14430014214751258623083671390778877752     0.12813114013997558720322702724703970182     0.30820237445409813382388603277970712257   0.0060577442109004384251829147489324697734
   0.12813114013997558720322702724703970182    -0.14430014214751258623083671390778877752     0.30820237445409813382388603277970712257   0.0060577442109004384251829147489324697734
   -0.9838309979924630009723903133392509243     0.12813114013997558720322702724703970182     0.30820237445409813382388603277970712257   0.0060577442109004384251829147489324697734
   0.12813114013997558720322702724703970182     -0.9838309979924630009723903133392509243     0.30820237445409813382388603277970712257   0.0060577442109004384251829147489324697734
   -0.9838309979924630009723903133392509243    -0.14430014214751258623083671390778877752     0.30820237445409813382388603277970712257   0.0060577442109004384251829147489324697734
  -0.14430014214751258623083671390778877752     -0.9838309979924630009723903133392509243     0.30820237445409813382388603277970712257   0.0060577442109004384251829147489324697734
  -0.60745963626180150126691898826012373125     0.58917739787077807563688637084225314905    -0.78453150849370271305720619971306748326   0.0045412068536507288380230642091450579608
   0.58917739787077807563688637084225314905    -0.60745963626180150126691898826012373125    -0.78453150849370271305720619971306748326   0.0045412068536507288380230642091450579608
  -0.98171776160897657436996738258212941779     0.58917739787077807563688637084225314905    -0.78453150849370271305720619971306748326   0.0045412068536507288380230642091450579608
   0.58917739787077807563688637084225314905    -0.98171776160897657436996738258212941779    -0.78453150849370271305720619971306748326   0.0045412068536507288380230642091450579608
  -0.98171776160897657436996738258212941779    -0.60745963626180150126691898826012373125    -0.78453150849370271305720619971306748326   0.0045412068536507288380230642091450579608
  -0.60745963626180150126691898826012373125    -0.98171776160897657436996738258212941779    -0.78453150849370271305720619971306748326   0.0045412068536507288380230642091450579608
  -0.60745963626180150126691898826012373125     0.58917739787077807563688637084225314905     0.78453150849370271305720619971306748326   0.0045412068536507288380230642091450579608
   0.58917739787077807563688637084225314905    -0.60745963626180150126691898826012373125     0.78453150849370271305720619971306748326   0.0045412068536507288380230642091450579608
  -0.98171776160897657436996738258212941779     0.58917739787077807563688637084225314905     0.78453150849370271305720619971306748326   0.0045412068536507288380230642091450579608
   0.58917739787077807563688637084225314905    -0.98171776160897657436996738258212941779     0.78453150849370271305720619971306748326   0.0045412068536507288380230642091450579608
  -0.98171776160897657436996738258212941779    -0.60745963626180150126691898826012373125     0.78453150849370271305720619971306748326   0.0045412068536507288380230642091450579608
  -0.60745963626180150126691898826012373125    -0.98171776160897657436996738258212941779     0.78453150849370271305720619971306748326   0.0045412068536507288380230642091450579608
  -0.37674085050793334303884668043701837403     0.35754726223901081205273252987087250683    -0.96975718677187667126144119519167997176    0.001912815181589095453983799228120863399
   0.35754726223901081205273252987087250683    -0.37674085050793334303884668043701837403    -0.96975718677187667126144119519167997176    0.001912815181589095453983799228120863399
   -0.9808064117310774690138858494338541328     0.35754726223901081205273252987087250683    -0.96975718677187667126144119519167997176    0.001912815181589095453983799228120863399
   0.35754726223901081205273252987087250683     -0.9808064117310774690138858494338541328    -0.96975718677187667126144119519167997176    0.001912815181589095453983799228120863399
   -0.9808064117310774690138858494338541328    -0.37674085050793334303884668043701837403    -0.96975718677187667126144119519167997176    0.001912815181589095453983799228120863399
  -0.37674085050793334303884668043701837403     -0.9808064117310774690138858494338541328    -0.96975718677187667126144119519167997176    0.001912815181589095453983799228120863399
  -0.37674085050793334303884668043701837403     0.35754726223901081205273252987087250683     0.96975718677187667126144119519167997176    0.001912815181589095453983799228120863399
   0.35754726223901081205273252987087250683    -0.37674085050793334303884668043701837403     0.96975718677187667126144119519167997176    0.001912815181589095453983799228120863399
   -0.9808064117310774690138858494338541328     0.35754726223901081205273252987087250683     0.96975718677187667126144119519167997176    0.001912815181589095453983799228120863399
   0.35754726223901081205273252987087250683     -0.9808064117310774690138858494338541328     0.96975718677187667126144119519167997176    0.001912815181589095453983799228120863399
   -0.9808064117310774690138858494338541328    -0.37674085050793334303884668043701837403     0.96975718677187667126144119519167997176    0.001912815181589095453983799228120863399
  -0.37674085050793334303884668043701837403     -0.9808064117310774690138858494338541328     0.96975718677187667126144119519167997176    0.001912815181589095453983799228120863399
  -0.73659560069653319644403357970076911481     0.71597277567684508794137716761472726901    -0.98074252793797226176137567406937110911   0.0011317059029160597272631966670184127351
   0.71597277567684508794137716761472726901    -0.73659560069653319644403357970076911481    -0.98074252793797226176137567406937110911   0.0011317059029160597272631966670184127351
   -0.9793771749803118914973435879139581542     0.71597277567684508794137716761472726901    -0.98074252793797226176137567406937110911   0.0011317059029160597272631966670184127351
   0.71597277567684508794137716761472726901     -0.9793771749803118914973435879139581542    -0.98074252793797226176137567406937110911   0.0011317059029160597272631966670184127351
   -0.9793771749803118914973435879139581542    -0.73659560069653319644403357970076911481    -0.98074252793797226176137567406937110911   0.0011317059029160597272631966670184127351
  -0.73659560069653319644403357970076911481     -0.9793771749803118914973435879139581542    -0.98074252793797226176137567406937110911   0.0011317059029160597272631966670184127351
  -0.73659560069653319644403357970076911481     0.71597277567684508794137716761472726901     0.98074252793797226176137567406937110911   0.0011317059029160597272631966670184127351
   0.71597277567684508794137716761472726901    -0.73659560069653319644403357970076911481     0.98074252793797226176137567406937110911   0.0011317059029160597272631966670184127351
   -0.9793771749803118914973435879139581542     0.71597277567684508794137716761472726901     0.98074252793797226176137567406937110911   0.0011317059029160597272631966670184127351
   0.71597277567684508794137716761472726901     -0.9793771749803118914973435879139581542     0.98074252793797226176137567406937110911   0.0011317059029160597272631966670184127351
   -0.9793771749803118914973435879139581542    -0.73659560069653319644403357970076911481     0.98074252793797226176137567406937110911   0.0011317059029160597272631966670184127351
  -0.73659560069653319644403357970076911481     -0.9793771749803118914973435879139581542     0.98074252793797226176137567406937110911   0.0011317059029160597272631966670184127351
   -0.7962199684701036673868415599748900297      0.7683528729454478450070544106671357357    -0.52782000163690322596937370023369839511   0.0059239463771881219368252963199543508774
    0.7683528729454478450070544106671357357     -0.7962199684701036673868415599748900297    -0.52782000163690322596937370023369839511   0.0059239463771881219368252963199543508774
  -0.97213290447534417762021285069224570599      0.7683528729454478450070544106671357357    -0.52782000163690322596937370023369839511   0.0059239463771881219368252963199543508774
    0.7683528729454478450070544106671357357    -0.97213290447534417762021285069224570599    -0.52782000163690322596937370023369839511   0.0059239463771881219368252963199543508774
  -0.97213290447534417762021285069224570599     -0.7962199684701036673868415599748900297    -0.52782000163690322596937370023369839511   0.0059239463771881219368252963199543508774
   -0.7962199684701036673868415599748900297    -0.97213290447534417762021285069224570599    -0.52782000163690322596937370023369839511   0.0059239463771881219368252963199543508774
   -0.7962199684701036673868415599748900297      0.7683528729454478450070544106671357357     0.52782000163690322596937370023369839511   0.0059239463771881219368252963199543508774
    0.7683528729454478450070544106671357357     -0.7962199684701036673868415599748900297     0.52782000163690322596937370023369839511   0.0059239463771881219368252963199543508774
  -0.97213290447534417762021285069224570599      0.7683528729454478450070544106671357357     0.52782000163690322596937370023369839511   0.0059239463771881219368252963199543508774
    0.7683528729454478450070544106671357357    -0.97213290447534417762021285069224570599     0.52782000163690322596937370023369839511   0.0059239463771881219368252963199543508774
  -0.97213290447534417762021285069224570599     -0.7962199684701036673868415599748900297     0.52782000163690322596937370023369839511   0.0059239463771881219368252963199543508774
   -0.7962199684701036673868415599748900297    -0.97213290447534417762021285069224570599     0.52782000163690322596937370023369839511   0.0059239463771881219368252963199543508774
  -0.47998018507818252949255307961509582702      0.4270216266334973993439746153069098389    -0.46487708604531375600776891459740066408     0.01076104273671990507471730731452325148
    0.4270216266334973993439746153069098389    -0.47998018507818252949255307961509582702    -0.46487708604531375600776891459740066408     0.01076104273671990507471730731452325148
  -0.94704144155531486985142153569181401188      0.4270216266334973993439746153069098389    -0.46487708604531375600776891459740066408     0.01076104273671990507471730731452325148
    0.4270216266334973993439746153069098389    -0.94704144155531486985142153569181401188    -0.46487708604531375600776891459740066408     0.01076104273671990507471730731452325148
  -0.94704144155531486985142153569181401188    -0.47998018507818252949255307961509582702    -0.46487708604531375600776891459740066408     0.01076104273671990507471730731452325148
  -0.47998018507818252949255307961509582702    -0.94704144155531486985142153569181401188    -0.46487708604531375600776891459740066408     0.01076104273671990507471730731452325148
  -0.47998018507818252949255307961509582702      0.4270216266334973993439746153069098389     0.46487708604531375600776891459740066408     0.01076104273671990507471730731452325148
    0.4270216266334973993439746153069098389    -0.47998018507818252949255307961509582702     0.46487708604531375600776891459740066408     0.01076104273671990507471730731452325148
  -0.94704144155531486985142153569181401188      0.4270216266334973993439746153069098389     0.46487708604531375600776891459740066408     0.01076104273671990507471730731452325148
    0.4270216266334973993439746153069098389    -0.94704144155531486985142153569181401188     0.46487708604531375600776891459740066408     0.01076104273671990507471730731452325148
  -0.94704144155531486985142153569181401188    -0.47998018507818252949255307961509582702     0.46487708604531375600776891459740066408     0.01076104273671990507471730731452325148
  -0.47998018507818252949255307961509582702    -0.94704144155531486985142153569181401188     0.46487708604531375600776891459740066408     0.01076104273671990507471730731452325148
  -0.14634936397794776592416652554870278346    0.091300916138080715194840752228773872695    -0.63220535804719115057502567268423774991   0.0082772217485878657267450022447768195805
  0.091300916138080715194840752228773872695    -0.14634936397794776592416652554870278346    -0.63220535804719115057502567268423774991   0.0082772217485878657267450022447768195805
  -0.94495155216013294927067422668007108923    0.091300916138080715194840752228773872695    -0.63220535804719115057502567268423774991   0.0082772217485878657267450022447768195805
  0.091300916138080715194840752228773872695    -0.94495155216013294927067422668007108923    -0.63220535804719115057502567268423774991   0.0082772217485878657267450022447768195805
  -0.94495155216013294927067422668007108923    -0.14634936397794776592416652554870278346    -0.63220535804719115057502567268423774991   0.0082772217485878657267450022447768195805
  -0.14634936397794776592416652554870278346    -0.94495155216013294927067422668007108923    -0.63220535804719115057502567268423774991   0.0082772217485878657267450022447768195805
  -0.14634936397794776592416652554870278346    0.091300916138080715194840752228773872695     0.63220535804719115057502567268423774991   0.0082772217485878657267450022447768195805
  0.091300916138080715194840752228773872695    -0.14634936397794776592416652554870278346     0.63220535804719115057502567268423774991   0.0082772217485878657267450022447768195805
  -0.94495155216013294927067422668007108923    0.091300916138080715194840752228773872695     0.63220535804719115057502567268423774991   0.0082772217485878657267450022447768195805
  0.091300916138080715194840752228773872695    -0.94495155216013294927067422668007108923     0.63220535804719115057502567268423774991   0.0082772217485878657267450022447768195805
  -0.94495155216013294927067422668007108923    -0.14634936397794776592416652554870278346     0.63220535804719115057502567268423774991   0.0082772217485878657267450022447768195805
  -0.14634936397794776592416652554870278346    -0.94495155216013294927067422668007108923     0.63220535804719115057502567268423774991   0.0082772217485878657267450022447768195805
  -0.28607431165873608730031372152153813668     0.21266995737136538417400141006292288371    -0.83925595659796923807588715707167234445   0.0094204575157670297926788933216704898651
   0.21266995737136538417400141006292288371    -0.28607431165873608730031372152153813668    -0.83925595659796923807588715707167234445   0.0094204575157670297926788933216704898651
  -0.92659564571262929687368768854138474703     0.21266995737136538417400141006292288371    -0.83925595659796923807588715707167234445   0.0094204575157670297926788933216704898651
   0.21266995737136538417400141006292288371    -0.92659564571262929687368768854138474703    -0.83925595659796923807588715707167234445   0.0094204575157670297926788933216704898651
  -0.92659564571262929687368768854138474703    -0.28607431165873608730031372152153813668    -0.83925595659796923807588715707167234445   0.0094204575157670297926788933216704898651
  -0.28607431165873608730031372152153813668    -0.92659564571262929687368768854138474703    -0.83925595659796923807588715707167234445   0.0094204575157670297926788933216704898651
  -0.28607431165873608730031372152153813668     0.21266995737136538417400141006292288371     0.83925595659796923807588715707167234445   0.0094204575157670297926788933216704898651
   0.21266995737136538417400141006292288371    -0.28607431165873608730031372152153813668     0.83925595659796923807588715707167234445   0.0094204575157670297926788933216704898651
  -0.92659564571262929687368768854138474703     0.21266995737136538417400141006292288371     0.83925595659796923807588715707167234445   0.0094204575157670297926788933216704898651
   0.21266995737136538417400141006292288371    -0.92659564571262929687368768854138474703     0.83925595659796923807588715707167234445   0.0094204575157670297926788933216704898651
  -0.92659564571262929687368768854138474703    -0.28607431165873608730031372152153813668     0.83925595659796923807588715707167234445   0.0094204575157670297926788933216704898651
  -0.28607431165873608730031372152153813668    -0.92659564571262929687368768854138474703     0.83925595659796923807588715707167234445   0.0094204575157670297926788933216704898651
  -0.69976787664450557215815516602600125327     0.61088884017705070501965337579987909088    -0.22565841608260445671903122593494425102    0.010745918739426015118713258310906452313
   0.61088884017705070501965337579987909088    -0.69976787664450557215815516602600125327    -0.22565841608260445671903122593494425102    0.010745918739426015118713258310906452313
  -0.91112096353254513286149820977387783761     0.61088884017705070501965337579987909088    -0.22565841608260445671903122593494425102    0.010745918739426015118713258310906452313
   0.61088884017705070501965337579987909088    -0.91112096353254513286149820977387783761    -0.22565841608260445671903122593494425102    0.010745918739426015118713258310906452313
  -0.91112096353254513286149820977387783761    -0.69976787664450557215815516602600125327    -0.22565841608260445671903122593494425102    0.010745918739426015118713258310906452313
  -0.69976787664450557215815516602600125327    -0.91112096353254513286149820977387783761    -0.22565841608260445671903122593494425102    0.010745918739426015118713258310906452313
  -0.69976787664450557215815516602600125327     0.61088884017705070501965337579987909088     0.22565841608260445671903122593494425102    0.010745918739426015118713258310906452313
   0.61088884017705070501965337579987909088    -0.69976787664450557215815516602600125327     0.22565841608260445671903122593494425102    0.010745918739426015118713258310906452313
  -0.91112096353254513286149820977387783761     0.61088884017705070501965337579987909088     0.22565841608260445671903122593494425102    0.010745918739426015118713258310906452313
   0.61088884017705070501965337579987909088    -0.91112096353254513286149820977387783761     0.22565841608260445671903122593494425102    0.010745918739426015118713258310906452313
  -0.91112096353254513286149820977387783761    -0.69976787664450557215815516602600125327     0.22565841608260445671903122593494425102    0.010745918739426015118713258310906452313
  -0.69976787664450557215815516602600125327    -0.91112096353254513286149820977387783761     0.22565841608260445671903122593494425102    0.010745918739426015118713258310906452313
   -0.5488772891691941657165738481704575809     0.45318291802437061478575649085358146337    -0.92842676972528192188431620278626586622   0.0047462106197686457159686065905039844753
   0.45318291802437061478575649085358146337     -0.5488772891691941657165738481704575809    -0.92842676972528192188431620278626586622   0.0047462106197686457159686065905039844753
  -0.90430562885517644906918264268312388247     0.45318291802437061478575649085358146337    -0.92842676972528192188431620278626586622   0.0047462106197686457159686065905039844753
   0.45318291802437061478575649085358146337    -0.90430562885517644906918264268312388247    -0.92842676972528192188431620278626586622   0.0047462106197686457159686065905039844753
  -0.90430562885517644906918264268312388247     -0.5488772891691941657165738481704575809    -0.92842676972528192188431620278626586622   0.0047462106197686457159686065905039844753
   -0.5488772891691941657165738481704575809    -0.90430562885517644906918264268312388247    -0.92842676972528192188431620278626586622   0.0047462106197686457159686065905039844753
   -0.5488772891691941657165738481704575809     0.45318291802437061478575649085358146337     0.92842676972528192188431620278626586622   0.0047462106197686457159686065905039844753
   0.45318291802437061478575649085358146337     -0.5488772891691941657165738481704575809     0.92842676972528192188431620278626586622   0.0047462106197686457159686065905039844753
  -0.90430562885517644906918264268312388247     0.45318291802437061478575649085358146337     0.92842676972528192188431620278626586622   0.0047462106197686457159686065905039844753
   0.45318291802437061478575649085358146337    -0.90430562885517644906918264268312388247     0.92842676972528192188431620278626586622   0.0047462106197686457159686065905039844753
  -0.90430562885517644906918264268312388247     -0.5488772891691941657165738481704575809     0.92842676972528192188431620278626586622   0.0047462106197686457159686065905039844753
   -0.5488772891691941657165738481704575809    -0.90430562885517644906918264268312388247     0.92842676972528192188431620278626586622   0.0047462106197686457159686065905039844753
  -0.74130570874498940752956704837720011283     0.64034615019785678104344559312364883623     -0.8971590543299610886567062353869132348   0.0046116454048512686441079736108490524438
   0.64034615019785678104344559312364883623    -0.74130570874498940752956704837720011283     -0.8971590543299610886567062353869132348   0.0046116454048512686441079736108490524438
  -0.89904044145286737351387854474644872341     0.64034615019785678104344559312364883623     -0.8971590543299610886567062353869132348   0.0046116454048512686441079736108490524438
   0.64034615019785678104344559312364883623    -0.89904044145286737351387854474644872341     -0.8971590543299610886567062353869132348   0.0046116454048512686441079736108490524438
  -0.89904044145286737351387854474644872341    -0.74130570874498940752956704837720011283     -0.8971590543299610886567062353869132348   0.0046116454048512686441079736108490524438
  -0.74130570874498940752956704837720011283    -0.89904044145286737351387854474644872341     -0.8971590543299610886567062353869132348   0.0046116454048512686441079736108490524438
  -0.74130570874498940752956704837720011283     0.64034615019785678104344559312364883623      0.8971590543299610886567062353869132348   0.0046116454048512686441079736108490524438
   0.64034615019785678104344559312364883623    -0.74130570874498940752956704837720011283      0.8971590543299610886567062353869132348   0.0046116454048512686441079736108490524438
  -0.89904044145286737351387854474644872341     0.64034615019785678104344559312364883623      0.8971590543299610886567062353869132348   0.0046116454048512686441079736108490524438
   0.64034615019785678104344559312364883623    -0.89904044145286737351387854474644872341      0.8971590543299610886567062353869132348   0.0046116454048512686441079736108490524438
  -0.89904044145286737351387854474644872341    -0.74130570874498940752956704837720011283      0.8971590543299610886567062353869132348   0.0046116454048512686441079736108490524438
  -0.74130570874498940752956704837720011283    -0.89904044145286737351387854474644872341      0.8971590543299610886567062353869132348   0.0046116454048512686441079736108490524438
  -0.77762913360506712467066564183020604048      0.6629725861123058372507514545648157339    -0.66887254859139784378578085331480420224   0.0059069420943476634891097144506577867659
    0.6629725861123058372507514545648157339    -0.77762913360506712467066564183020604048    -0.66887254859139784378578085331480420224   0.0059069420943476634891097144506577867659
  -0.88534345250723871258008581273460969342      0.6629725861123058372507514545648157339    -0.66887254859139784378578085331480420224   0.0059069420943476634891097144506577867659
    0.6629725861123058372507514545648157339    -0.88534345250723871258008581273460969342    -0.66887254859139784378578085331480420224   0.0059069420943476634891097144506577867659
  -0.88534345250723871258008581273460969342    -0.77762913360506712467066564183020604048    -0.66887254859139784378578085331480420224   0.0059069420943476634891097144506577867659
  -0.77762913360506712467066564183020604048    -0.88534345250723871258008581273460969342    -0.66887254859139784378578085331480420224   0.0059069420943476634891097144506577867659
  -0.77762913360506712467066564183020604048      0.6629725861123058372507514545648157339     0.66887254859139784378578085331480420224   0.0059069420943476634891097144506577867659
    0.6629725861123058372507514545648157339    -0.77762913360506712467066564183020604048     0.66887254859139784378578085331480420224   0.0059069420943476634891097144506577867659
  -0.88534345250723871258008581273460969342      0.6629725861123058372507514545648157339     0.66887254859139784378578085331480420224   0.0059069420943476634891097144506577867659
    0.6629725861123058372507514545648157339    -0.88534345250723871258008581273460969342     0.66887254859139784378578085331480420224   0.0059069420943476634891097144506577867659
  -0.88534345250723871258008581273460969342    -0.77762913360506712467066564183020604048     0.66887254859139784378578085331480420224   0.0059069420943476634891097144506577867659
  -0.77762913360506712467066564183020604048    -0.88534345250723871258008581273460969342     0.66887254859139784378578085331480420224   0.0059069420943476634891097144506577867659
  -0.30908345474064205731448561615837205722     0.17003436870062465464876626280372582146    -0.30639216523538254632241041839427113546     0.02259200867214703124058560417455226198
   0.17003436870062465464876626280372582146    -0.30908345474064205731448561615837205722    -0.30639216523538254632241041839427113546     0.02259200867214703124058560417455226198
  -0.86095091395998259733428064664535376423     0.17003436870062465464876626280372582146    -0.30639216523538254632241041839427113546     0.02259200867214703124058560417455226198
   0.17003436870062465464876626280372582146    -0.86095091395998259733428064664535376423    -0.30639216523538254632241041839427113546     0.02259200867214703124058560417455226198
  -0.86095091395998259733428064664535376423    -0.30908345474064205731448561615837205722    -0.30639216523538254632241041839427113546     0.02259200867214703124058560417455226198
  -0.30908345474064205731448561615837205722    -0.86095091395998259733428064664535376423    -0.30639216523538254632241041839427113546     0.02259200867214703124058560417455226198
  -0.30908345474064205731448561615837205722     0.17003436870062465464876626280372582146     0.30639216523538254632241041839427113546     0.02259200867214703124058560417455226198
   0.17003436870062465464876626280372582146    -0.30908345474064205731448561615837205722     0.30639216523538254632241041839427113546     0.02259200867214703124058560417455226198
  -0.86095091395998259733428064664535376423     0.17003436870062465464876626280372582146     0.30639216523538254632241041839427113546     0.02259200867214703124058560417455226198
   0.17003436870062465464876626280372582146    -0.86095091395998259733428064664535376423     0.30639216523538254632241041839427113546     0.02259200867214703124058560417455226198
  -0.86095091395998259733428064664535376423    -0.30908345474064205731448561615837205722     0.30639216523538254632241041839427113546     0.02259200867214703124058560417455226198
  -0.30908345474064205731448561615837205722    -0.86095091395998259733428064664535376423     0.30639216523538254632241041839427113546     0.02259200867214703124058560417455226198
  -0.56090207572884223571951215393554682585     0.40805382119349578288617955847056112633     -0.6567484782752369726183299116973994292    0.015898386978020331496291311707151061712
   0.40805382119349578288617955847056112633    -0.56090207572884223571951215393554682585     -0.6567484782752369726183299116973994292    0.015898386978020331496291311707151061712
  -0.84715174546465354716666740453501430047     0.40805382119349578288617955847056112633     -0.6567484782752369726183299116973994292    0.015898386978020331496291311707151061712
   0.40805382119349578288617955847056112633    -0.84715174546465354716666740453501430047     -0.6567484782752369726183299116973994292    0.015898386978020331496291311707151061712
  -0.84715174546465354716666740453501430047    -0.56090207572884223571951215393554682585     -0.6567484782752369726183299116973994292    0.015898386978020331496291311707151061712
  -0.56090207572884223571951215393554682585    -0.84715174546465354716666740453501430047     -0.6567484782752369726183299116973994292    0.015898386978020331496291311707151061712
  -0.56090207572884223571951215393554682585     0.40805382119349578288617955847056112633      0.6567484782752369726183299116973994292    0.015898386978020331496291311707151061712
   0.40805382119349578288617955847056112633    -0.56090207572884223571951215393554682585      0.6567484782752369726183299116973994292    0.015898386978020331496291311707151061712
  -0.84715174546465354716666740453501430047     0.40805382119349578288617955847056112633      0.6567484782752369726183299116973994292    0.015898386978020331496291311707151061712
   0.40805382119349578288617955847056112633    -0.84715174546465354716666740453501430047      0.6567484782752369726183299116973994292    0.015898386978020331496291311707151061712
  -0.84715174546465354716666740453501430047    -0.56090207572884223571951215393554682585      0.6567484782752369726183299116973994292    0.015898386978020331496291311707151061712
  -0.56090207572884223571951215393554682585    -0.84715174546465354716666740453501430047      0.6567484782752369726183299116973994292    0.015898386978020331496291311707151061712
  -0.44322583152042374974945111429308211235       0.226245116780423139729785507593709388    -0.97897890224131402760526221043572873134   0.0055094695703821316069923024568230090229
     0.226245116780423139729785507593709388    -0.44322583152042374974945111429308211235    -0.97897890224131402760526221043572873134   0.0055094695703821316069923024568230090229
  -0.78301928525999938998033439330062727565       0.226245116780423139729785507593709388    -0.97897890224131402760526221043572873134   0.0055094695703821316069923024568230090229
     0.226245116780423139729785507593709388    -0.78301928525999938998033439330062727565    -0.97897890224131402760526221043572873134   0.0055094695703821316069923024568230090229
  -0.78301928525999938998033439330062727565    -0.44322583152042374974945111429308211235    -0.97897890224131402760526221043572873134   0.0055094695703821316069923024568230090229
  -0.44322583152042374974945111429308211235    -0.78301928525999938998033439330062727565    -0.97897890224131402760526221043572873134   0.0055094695703821316069923024568230090229
  -0.44322583152042374974945111429308211235       0.226245116780423139729785507593709388     0.97897890224131402760526221043572873134   0.0055094695703821316069923024568230090229
     0.226245116780423139729785507593709388    -0.44322583152042374974945111429308211235     0.97897890224131402760526221043572873134   0.0055094695703821316069923024568230090229
  -0.78301928525999938998033439330062727565       0.226245116780423139729785507593709388     0.97897890224131402760526221043572873134   0.0055094695703821316069923024568230090229
     0.226245116780423139729785507593709388    -0.78301928525999938998033439330062727565     0.97897890224131402760526221043572873134   0.0055094695703821316069923024568230090229
  -0.78301928525999938998033439330062727565    -0.44322583152042374974945111429308211235     0.97897890224131402760526221043572873134   0.0055094695703821316069923024568230090229
  -0.44322583152042374974945111429308211235    -0.78301928525999938998033439330062727565     0.97897890224131402760526221043572873134   0.0055094695703821316069923024568230090229
  -0.32725459656146650887782798620762970582    0.079142864134385570801063641604036953337     -0.7834818044372325990608915975375608488    0.018378959903837398743376793280474893024
  0.079142864134385570801063641604036953337    -0.32725459656146650887782798620762970582     -0.7834818044372325990608915975375608488    0.018378959903837398743376793280474893024
  -0.75188826757291906192323565539640724752    0.079142864134385570801063641604036953337     -0.7834818044372325990608915975375608488    0.018378959903837398743376793280474893024
  0.079142864134385570801063641604036953337    -0.75188826757291906192323565539640724752     -0.7834818044372325990608915975375608488    0.018378959903837398743376793280474893024
  -0.75188826757291906192323565539640724752    -0.32725459656146650887782798620762970582     -0.7834818044372325990608915975375608488    0.018378959903837398743376793280474893024
  -0.32725459656146650887782798620762970582    -0.75188826757291906192323565539640724752     -0.7834818044372325990608915975375608488    0.018378959903837398743376793280474893024
  -0.32725459656146650887782798620762970582    0.079142864134385570801063641604036953337      0.7834818044372325990608915975375608488    0.018378959903837398743376793280474893024
  0.079142864134385570801063641604036953337    -0.32725459656146650887782798620762970582      0.7834818044372325990608915975375608488    0.018378959903837398743376793280474893024
  -0.75188826757291906192323565539640724752    0.079142864134385570801063641604036953337      0.7834818044372325990608915975375608488    0.018378959903837398743376793280474893024
  0.079142864134385570801063641604036953337    -0.75188826757291906192323565539640724752      0.7834818044372325990608915975375608488    0.018378959903837398743376793280474893024
  -0.75188826757291906192323565539640724752    -0.32725459656146650887782798620762970582      0.7834818044372325990608915975375608488    0.018378959903837398743376793280474893024
  -0.32725459656146650887782798620762970582    -0.75188826757291906192323565539640724752      0.7834818044372325990608915975375608488    0.018378959903837398743376793280474893024
  -0.50533450616260587777423170650671663639     0.19242828715190496976412370893409539879    -0.50882310770800933996889841584601715647    0.019969333774969523279517520913176123858
   0.19242828715190496976412370893409539879    -0.50533450616260587777423170650671663639    -0.50882310770800933996889841584601715647    0.019969333774969523279517520913176123858
   -0.6870937809892990919898920024273787624     0.19242828715190496976412370893409539879    -0.50882310770800933996889841584601715647    0.019969333774969523279517520913176123858
   0.19242828715190496976412370893409539879     -0.6870937809892990919898920024273787624    -0.50882310770800933996889841584601715647    0.019969333774969523279517520913176123858
   -0.6870937809892990919898920024273787624    -0.50533450616260587777423170650671663639    -0.50882310770800933996889841584601715647    0.019969333774969523279517520913176123858
  -0.50533450616260587777423170650671663639     -0.6870937809892990919898920024273787624    -0.50882310770800933996889841584601715647    0.019969333774969523279517520913176123858
  -0.50533450616260587777423170650671663639     0.19242828715190496976412370893409539879     0.50882310770800933996889841584601715647    0.019969333774969523279517520913176123858
   0.19242828715190496976412370893409539879    -0.50533450616260587777423170650671663639     0.50882310770800933996889841584601715647    0.019969333774969523279517520913176123858
   -0.6870937809892990919898920024273787624     0.19242828715190496976412370893409539879     0.50882310770800933996889841584601715647    0.019969333774969523279517520913176123858
   0.19242828715190496976412370893409539879     -0.6870937809892990919898920024273787624     0.50882310770800933996889841584601715647    0.019969333774969523279517520913176123858
   -0.6870937809892990919898920024273787624    -0.50533450616260587777423170650671663639     0.50882310770800933996889841584601715647    0.019969333774969523279517520913176123858
  -0.50533450616260587777423170650671663639     -0.6870937809892990919898920024273787624     0.50882310770800933996889841584601715647    0.019969333774969523279517520913176123858
  -0.39634703266264134102080424372305413294    0.046753288986592243137881447117674964593    -0.21590238356151616171436610136975493017     0.02255825501117335837205941850979027476
  0.046753288986592243137881447117674964593    -0.39634703266264134102080424372305413294    -0.21590238356151616171436610136975493017     0.02255825501117335837205941850979027476
  -0.65040625632395090211707720339462083166    0.046753288986592243137881447117674964593    -0.21590238356151616171436610136975493017     0.02255825501117335837205941850979027476
  0.046753288986592243137881447117674964593    -0.65040625632395090211707720339462083166    -0.21590238356151616171436610136975493017     0.02255825501117335837205941850979027476
  -0.65040625632395090211707720339462083166    -0.39634703266264134102080424372305413294    -0.21590238356151616171436610136975493017     0.02255825501117335837205941850979027476
  -0.39634703266264134102080424372305413294    -0.65040625632395090211707720339462083166    -0.21590238356151616171436610136975493017     0.02255825501117335837205941850979027476
  -0.39634703266264134102080424372305413294    0.046753288986592243137881447117674964593     0.21590238356151616171436610136975493017     0.02255825501117335837205941850979027476
  0.046753288986592243137881447117674964593    -0.39634703266264134102080424372305413294     0.21590238356151616171436610136975493017     0.02255825501117335837205941850979027476
  -0.65040625632395090211707720339462083166    0.046753288986592243137881447117674964593     0.21590238356151616171436610136975493017     0.02255825501117335837205941850979027476
  0.046753288986592243137881447117674964593    -0.65040625632395090211707720339462083166     0.21590238356151616171436610136975493017     0.02255825501117335837205941850979027476
  -0.65040625632395090211707720339462083166    -0.39634703266264134102080424372305413294     0.21590238356151616171436610136975493017     0.02255825501117335837205941850979027476
  -0.39634703266264134102080424372305413294    -0.65040625632395090211707720339462083166     0.21590238356151616171436610136975493017     0.02255825501117335837205941850979027476

