 -0.33333333333333333333333333333333333333   -0.33333333333333333333333333333333333333   -0.22443386610599057286592461466529935585   0.082939746571421834033180571412028667484
 -0.33333333333333333333333333333333333333   -0.33333333333333333333333333333333333333    0.22443386610599057286592461466529935585   0.082939746571421834033180571412028667484
 -0.33333333333333333333333333333333333333   -0.33333333333333333333333333333333333333   -0.68182544157086581170215168002374039522    0.20435770844872619128158195584935122282
 -0.33333333333333333333333333333333333333   -0.33333333333333333333333333333333333333    0.68182544157086581170215168002374039522    0.20435770844872619128158195584935122282
 -0.89317529812618572284389086719897089711    0.78635059625237144568778173439794179421                                           0   0.072608995136598867700988758862181257017
  0.78635059625237144568778173439794179421   -0.89317529812618572284389086719897089711                                           0   0.072608995136598867700988758862181257017
 -0.89317529812618572284389086719897089711   -0.89317529812618572284389086719897089711                                           0   0.072608995136598867700988758862181257017
-0.079822074372578761440178266060788079463   -0.84035585125484247711964346787842384107                                           0     0.2107989796260286741645220068699562506
 -0.84035585125484247711964346787842384107  -0.079822074372578761440178266060788079463                                           0     0.2107989796260286741645220068699562506
-0.079822074372578761440178266060788079463  -0.079822074372578761440178266060788079463                                           0     0.2107989796260286741645220068699562506
-0.082861862418097326120000870246452008956   -0.83427627516380534775999825950709598209   -0.87619591000025424474025327234232345955   0.084346037174345969123924723988899397111
 -0.83427627516380534775999825950709598209  -0.082861862418097326120000870246452008956   -0.87619591000025424474025327234232345955   0.084346037174345969123924723988899397111
-0.082861862418097326120000870246452008956  -0.082861862418097326120000870246452008956   -0.87619591000025424474025327234232345955   0.084346037174345969123924723988899397111
-0.082861862418097326120000870246452008956   -0.83427627516380534775999825950709598209    0.87619591000025424474025327234232345955   0.084346037174345969123924723988899397111
 -0.83427627516380534775999825950709598209  -0.082861862418097326120000870246452008956    0.87619591000025424474025327234232345955   0.084346037174345969123924723988899397111
-0.082861862418097326120000870246452008956  -0.082861862418097326120000870246452008956    0.87619591000025424474025327234232345955   0.084346037174345969123924723988899397111
 -0.65187678415125922476703025933216051413    0.30375356830251844953406051866432102826   -0.40608422935459024220472507696440370377    0.16251705063595730345650668876189645828
  0.30375356830251844953406051866432102826   -0.65187678415125922476703025933216051413   -0.40608422935459024220472507696440370377    0.16251705063595730345650668876189645828
 -0.65187678415125922476703025933216051413   -0.65187678415125922476703025933216051413   -0.40608422935459024220472507696440370377    0.16251705063595730345650668876189645828
 -0.65187678415125922476703025933216051413    0.30375356830251844953406051866432102826    0.40608422935459024220472507696440370377    0.16251705063595730345650668876189645828
  0.30375356830251844953406051866432102826   -0.65187678415125922476703025933216051413    0.40608422935459024220472507696440370377    0.16251705063595730345650668876189645828
 -0.65187678415125922476703025933216051413   -0.65187678415125922476703025933216051413    0.40608422935459024220472507696440370377    0.16251705063595730345650668876189645828
 -0.90552242832046124932977560924577476395     0.8110448566409224986595512184915495279   -0.82881544305868020493486275746014093078   0.028581431014154463281085418946775972209
   0.8110448566409224986595512184915495279   -0.90552242832046124932977560924577476395   -0.82881544305868020493486275746014093078   0.028581431014154463281085418946775972209
 -0.90552242832046124932977560924577476395   -0.90552242832046124932977560924577476395   -0.82881544305868020493486275746014093078   0.028581431014154463281085418946775972209
 -0.90552242832046124932977560924577476395     0.8110448566409224986595512184915495279    0.82881544305868020493486275746014093078   0.028581431014154463281085418946775972209
   0.8110448566409224986595512184915495279   -0.90552242832046124932977560924577476395    0.82881544305868020493486275746014093078   0.028581431014154463281085418946775972209
 -0.90552242832046124932977560924577476395   -0.90552242832046124932977560924577476395    0.82881544305868020493486275746014093078   0.028581431014154463281085418946775972209
 -0.68050147211482206696479393170526142918    0.36100294422964413392958786341052285835   -0.96586516654065435448682371732369762245   0.044572109393861233332081245114974812183
  0.36100294422964413392958786341052285835   -0.68050147211482206696479393170526142918   -0.96586516654065435448682371732369762245   0.044572109393861233332081245114974812183
 -0.68050147211482206696479393170526142918   -0.68050147211482206696479393170526142918   -0.96586516654065435448682371732369762245   0.044572109393861233332081245114974812183
 -0.68050147211482206696479393170526142918    0.36100294422964413392958786341052285835    0.96586516654065435448682371732369762245   0.044572109393861233332081245114974812183
  0.36100294422964413392958786341052285835   -0.68050147211482206696479393170526142918    0.96586516654065435448682371732369762245   0.044572109393861233332081245114974812183
 -0.68050147211482206696479393170526142918   -0.68050147211482206696479393170526142918    0.96586516654065435448682371732369762245   0.044572109393861233332081245114974812183
  -0.4743723986175179830847346899909858658    0.45719614360199995718682043629988661246   -0.57735026918962576450914878050195745565   0.054590116363492292384362848950462321489
  0.45719614360199995718682043629988661246    -0.4743723986175179830847346899909858658   -0.57735026918962576450914878050195745565   0.054590116363492292384362848950462321489
 -0.98282374498448197410208574630890074666    0.45719614360199995718682043629988661246   -0.57735026918962576450914878050195745565   0.054590116363492292384362848950462321489
  0.45719614360199995718682043629988661246   -0.98282374498448197410208574630890074666   -0.57735026918962576450914878050195745565   0.054590116363492292384362848950462321489
 -0.98282374498448197410208574630890074666    -0.4743723986175179830847346899909858658   -0.57735026918962576450914878050195745565   0.054590116363492292384362848950462321489
  -0.4743723986175179830847346899909858658   -0.98282374498448197410208574630890074666   -0.57735026918962576450914878050195745565   0.054590116363492292384362848950462321489
  -0.4743723986175179830847346899909858658    0.45719614360199995718682043629988661246    0.57735026918962576450914878050195745565   0.054590116363492292384362848950462321489
  0.45719614360199995718682043629988661246    -0.4743723986175179830847346899909858658    0.57735026918962576450914878050195745565   0.054590116363492292384362848950462321489
 -0.98282374498448197410208574630890074666    0.45719614360199995718682043629988661246    0.57735026918962576450914878050195745565   0.054590116363492292384362848950462321489
  0.45719614360199995718682043629988661246   -0.98282374498448197410208574630890074666    0.57735026918962576450914878050195745565   0.054590116363492292384362848950462321489
 -0.98282374498448197410208574630890074666    -0.4743723986175179830847346899909858658    0.57735026918962576450914878050195745565   0.054590116363492292384362848950462321489
  -0.4743723986175179830847346899909858658   -0.98282374498448197410208574630890074666    0.57735026918962576450914878050195745565   0.054590116363492292384362848950462321489
