  -0.33333333333333333333333333333333333333    -0.33333333333333333333333333333333333333    -0.59990344034104808290274291306186867786    0.062179587400270908677770846864783364768
  -0.33333333333333333333333333333333333333    -0.33333333333333333333333333333333333333     0.59990344034104808290274291306186867786    0.062179587400270908677770846864783364768
  -0.33333333333333333333333333333333333333    -0.33333333333333333333333333333333333333    -0.96302454245462339184797610142398993551    0.027352733896942333758968140165435453757
  -0.33333333333333333333333333333333333333    -0.33333333333333333333333333333333333333     0.96302454245462339184797610142398993551    0.027352733896942333758968140165435453757
  -0.95551804784960971496508290016707196677     0.91103609569921942993016580033414393353                                            0     0.01096864139391234176862071224846727767
   0.91103609569921942993016580033414393353    -0.95551804784960971496508290016707196677                                            0     0.01096864139391234176862071224846727767
  -0.95551804784960971496508290016707196677    -0.95551804784960971496508290016707196677                                            0     0.01096864139391234176862071224846727767
  -0.55357151356203407780198576468773439524     0.10714302712406815560397152937546879048                                            0    0.060142520261628374816833969342315404968
   0.10714302712406815560397152937546879048    -0.55357151356203407780198576468773439524                                            0    0.060142520261628374816833969342315404968
  -0.55357151356203407780198576468773439524    -0.55357151356203407780198576468773439524                                            0    0.060142520261628374816833969342315404968
 -0.062549496664141912349286303153376438395    -0.87490100667171617530142739369324712321                                            0    0.047641725272878934500832841019541448183
  -0.87490100667171617530142739369324712321   -0.062549496664141912349286303153376438395                                            0    0.047641725272878934500832841019541448183
 -0.062549496664141912349286303153376438395   -0.062549496664141912349286303153376438395                                            0    0.047641725272878934500832841019541448183
   -0.9904985600334752601393951474875854198     0.98099712006695052027879029497517083961    -0.99425494915682260012897658619277153282  0.00041858842567044966704045611633419125303
   0.98099712006695052027879029497517083961     -0.9904985600334752601393951474875854198    -0.99425494915682260012897658619277153282  0.00041858842567044966704045611633419125303
   -0.9904985600334752601393951474875854198     -0.9904985600334752601393951474875854198    -0.99425494915682260012897658619277153282  0.00041858842567044966704045611633419125303
   -0.9904985600334752601393951474875854198     0.98099712006695052027879029497517083961     0.99425494915682260012897658619277153282  0.00041858842567044966704045611633419125303
   0.98099712006695052027879029497517083961     -0.9904985600334752601393951474875854198     0.99425494915682260012897658619277153282  0.00041858842567044966704045611633419125303
   -0.9904985600334752601393951474875854198     -0.9904985600334752601393951474875854198     0.99425494915682260012897658619277153282  0.00041858842567044966704045611633419125303
  -0.94228453846597700035545437722218259256     0.88456907693195400071090875444436518513    -0.69132379117984691663214313971318268376     0.01026411413245300605998856177961661616
   0.88456907693195400071090875444436518513    -0.94228453846597700035545437722218259256    -0.69132379117984691663214313971318268376     0.01026411413245300605998856177961661616
  -0.94228453846597700035545437722218259256    -0.94228453846597700035545437722218259256    -0.69132379117984691663214313971318268376     0.01026411413245300605998856177961661616
  -0.94228453846597700035545437722218259256     0.88456907693195400071090875444436518513     0.69132379117984691663214313971318268376     0.01026411413245300605998856177961661616
   0.88456907693195400071090875444436518513    -0.94228453846597700035545437722218259256     0.69132379117984691663214313971318268376     0.01026411413245300605998856177961661616
  -0.94228453846597700035545437722218259256    -0.94228453846597700035545437722218259256     0.69132379117984691663214313971318268376     0.01026411413245300605998856177961661616
  -0.81853122705169889042840251545751833925      0.6370624541033977808568050309150366785    -0.91910380858284059229128304465657199706     0.01197803839508717768831990986197574157
    0.6370624541033977808568050309150366785    -0.81853122705169889042840251545751833925    -0.91910380858284059229128304465657199706     0.01197803839508717768831990986197574157
  -0.81853122705169889042840251545751833925    -0.81853122705169889042840251545751833925    -0.91910380858284059229128304465657199706     0.01197803839508717768831990986197574157
  -0.81853122705169889042840251545751833925      0.6370624541033977808568050309150366785     0.91910380858284059229128304465657199706     0.01197803839508717768831990986197574157
    0.6370624541033977808568050309150366785    -0.81853122705169889042840251545751833925     0.91910380858284059229128304465657199706     0.01197803839508717768831990986197574157
  -0.81853122705169889042840251545751833925    -0.81853122705169889042840251545751833925     0.91910380858284059229128304465657199706     0.01197803839508717768831990986197574157
  -0.74588175297865734617639589202122903359     0.49176350595731469235279178404245806719    -0.71093719528972719046076947950682166502    0.034242379117624300388050164993826889555
   0.49176350595731469235279178404245806719    -0.74588175297865734617639589202122903359    -0.71093719528972719046076947950682166502    0.034242379117624300388050164993826889555
  -0.74588175297865734617639589202122903359    -0.74588175297865734617639589202122903359    -0.71093719528972719046076947950682166502    0.034242379117624300388050164993826889555
  -0.74588175297865734617639589202122903359     0.49176350595731469235279178404245806719     0.71093719528972719046076947950682166502    0.034242379117624300388050164993826889555
   0.49176350595731469235279178404245806719    -0.74588175297865734617639589202122903359     0.71093719528972719046076947950682166502    0.034242379117624300388050164993826889555
  -0.74588175297865734617639589202122903359    -0.74588175297865734617639589202122903359     0.71093719528972719046076947950682166502    0.034242379117624300388050164993826889555
   -0.5697826701059163481659322858787365716      0.1395653402118326963318645717574731432    -0.92008222426706734100509408698963118088    0.025074283069629550671761355866353421468
    0.1395653402118326963318645717574731432     -0.5697826701059163481659322858787365716    -0.92008222426706734100509408698963118088    0.025074283069629550671761355866353421468
   -0.5697826701059163481659322858787365716     -0.5697826701059163481659322858787365716    -0.92008222426706734100509408698963118088    0.025074283069629550671761355866353421468
   -0.5697826701059163481659322858787365716      0.1395653402118326963318645717574731432     0.92008222426706734100509408698963118088    0.025074283069629550671761355866353421468
    0.1395653402118326963318645717574731432     -0.5697826701059163481659322858787365716     0.92008222426706734100509408698963118088    0.025074283069629550671761355866353421468
   -0.5697826701059163481659322858787365716     -0.5697826701059163481659322858787365716     0.92008222426706734100509408698963118088    0.025074283069629550671761355866353421468
  -0.54336963960525290619184775353575874352    0.086739279210505812383695507071517487033    -0.62342428403519500153291755005303528997    0.045968559515302681244607499953511026918
  0.086739279210505812383695507071517487033    -0.54336963960525290619184775353575874352    -0.62342428403519500153291755005303528997    0.045968559515302681244607499953511026918
  -0.54336963960525290619184775353575874352    -0.54336963960525290619184775353575874352    -0.62342428403519500153291755005303528997    0.045968559515302681244607499953511026918
  -0.54336963960525290619184775353575874352    0.086739279210505812383695507071517487033     0.62342428403519500153291755005303528997    0.045968559515302681244607499953511026918
  0.086739279210505812383695507071517487033    -0.54336963960525290619184775353575874352     0.62342428403519500153291755005303528997    0.045968559515302681244607499953511026918
  -0.54336963960525290619184775353575874352    -0.54336963960525290619184775353575874352     0.62342428403519500153291755005303528997    0.045968559515302681244607499953511026918
  -0.20071071173689715564491799825269660732    -0.59857857652620568871016400349460678536    -0.24851287048834750258642377482601729984    0.063254855518720272973005342553683325255
  -0.59857857652620568871016400349460678536    -0.20071071173689715564491799825269660732    -0.24851287048834750258642377482601729984    0.063254855518720272973005342553683325255
  -0.20071071173689715564491799825269660732    -0.20071071173689715564491799825269660732    -0.24851287048834750258642377482601729984    0.063254855518720272973005342553683325255
  -0.20071071173689715564491799825269660732    -0.59857857652620568871016400349460678536     0.24851287048834750258642377482601729984    0.063254855518720272973005342553683325255
  -0.59857857652620568871016400349460678536    -0.20071071173689715564491799825269660732     0.24851287048834750258642377482601729984    0.063254855518720272973005342553683325255
  -0.20071071173689715564491799825269660732    -0.20071071173689715564491799825269660732     0.24851287048834750258642377482601729984    0.063254855518720272973005342553683325255
  -0.12781751026153906011904105539456340135     -0.7443649794769218797619178892108731973    -0.80707124985142450463522836031434302072    0.055239914227396675970410163199296771633
   -0.7443649794769218797619178892108731973    -0.12781751026153906011904105539456340135    -0.80707124985142450463522836031434302072    0.055239914227396675970410163199296771633
  -0.12781751026153906011904105539456340135    -0.12781751026153906011904105539456340135    -0.80707124985142450463522836031434302072    0.055239914227396675970410163199296771633
  -0.12781751026153906011904105539456340135     -0.7443649794769218797619178892108731973     0.80707124985142450463522836031434302072    0.055239914227396675970410163199296771633
   -0.7443649794769218797619178892108731973    -0.12781751026153906011904105539456340135     0.80707124985142450463522836031434302072    0.055239914227396675970410163199296771633
  -0.12781751026153906011904105539456340135    -0.12781751026153906011904105539456340135     0.80707124985142450463522836031434302072    0.055239914227396675970410163199296771633
  -0.02482702686933826412741872173763202326    -0.95034594626132347174516255652473595348    -0.51264085093725050690677736723026204074    0.031063675180724138634017849817415925836
  -0.95034594626132347174516255652473595348    -0.02482702686933826412741872173763202326    -0.51264085093725050690677736723026204074    0.031063675180724138634017849817415925836
  -0.02482702686933826412741872173763202326    -0.02482702686933826412741872173763202326    -0.51264085093725050690677736723026204074    0.031063675180724138634017849817415925836
  -0.02482702686933826412741872173763202326    -0.95034594626132347174516255652473595348     0.51264085093725050690677736723026204074    0.031063675180724138634017849817415925836
  -0.95034594626132347174516255652473595348    -0.02482702686933826412741872173763202326     0.51264085093725050690677736723026204074    0.031063675180724138634017849817415925836
  -0.02482702686933826412741872173763202326    -0.02482702686933826412741872173763202326     0.51264085093725050690677736723026204074    0.031063675180724138634017849817415925836
  -0.01122587059264344801813961948567006558    -0.97754825881471310396372076102865986884    -0.91186889551608729886041101173322746623   0.0087406398808238794874487237368067903134
  -0.97754825881471310396372076102865986884    -0.01122587059264344801813961948567006558    -0.91186889551608729886041101173322746623   0.0087406398808238794874487237368067903134
  -0.01122587059264344801813961948567006558    -0.01122587059264344801813961948567006558    -0.91186889551608729886041101173322746623   0.0087406398808238794874487237368067903134
  -0.01122587059264344801813961948567006558    -0.97754825881471310396372076102865986884     0.91186889551608729886041101173322746623   0.0087406398808238794874487237368067903134
  -0.97754825881471310396372076102865986884    -0.01122587059264344801813961948567006558     0.91186889551608729886041101173322746623   0.0087406398808238794874487237368067903134
  -0.01122587059264344801813961948567006558    -0.01122587059264344801813961948567006558     0.91186889551608729886041101173322746623   0.0087406398808238794874487237368067903134
  -0.36839199669652511460161674512072233111      0.3592553757518830253934612975236946678                                            0    0.020492777294417192142788048265466563036
    0.3592553757518830253934612975236946678    -0.36839199669652511460161674512072233111                                            0    0.020492777294417192142788048265466563036
   -0.9908633790553579107918445524029723367      0.3592553757518830253934612975236946678                                            0    0.020492777294417192142788048265466563036
    0.3592553757518830253934612975236946678     -0.9908633790553579107918445524029723367                                            0    0.020492777294417192142788048265466563036
   -0.9908633790553579107918445524029723367    -0.36839199669652511460161674512072233111                                            0    0.020492777294417192142788048265466563036
  -0.36839199669652511460161674512072233111     -0.9908633790553579107918445524029723367                                            0    0.020492777294417192142788048265466563036
  -0.68923753934898762643661332319259408095     0.51473959358123427846798564392934289365                                            0    0.032951526301583799896884944478594824187
   0.51473959358123427846798564392934289365    -0.68923753934898762643661332319259408095                                            0    0.032951526301583799896884944478594824187
   -0.8255020542322466520313723207367488127     0.51473959358123427846798564392934289365                                            0    0.032951526301583799896884944478594824187
   0.51473959358123427846798564392934289365     -0.8255020542322466520313723207367488127                                            0    0.032951526301583799896884944478594824187
   -0.8255020542322466520313723207367488127    -0.68923753934898762643661332319259408095                                            0    0.032951526301583799896884944478594824187
  -0.68923753934898762643661332319259408095     -0.8255020542322466520313723207367488127                                            0    0.032951526301583799896884944478594824187
  -0.76476450063193474023289368152945721695     0.74577590504422049416667907085481080727    -0.93467181792835529953271040430984183383    0.004524576700711731777407193565330934606
   0.74577590504422049416667907085481080727    -0.76476450063193474023289368152945721695    -0.93467181792835529953271040430984183383    0.004524576700711731777407193565330934606
  -0.98101140441228575393378538932535359032     0.74577590504422049416667907085481080727    -0.93467181792835529953271040430984183383    0.004524576700711731777407193565330934606
   0.74577590504422049416667907085481080727    -0.98101140441228575393378538932535359032    -0.93467181792835529953271040430984183383    0.004524576700711731777407193565330934606
  -0.98101140441228575393378538932535359032    -0.76476450063193474023289368152945721695    -0.93467181792835529953271040430984183383    0.004524576700711731777407193565330934606
  -0.76476450063193474023289368152945721695    -0.98101140441228575393378538932535359032    -0.93467181792835529953271040430984183383    0.004524576700711731777407193565330934606
  -0.76476450063193474023289368152945721695     0.74577590504422049416667907085481080727     0.93467181792835529953271040430984183383    0.004524576700711731777407193565330934606
   0.74577590504422049416667907085481080727    -0.76476450063193474023289368152945721695     0.93467181792835529953271040430984183383    0.004524576700711731777407193565330934606
  -0.98101140441228575393378538932535359032     0.74577590504422049416667907085481080727     0.93467181792835529953271040430984183383    0.004524576700711731777407193565330934606
   0.74577590504422049416667907085481080727    -0.98101140441228575393378538932535359032     0.93467181792835529953271040430984183383    0.004524576700711731777407193565330934606
  -0.98101140441228575393378538932535359032    -0.76476450063193474023289368152945721695     0.93467181792835529953271040430984183383    0.004524576700711731777407193565330934606
  -0.76476450063193474023289368152945721695    -0.98101140441228575393378538932535359032     0.93467181792835529953271040430984183383    0.004524576700711731777407193565330934606
  -0.46770176319505848694586762828028269973     0.42091263077685558075587326224099800432    -0.75101222077917943681856208699540235355    0.021946513551021083402447208504715365011
   0.42091263077685558075587326224099800432    -0.46770176319505848694586762828028269973    -0.75101222077917943681856208699540235355    0.021946513551021083402447208504715365011
  -0.95321086758179709381000563396071530459     0.42091263077685558075587326224099800432    -0.75101222077917943681856208699540235355    0.021946513551021083402447208504715365011
   0.42091263077685558075587326224099800432    -0.95321086758179709381000563396071530459    -0.75101222077917943681856208699540235355    0.021946513551021083402447208504715365011
  -0.95321086758179709381000563396071530459    -0.46770176319505848694586762828028269973    -0.75101222077917943681856208699540235355    0.021946513551021083402447208504715365011
  -0.46770176319505848694586762828028269973    -0.95321086758179709381000563396071530459    -0.75101222077917943681856208699540235355    0.021946513551021083402447208504715365011
  -0.46770176319505848694586762828028269973     0.42091263077685558075587326224099800432     0.75101222077917943681856208699540235355    0.021946513551021083402447208504715365011
   0.42091263077685558075587326224099800432    -0.46770176319505848694586762828028269973     0.75101222077917943681856208699540235355    0.021946513551021083402447208504715365011
  -0.95321086758179709381000563396071530459     0.42091263077685558075587326224099800432     0.75101222077917943681856208699540235355    0.021946513551021083402447208504715365011
   0.42091263077685558075587326224099800432    -0.95321086758179709381000563396071530459     0.75101222077917943681856208699540235355    0.021946513551021083402447208504715365011
  -0.95321086758179709381000563396071530459    -0.46770176319505848694586762828028269973     0.75101222077917943681856208699540235355    0.021946513551021083402447208504715365011
  -0.46770176319505848694586762828028269973    -0.95321086758179709381000563396071530459     0.75101222077917943681856208699540235355    0.021946513551021083402447208504715365011
  -0.74960666117229345189501395100277141457     0.70114062103608505658854298186831364222    -0.37673304717607649674029170964638150645    0.023799273359698998662760811634810874756
   0.70114062103608505658854298186831364222    -0.74960666117229345189501395100277141457    -0.37673304717607649674029170964638150645    0.023799273359698998662760811634810874756
  -0.95153395986379160469352903086554222765     0.70114062103608505658854298186831364222    -0.37673304717607649674029170964638150645    0.023799273359698998662760811634810874756
   0.70114062103608505658854298186831364222    -0.95153395986379160469352903086554222765    -0.37673304717607649674029170964638150645    0.023799273359698998662760811634810874756
  -0.95153395986379160469352903086554222765    -0.74960666117229345189501395100277141457    -0.37673304717607649674029170964638150645    0.023799273359698998662760811634810874756
  -0.74960666117229345189501395100277141457    -0.95153395986379160469352903086554222765    -0.37673304717607649674029170964638150645    0.023799273359698998662760811634810874756
  -0.74960666117229345189501395100277141457     0.70114062103608505658854298186831364222     0.37673304717607649674029170964638150645    0.023799273359698998662760811634810874756
   0.70114062103608505658854298186831364222    -0.74960666117229345189501395100277141457     0.37673304717607649674029170964638150645    0.023799273359698998662760811634810874756
  -0.95153395986379160469352903086554222765     0.70114062103608505658854298186831364222     0.37673304717607649674029170964638150645    0.023799273359698998662760811634810874756
   0.70114062103608505658854298186831364222    -0.95153395986379160469352903086554222765     0.37673304717607649674029170964638150645    0.023799273359698998662760811634810874756
  -0.95153395986379160469352903086554222765    -0.74960666117229345189501395100277141457     0.37673304717607649674029170964638150645    0.023799273359698998662760811634810874756
  -0.74960666117229345189501395100277141457    -0.95153395986379160469352903086554222765     0.37673304717607649674029170964638150645    0.023799273359698998662760811634810874756
   -0.4033128822865821215766888872019209881     0.26683068646884975187793196694954875414    -0.97817972518580639489290914816194135416    0.011764559833306765914279254164926606012
   0.26683068646884975187793196694954875414     -0.4033128822865821215766888872019209881    -0.97817972518580639489290914816194135416    0.011764559833306765914279254164926606012
  -0.86351780418226763030124307974762776604     0.26683068646884975187793196694954875414    -0.97817972518580639489290914816194135416    0.011764559833306765914279254164926606012
   0.26683068646884975187793196694954875414    -0.86351780418226763030124307974762776604    -0.97817972518580639489290914816194135416    0.011764559833306765914279254164926606012
  -0.86351780418226763030124307974762776604     -0.4033128822865821215766888872019209881    -0.97817972518580639489290914816194135416    0.011764559833306765914279254164926606012
   -0.4033128822865821215766888872019209881    -0.86351780418226763030124307974762776604    -0.97817972518580639489290914816194135416    0.011764559833306765914279254164926606012
   -0.4033128822865821215766888872019209881     0.26683068646884975187793196694954875414     0.97817972518580639489290914816194135416    0.011764559833306765914279254164926606012
   0.26683068646884975187793196694954875414     -0.4033128822865821215766888872019209881     0.97817972518580639489290914816194135416    0.011764559833306765914279254164926606012
  -0.86351780418226763030124307974762776604     0.26683068646884975187793196694954875414     0.97817972518580639489290914816194135416    0.011764559833306765914279254164926606012
   0.26683068646884975187793196694954875414    -0.86351780418226763030124307974762776604     0.97817972518580639489290914816194135416    0.011764559833306765914279254164926606012
  -0.86351780418226763030124307974762776604     -0.4033128822865821215766888872019209881     0.97817972518580639489290914816194135416    0.011764559833306765914279254164926606012
   -0.4033128822865821215766888872019209881    -0.86351780418226763030124307974762776604     0.97817972518580639489290914816194135416    0.011764559833306765914279254164926606012
  -0.42620136423606016608868490590325256587     0.24762960249947344334487952988634517299    -0.38918218026947349286630108596346025672    0.056843459077237737986582309994491006897
   0.24762960249947344334487952988634517299    -0.42620136423606016608868490590325256587    -0.38918218026947349286630108596346025672    0.056843459077237737986582309994491006897
  -0.82142823826341327725619462398309260713     0.24762960249947344334487952988634517299    -0.38918218026947349286630108596346025672    0.056843459077237737986582309994491006897
   0.24762960249947344334487952988634517299    -0.82142823826341327725619462398309260713    -0.38918218026947349286630108596346025672    0.056843459077237737986582309994491006897
  -0.82142823826341327725619462398309260713    -0.42620136423606016608868490590325256587    -0.38918218026947349286630108596346025672    0.056843459077237737986582309994491006897
  -0.42620136423606016608868490590325256587    -0.82142823826341327725619462398309260713    -0.38918218026947349286630108596346025672    0.056843459077237737986582309994491006897
  -0.42620136423606016608868490590325256587     0.24762960249947344334487952988634517299     0.38918218026947349286630108596346025672    0.056843459077237737986582309994491006897
   0.24762960249947344334487952988634517299    -0.42620136423606016608868490590325256587     0.38918218026947349286630108596346025672    0.056843459077237737986582309994491006897
  -0.82142823826341327725619462398309260713     0.24762960249947344334487952988634517299     0.38918218026947349286630108596346025672    0.056843459077237737986582309994491006897
   0.24762960249947344334487952988634517299    -0.82142823826341327725619462398309260713     0.38918218026947349286630108596346025672    0.056843459077237737986582309994491006897
  -0.82142823826341327725619462398309260713    -0.42620136423606016608868490590325256587     0.38918218026947349286630108596346025672    0.056843459077237737986582309994491006897
  -0.42620136423606016608868490590325256587    -0.82142823826341327725619462398309260713     0.38918218026947349286630108596346025672    0.056843459077237737986582309994491006897

