  -0.33333333333333333333333333333333333333    -0.33333333333333333333333333333333333333                                           -1    0.038043108084240763009572271119163370293
  -0.33333333333333333333333333333333333333    -0.33333333333333333333333333333333333333                                            1    0.038043108084240763009572271119163370293
  -0.33333333333333333333333333333333333333    -0.33333333333333333333333333333333333333     -0.2838364013985715684657060577249329797     0.12804920643255787761445727849451714328
  -0.33333333333333333333333333333333333333    -0.33333333333333333333333333333333333333      0.2838364013985715684657060577249329797     0.12804920643255787761445727849451714328
  -0.58509925002156576804484663776694671178     0.17019850004313153608969327553389342357                                            0    0.045423158480136973856219994221831113886
   0.17019850004313153608969327553389342357    -0.58509925002156576804484663776694671178                                            0    0.045423158480136973856219994221831113886
  -0.58509925002156576804484663776694671178    -0.58509925002156576804484663776694671178                                            0    0.045423158480136973856219994221831113886
 -0.087745274263836468012344092631834458624    -0.82450945147232706397531181473633108275                                            0     0.12078661810034629566292168130821741978
  -0.82450945147232706397531181473633108275   -0.087745274263836468012344092631834458624                                            0     0.12078661810034629566292168130821741978
 -0.087745274263836468012344092631834458624   -0.087745274263836468012344092631834458624                                            0     0.12078661810034629566292168130821741978
  -0.83336149569989450879622615827585222698     0.66672299139978901759245231655170445397                                            0    0.070523638001611290833549221721909796384
   0.66672299139978901759245231655170445397    -0.83336149569989450879622615827585222698                                            0    0.070523638001611290833549221721909796384
  -0.83336149569989450879622615827585222698    -0.83336149569989450879622615827585222698                                            0    0.070523638001611290833549221721909796384
  -0.58566729572033783230931886738991607412     0.17133459144067566461863773477983214824    -0.47829026090036813970247985116366265217     0.10435318130434033235265655019864541098
   0.17133459144067566461863773477983214824    -0.58566729572033783230931886738991607412    -0.47829026090036813970247985116366265217     0.10435318130434033235265655019864541098
  -0.58566729572033783230931886738991607412    -0.58566729572033783230931886738991607412    -0.47829026090036813970247985116366265217     0.10435318130434033235265655019864541098
  -0.58566729572033783230931886738991607412     0.17133459144067566461863773477983214824     0.47829026090036813970247985116366265217     0.10435318130434033235265655019864541098
   0.17133459144067566461863773477983214824    -0.58566729572033783230931886738991607412     0.47829026090036813970247985116366265217     0.10435318130434033235265655019864541098
  -0.58566729572033783230931886738991607412    -0.58566729572033783230931886738991607412     0.47829026090036813970247985116366265217     0.10435318130434033235265655019864541098
  -0.71401760691431835996629386931253079667     0.42803521382863671993258773862506159333     -0.8520666639991396363392553699935906628    0.045353049770314160210925207718221960406
   0.42803521382863671993258773862506159333    -0.71401760691431835996629386931253079667     -0.8520666639991396363392553699935906628    0.045353049770314160210925207718221960406
  -0.71401760691431835996629386931253079667    -0.71401760691431835996629386931253079667     -0.8520666639991396363392553699935906628    0.045353049770314160210925207718221960406
  -0.71401760691431835996629386931253079667     0.42803521382863671993258773862506159333      0.8520666639991396363392553699935906628    0.045353049770314160210925207718221960406
   0.42803521382863671993258773862506159333    -0.71401760691431835996629386931253079667      0.8520666639991396363392553699935906628    0.045353049770314160210925207718221960406
  -0.71401760691431835996629386931253079667    -0.71401760691431835996629386931253079667      0.8520666639991396363392553699935906628    0.045353049770314160210925207718221960406
-0.0059182255205082649355625415633530872236    -0.98816354895898347012887491687329382555    -0.62749011164795345095028595959683589121    0.028126573654953943549801873601641305154
  -0.98816354895898347012887491687329382555  -0.0059182255205082649355625415633530872236    -0.62749011164795345095028595959683589121    0.028126573654953943549801873601641305154
-0.0059182255205082649355625415633530872236  -0.0059182255205082649355625415633530872236    -0.62749011164795345095028595959683589121    0.028126573654953943549801873601641305154
-0.0059182255205082649355625415633530872236    -0.98816354895898347012887491687329382555     0.62749011164795345095028595959683589121    0.028126573654953943549801873601641305154
  -0.98816354895898347012887491687329382555  -0.0059182255205082649355625415633530872236     0.62749011164795345095028595959683589121    0.028126573654953943549801873601641305154
-0.0059182255205082649355625415633530872236  -0.0059182255205082649355625415633530872236     0.62749011164795345095028595959683589121    0.028126573654953943549801873601641305154
  -0.14443508029301579714242731927948333445    -0.71112983941396840571514536144103333111    -0.76897188255294104672722599221030791768     0.09730006751474251906683045094709204535
  -0.71112983941396840571514536144103333111    -0.14443508029301579714242731927948333445    -0.76897188255294104672722599221030791768     0.09730006751474251906683045094709204535
  -0.14443508029301579714242731927948333445    -0.14443508029301579714242731927948333445    -0.76897188255294104672722599221030791768     0.09730006751474251906683045094709204535
  -0.14443508029301579714242731927948333445    -0.71112983941396840571514536144103333111     0.76897188255294104672722599221030791768     0.09730006751474251906683045094709204535
  -0.71112983941396840571514536144103333111    -0.14443508029301579714242731927948333445     0.76897188255294104672722599221030791768     0.09730006751474251906683045094709204535
  -0.14443508029301579714242731927948333445    -0.14443508029301579714242731927948333445     0.76897188255294104672722599221030791768     0.09730006751474251906683045094709204535
  -0.92655062106089238633040808286062465799     0.85310124212178477266081616572124931598    -0.94536185592175700771401046143327478453   0.0075697428403356175236518069263715176348
   0.85310124212178477266081616572124931598    -0.92655062106089238633040808286062465799    -0.94536185592175700771401046143327478453   0.0075697428403356175236518069263715176348
  -0.92655062106089238633040808286062465799    -0.92655062106089238633040808286062465799    -0.94536185592175700771401046143327478453   0.0075697428403356175236518069263715176348
  -0.92655062106089238633040808286062465799     0.85310124212178477266081616572124931598     0.94536185592175700771401046143327478453   0.0075697428403356175236518069263715176348
   0.85310124212178477266081616572124931598    -0.92655062106089238633040808286062465799     0.94536185592175700771401046143327478453   0.0075697428403356175236518069263715176348
  -0.92655062106089238633040808286062465799    -0.92655062106089238633040808286062465799     0.94536185592175700771401046143327478453   0.0075697428403356175236518069263715176348
  -0.99621476080190120325860648054065438352     0.99582008190465265332555390082623777504                                            0   0.0031208636401827010315915455956052660089
   0.99582008190465265332555390082623777504    -0.99621476080190120325860648054065438352                                            0   0.0031208636401827010315915455956052660089
  -0.99960532110275145006694742028558339152     0.99582008190465265332555390082623777504                                            0   0.0031208636401827010315915455956052660089
   0.99582008190465265332555390082623777504    -0.99960532110275145006694742028558339152                                            0   0.0031208636401827010315915455956052660089
  -0.99960532110275145006694742028558339152    -0.99621476080190120325860648054065438352                                            0   0.0031208636401827010315915455956052660089
  -0.99621476080190120325860648054065438352    -0.99960532110275145006694742028558339152                                            0   0.0031208636401827010315915455956052660089
  -0.91342063244101618001407082339238449491      0.3255064864791910018042153093720481789    -0.94236346745083749482627300953387466221    0.024183540649806648348002441154357646858
    0.3255064864791910018042153093720481789    -0.91342063244101618001407082339238449491    -0.94236346745083749482627300953387466221    0.024183540649806648348002441154357646858
  -0.41208585403817482179014448597966368399      0.3255064864791910018042153093720481789    -0.94236346745083749482627300953387466221    0.024183540649806648348002441154357646858
    0.3255064864791910018042153093720481789    -0.41208585403817482179014448597966368399    -0.94236346745083749482627300953387466221    0.024183540649806648348002441154357646858
  -0.41208585403817482179014448597966368399    -0.91342063244101618001407082339238449491    -0.94236346745083749482627300953387466221    0.024183540649806648348002441154357646858
  -0.91342063244101618001407082339238449491    -0.41208585403817482179014448597966368399    -0.94236346745083749482627300953387466221    0.024183540649806648348002441154357646858
  -0.91342063244101618001407082339238449491      0.3255064864791910018042153093720481789     0.94236346745083749482627300953387466221    0.024183540649806648348002441154357646858
    0.3255064864791910018042153093720481789    -0.91342063244101618001407082339238449491     0.94236346745083749482627300953387466221    0.024183540649806648348002441154357646858
  -0.41208585403817482179014448597966368399      0.3255064864791910018042153093720481789     0.94236346745083749482627300953387466221    0.024183540649806648348002441154357646858
    0.3255064864791910018042153093720481789    -0.41208585403817482179014448597966368399     0.94236346745083749482627300953387466221    0.024183540649806648348002441154357646858
  -0.41208585403817482179014448597966368399    -0.91342063244101618001407082339238449491     0.94236346745083749482627300953387466221    0.024183540649806648348002441154357646858
  -0.91342063244101618001407082339238449491    -0.41208585403817482179014448597966368399     0.94236346745083749482627300953387466221    0.024183540649806648348002441154357646858
   -0.9234169616555928413056660388640430162     0.37513146835671456389900781390965761438    -0.33533610866739435446116498131265141599     0.05460310873669147926531122821390556603
   0.37513146835671456389900781390965761438     -0.9234169616555928413056660388640430162    -0.33533610866739435446116498131265141599     0.05460310873669147926531122821390556603
  -0.45171450670112172259334177504561459817     0.37513146835671456389900781390965761438    -0.33533610866739435446116498131265141599     0.05460310873669147926531122821390556603
   0.37513146835671456389900781390965761438    -0.45171450670112172259334177504561459817    -0.33533610866739435446116498131265141599     0.05460310873669147926531122821390556603
  -0.45171450670112172259334177504561459817     -0.9234169616555928413056660388640430162    -0.33533610866739435446116498131265141599     0.05460310873669147926531122821390556603
   -0.9234169616555928413056660388640430162    -0.45171450670112172259334177504561459817    -0.33533610866739435446116498131265141599     0.05460310873669147926531122821390556603
   -0.9234169616555928413056660388640430162     0.37513146835671456389900781390965761438     0.33533610866739435446116498131265141599     0.05460310873669147926531122821390556603
   0.37513146835671456389900781390965761438     -0.9234169616555928413056660388640430162     0.33533610866739435446116498131265141599     0.05460310873669147926531122821390556603
  -0.45171450670112172259334177504561459817     0.37513146835671456389900781390965761438     0.33533610866739435446116498131265141599     0.05460310873669147926531122821390556603
   0.37513146835671456389900781390965761438    -0.45171450670112172259334177504561459817     0.33533610866739435446116498131265141599     0.05460310873669147926531122821390556603
  -0.45171450670112172259334177504561459817     -0.9234169616555928413056660388640430162     0.33533610866739435446116498131265141599     0.05460310873669147926531122821390556603
   -0.9234169616555928413056660388640430162    -0.45171450670112172259334177504561459817     0.33533610866739435446116498131265141599     0.05460310873669147926531122821390556603
  -0.96792121274553310722108842071500064645     0.74052721727873797554079834546410281777    -0.61432350187707741015732547519719343903    0.024769538519410488660113297222678366236
   0.74052721727873797554079834546410281777    -0.96792121274553310722108842071500064645    -0.61432350187707741015732547519719343903    0.024769538519410488660113297222678366236
  -0.77260600453320486831970992474910217133     0.74052721727873797554079834546410281777    -0.61432350187707741015732547519719343903    0.024769538519410488660113297222678366236
   0.74052721727873797554079834546410281777    -0.77260600453320486831970992474910217133    -0.61432350187707741015732547519719343903    0.024769538519410488660113297222678366236
  -0.77260600453320486831970992474910217133    -0.96792121274553310722108842071500064645    -0.61432350187707741015732547519719343903    0.024769538519410488660113297222678366236
  -0.96792121274553310722108842071500064645    -0.77260600453320486831970992474910217133    -0.61432350187707741015732547519719343903    0.024769538519410488660113297222678366236
  -0.96792121274553310722108842071500064645     0.74052721727873797554079834546410281777     0.61432350187707741015732547519719343903    0.024769538519410488660113297222678366236
   0.74052721727873797554079834546410281777    -0.96792121274553310722108842071500064645     0.61432350187707741015732547519719343903    0.024769538519410488660113297222678366236
  -0.77260600453320486831970992474910217133     0.74052721727873797554079834546410281777     0.61432350187707741015732547519719343903    0.024769538519410488660113297222678366236
   0.74052721727873797554079834546410281777    -0.77260600453320486831970992474910217133     0.61432350187707741015732547519719343903    0.024769538519410488660113297222678366236
  -0.77260600453320486831970992474910217133    -0.96792121274553310722108842071500064645     0.61432350187707741015732547519719343903    0.024769538519410488660113297222678366236
  -0.96792121274553310722108842071500064645    -0.77260600453320486831970992474910217133     0.61432350187707741015732547519719343903    0.024769538519410488660113297222678366236
