   -0.33333333333333333333333333333333333333     -0.33333333333333333333333333333333333333     -0.55138315007763066676750146477445715677     0.045724952094060422821714706734809921639
   -0.33333333333333333333333333333333333333     -0.33333333333333333333333333333333333333      0.55138315007763066676750146477445715677     0.045724952094060422821714706734809921639
   -0.33333333333333333333333333333333333333     -0.33333333333333333333333333333333333333      -0.9189589247949992658666360426396378944     0.011728880077370523625202667473850336176
   -0.33333333333333333333333333333333333333     -0.33333333333333333333333333333333333333       0.9189589247949992658666360426396378944     0.011728880077370523625202667473850336176
   -0.97089739861978231253082179280974678731      0.94179479723956462506164358561949357462                                             0    0.0036516148686390098119111900444286329677
    0.94179479723956462506164358561949357462     -0.97089739861978231253082179280974678731                                             0    0.0036516148686390098119111900444286329677
   -0.97089739861978231253082179280974678731     -0.97089739861978231253082179280974678731                                             0    0.0036516148686390098119111900444286329677
    -0.8214203459927994909940077878095350458       0.6428406919855989819880155756190700916                                             0     0.017926911442179366005936467365502402457
     0.6428406919855989819880155756190700916      -0.8214203459927994909940077878095350458                                             0     0.017926911442179366005936467365502402457
    -0.8214203459927994909940077878095350458      -0.8214203459927994909940077878095350458                                             0     0.017926911442179366005936467365502402457
   -0.63341851373077890486967672757736957121      0.26683702746155780973935345515473914243                                             0    0.0094672726364167494921341185837149933701
    0.26683702746155780973935345515473914243     -0.63341851373077890486967672757736957121                                             0    0.0094672726364167494921341185837149933701
   -0.63341851373077890486967672757736957121     -0.63341851373077890486967672757736957121                                             0    0.0094672726364167494921341185837149933701
   -0.43132862068803223354391313095499588144     -0.13734275862393553291217373809000823712                                             0     0.037836041848727856730324329343410748868
   -0.13734275862393553291217373809000823712     -0.43132862068803223354391313095499588144                                             0     0.037836041848727856730324329343410748868
   -0.43132862068803223354391313095499588144     -0.43132862068803223354391313095499588144                                             0     0.037836041848727856730324329343410748868
   -0.98556725465806053587334355093940178927      0.97113450931612107174668710187880357854     -0.69065107830976274477569358139232703158    0.0011378881491341209855468441093213826806
    0.97113450931612107174668710187880357854     -0.98556725465806053587334355093940178927     -0.69065107830976274477569358139232703158    0.0011378881491341209855468441093213826806
   -0.98556725465806053587334355093940178927     -0.98556725465806053587334355093940178927     -0.69065107830976274477569358139232703158    0.0011378881491341209855468441093213826806
   -0.98556725465806053587334355093940178927      0.97113450931612107174668710187880357854      0.69065107830976274477569358139232703158    0.0011378881491341209855468441093213826806
    0.97113450931612107174668710187880357854     -0.98556725465806053587334355093940178927      0.69065107830976274477569358139232703158    0.0011378881491341209855468441093213826806
   -0.98556725465806053587334355093940178927     -0.98556725465806053587334355093940178927      0.69065107830976274477569358139232703158    0.0011378881491341209855468441093213826806
   -0.96093045417822458937269086200248184532      0.92186090835644917874538172400496369063     -0.98012012998974916855297011486153864515   0.00085198037895355499400316491901630413994
    0.92186090835644917874538172400496369063     -0.96093045417822458937269086200248184532     -0.98012012998974916855297011486153864515   0.00085198037895355499400316491901630413994
   -0.96093045417822458937269086200248184532     -0.96093045417822458937269086200248184532     -0.98012012998974916855297011486153864515   0.00085198037895355499400316491901630413994
   -0.96093045417822458937269086200248184532      0.92186090835644917874538172400496369063      0.98012012998974916855297011486153864515   0.00085198037895355499400316491901630413994
    0.92186090835644917874538172400496369063     -0.96093045417822458937269086200248184532      0.98012012998974916855297011486153864515   0.00085198037895355499400316491901630413994
   -0.96093045417822458937269086200248184532     -0.96093045417822458937269086200248184532      0.98012012998974916855297011486153864515   0.00085198037895355499400316491901630413994
   -0.92464561879727855693612433041012550579      0.84929123759455711387224866082025101157      -0.7854184024095849858954759739217888308    0.0048638634376132047080814094310140215809
    0.84929123759455711387224866082025101157     -0.92464561879727855693612433041012550579      -0.7854184024095849858954759739217888308    0.0048638634376132047080814094310140215809
   -0.92464561879727855693612433041012550579     -0.92464561879727855693612433041012550579      -0.7854184024095849858954759739217888308    0.0048638634376132047080814094310140215809
   -0.92464561879727855693612433041012550579      0.84929123759455711387224866082025101157       0.7854184024095849858954759739217888308    0.0048638634376132047080814094310140215809
    0.84929123759455711387224866082025101157     -0.92464561879727855693612433041012550579       0.7854184024095849858954759739217888308    0.0048638634376132047080814094310140215809
   -0.92464561879727855693612433041012550579     -0.92464561879727855693612433041012550579       0.7854184024095849858954759739217888308    0.0048638634376132047080814094310140215809
   -0.88537533142817233527005476278330046499      0.77075066285634467054010952556660092997     -0.33588619424279758317640553679958891613    0.0086314977005234224329085364655489070535
    0.77075066285634467054010952556660092997     -0.88537533142817233527005476278330046499     -0.33588619424279758317640553679958891613    0.0086314977005234224329085364655489070535
   -0.88537533142817233527005476278330046499     -0.88537533142817233527005476278330046499     -0.33588619424279758317640553679958891613    0.0086314977005234224329085364655489070535
   -0.88537533142817233527005476278330046499      0.77075066285634467054010952556660092997      0.33588619424279758317640553679958891613    0.0086314977005234224329085364655489070535
    0.77075066285634467054010952556660092997     -0.88537533142817233527005476278330046499      0.33588619424279758317640553679958891613    0.0086314977005234224329085364655489070535
   -0.88537533142817233527005476278330046499     -0.88537533142817233527005476278330046499      0.33588619424279758317640553679958891613    0.0086314977005234224329085364655489070535
   -0.84716729282109610701947627470737085297      0.69433458564219221403895254941474170593     -0.92038121181199903529397179793109643005    0.0070561412587243043267979109603559844612
    0.69433458564219221403895254941474170593     -0.84716729282109610701947627470737085297     -0.92038121181199903529397179793109643005    0.0070561412587243043267979109603559844612
   -0.84716729282109610701947627470737085297     -0.84716729282109610701947627470737085297     -0.92038121181199903529397179793109643005    0.0070561412587243043267979109603559844612
   -0.84716729282109610701947627470737085297      0.69433458564219221403895254941474170593      0.92038121181199903529397179793109643005    0.0070561412587243043267979109603559844612
    0.69433458564219221403895254941474170593     -0.84716729282109610701947627470737085297      0.92038121181199903529397179793109643005    0.0070561412587243043267979109603559844612
   -0.84716729282109610701947627470737085297     -0.84716729282109610701947627470737085297      0.92038121181199903529397179793109643005    0.0070561412587243043267979109603559844612
   -0.77687570089363538031575842222834930537      0.55375140178727076063151684445669861074     -0.57012141985796516536249710516923688864     0.019245668072100107572956507700288592223
    0.55375140178727076063151684445669861074     -0.77687570089363538031575842222834930537     -0.57012141985796516536249710516923688864     0.019245668072100107572956507700288592223
   -0.77687570089363538031575842222834930537     -0.77687570089363538031575842222834930537     -0.57012141985796516536249710516923688864     0.019245668072100107572956507700288592223
   -0.77687570089363538031575842222834930537      0.55375140178727076063151684445669861074      0.57012141985796516536249710516923688864     0.019245668072100107572956507700288592223
    0.55375140178727076063151684445669861074     -0.77687570089363538031575842222834930537      0.57012141985796516536249710516923688864     0.019245668072100107572956507700288592223
   -0.77687570089363538031575842222834930537     -0.77687570089363538031575842222834930537      0.57012141985796516536249710516923688864     0.019245668072100107572956507700288592223
    -0.7118216946136158511549217221547982513       0.4236433892272317023098434443095965026      -0.8296502092943830054491208069736268074    0.0096610283533986436686418468568207916428
     0.4236433892272317023098434443095965026      -0.7118216946136158511549217221547982513      -0.8296502092943830054491208069736268074    0.0096610283533986436686418468568207916428
    -0.7118216946136158511549217221547982513      -0.7118216946136158511549217221547982513      -0.8296502092943830054491208069736268074    0.0096610283533986436686418468568207916428
    -0.7118216946136158511549217221547982513       0.4236433892272317023098434443095965026       0.8296502092943830054491208069736268074    0.0096610283533986436686418468568207916428
     0.4236433892272317023098434443095965026      -0.7118216946136158511549217221547982513       0.8296502092943830054491208069736268074    0.0096610283533986436686418468568207916428
    -0.7118216946136158511549217221547982513      -0.7118216946136158511549217221547982513       0.8296502092943830054491208069736268074    0.0096610283533986436686418468568207916428
    -0.6693780221784973880845675042817089855      0.33875604435699477616913500856341797101     -0.23171863516710568271823327885773290424     0.024467313739694093298198130393641656153
    0.33875604435699477616913500856341797101      -0.6693780221784973880845675042817089855     -0.23171863516710568271823327885773290424     0.024467313739694093298198130393641656153
    -0.6693780221784973880845675042817089855      -0.6693780221784973880845675042817089855     -0.23171863516710568271823327885773290424     0.024467313739694093298198130393641656153
    -0.6693780221784973880845675042817089855      0.33875604435699477616913500856341797101      0.23171863516710568271823327885773290424     0.024467313739694093298198130393641656153
    0.33875604435699477616913500856341797101      -0.6693780221784973880845675042817089855      0.23171863516710568271823327885773290424     0.024467313739694093298198130393641656153
    -0.6693780221784973880845675042817089855      -0.6693780221784973880845675042817089855      0.23171863516710568271823327885773290424     0.024467313739694093298198130393641656153
   -0.66884054149711042468032946087050390723      0.33768108299422084936065892174100781445     -0.98701404203298005898099263697248495954    0.0057335897774130076573735576709391136675
    0.33768108299422084936065892174100781445     -0.66884054149711042468032946087050390723     -0.98701404203298005898099263697248495954    0.0057335897774130076573735576709391136675
   -0.66884054149711042468032946087050390723     -0.66884054149711042468032946087050390723     -0.98701404203298005898099263697248495954    0.0057335897774130076573735576709391136675
   -0.66884054149711042468032946087050390723      0.33768108299422084936065892174100781445      0.98701404203298005898099263697248495954    0.0057335897774130076573735576709391136675
    0.33768108299422084936065892174100781445     -0.66884054149711042468032946087050390723      0.98701404203298005898099263697248495954    0.0057335897774130076573735576709391136675
   -0.66884054149711042468032946087050390723     -0.66884054149711042468032946087050390723      0.98701404203298005898099263697248495954    0.0057335897774130076573735576709391136675
   -0.59970668126018916171711737498223970178      0.19941336252037832343423474996447940356     -0.65318285539734750524560165017283312619      0.01957047471331299018498035030738447897
    0.19941336252037832343423474996447940356     -0.59970668126018916171711737498223970178     -0.65318285539734750524560165017283312619      0.01957047471331299018498035030738447897
   -0.59970668126018916171711737498223970178     -0.59970668126018916171711737498223970178     -0.65318285539734750524560165017283312619      0.01957047471331299018498035030738447897
   -0.59970668126018916171711737498223970178      0.19941336252037832343423474996447940356      0.65318285539734750524560165017283312619      0.01957047471331299018498035030738447897
    0.19941336252037832343423474996447940356     -0.59970668126018916171711737498223970178      0.65318285539734750524560165017283312619      0.01957047471331299018498035030738447897
   -0.59970668126018916171711737498223970178     -0.59970668126018916171711737498223970178      0.65318285539734750524560165017283312619      0.01957047471331299018498035030738447897
   -0.50498598636141905426000347472516944372    0.0099719727228381085200069494503388874474     -0.34457717499831781892895334704610744742      0.03298239504053171805282104237910796937
  0.0099719727228381085200069494503388874474     -0.50498598636141905426000347472516944372     -0.34457717499831781892895334704610744742      0.03298239504053171805282104237910796937
   -0.50498598636141905426000347472516944372     -0.50498598636141905426000347472516944372     -0.34457717499831781892895334704610744742      0.03298239504053171805282104237910796937
   -0.50498598636141905426000347472516944372    0.0099719727228381085200069494503388874474      0.34457717499831781892895334704610744742      0.03298239504053171805282104237910796937
  0.0099719727228381085200069494503388874474     -0.50498598636141905426000347472516944372      0.34457717499831781892895334704610744742      0.03298239504053171805282104237910796937
   -0.50498598636141905426000347472516944372     -0.50498598636141905426000347472516944372      0.34457717499831781892895334704610744742      0.03298239504053171805282104237910796937
   -0.50154479239418839176971461040556304227     0.003089584788376783539429220811126084539     -0.86184219447541508212634289104462141097     0.022733690729442875398044355292806719606
   0.003089584788376783539429220811126084539     -0.50154479239418839176971461040556304227     -0.86184219447541508212634289104462141097     0.022733690729442875398044355292806719606
   -0.50154479239418839176971461040556304227     -0.50154479239418839176971461040556304227     -0.86184219447541508212634289104462141097     0.022733690729442875398044355292806719606
   -0.50154479239418839176971461040556304227     0.003089584788376783539429220811126084539      0.86184219447541508212634289104462141097     0.022733690729442875398044355292806719606
   0.003089584788376783539429220811126084539     -0.50154479239418839176971461040556304227      0.86184219447541508212634289104462141097     0.022733690729442875398044355292806719606
   -0.50154479239418839176971461040556304227     -0.50154479239418839176971461040556304227      0.86184219447541508212634289104462141097     0.022733690729442875398044355292806719606
    -0.2258478399123689245322725927570861634     -0.54830432017526215093545481448582767319     -0.98710660652840645734582051619128587435     0.004902943376345919007629845376463897821
   -0.54830432017526215093545481448582767319      -0.2258478399123689245322725927570861634     -0.98710660652840645734582051619128587435     0.004902943376345919007629845376463897821
    -0.2258478399123689245322725927570861634      -0.2258478399123689245322725927570861634     -0.98710660652840645734582051619128587435     0.004902943376345919007629845376463897821
    -0.2258478399123689245322725927570861634     -0.54830432017526215093545481448582767319      0.98710660652840645734582051619128587435     0.004902943376345919007629845376463897821
   -0.54830432017526215093545481448582767319      -0.2258478399123689245322725927570861634      0.98710660652840645734582051619128587435     0.004902943376345919007629845376463897821
    -0.2258478399123689245322725927570861634      -0.2258478399123689245322725927570861634      0.98710660652840645734582051619128587435     0.004902943376345919007629845376463897821
   -0.18757956662792548882169480544620457283     -0.62484086674414902235661038910759085433     -0.72845985514276656461904927549895453261     0.029506166659385214240146555970107329426
   -0.62484086674414902235661038910759085433     -0.18757956662792548882169480544620457283     -0.72845985514276656461904927549895453261     0.029506166659385214240146555970107329426
   -0.18757956662792548882169480544620457283     -0.18757956662792548882169480544620457283     -0.72845985514276656461904927549895453261     0.029506166659385214240146555970107329426
   -0.18757956662792548882169480544620457283     -0.62484086674414902235661038910759085433      0.72845985514276656461904927549895453261     0.029506166659385214240146555970107329426
   -0.62484086674414902235661038910759085433     -0.18757956662792548882169480544620457283      0.72845985514276656461904927549895453261     0.029506166659385214240146555970107329426
   -0.18757956662792548882169480544620457283     -0.18757956662792548882169480544620457283      0.72845985514276656461904927549895453261     0.029506166659385214240146555970107329426
   -0.16942085648906919472267473431907488391     -0.66115828702186161055465053136185023218     -0.29299003006265337867277578362302564593     0.037062500192900085129753330693793231725
   -0.66115828702186161055465053136185023218     -0.16942085648906919472267473431907488391     -0.29299003006265337867277578362302564593     0.037062500192900085129753330693793231725
   -0.16942085648906919472267473431907488391     -0.16942085648906919472267473431907488391     -0.29299003006265337867277578362302564593     0.037062500192900085129753330693793231725
   -0.16942085648906919472267473431907488391     -0.66115828702186161055465053136185023218      0.29299003006265337867277578362302564593     0.037062500192900085129753330693793231725
   -0.66115828702186161055465053136185023218     -0.16942085648906919472267473431907488391      0.29299003006265337867277578362302564593     0.037062500192900085129753330693793231725
   -0.16942085648906919472267473431907488391     -0.16942085648906919472267473431907488391      0.29299003006265337867277578362302564593     0.037062500192900085129753330693793231725
  -0.066475154002099499784816297611328276066     -0.86704969199580100043036740477734344787     -0.80030753869128840070883455688993095262     0.020156247858836899057776139802083856946
   -0.86704969199580100043036740477734344787    -0.066475154002099499784816297611328276066     -0.80030753869128840070883455688993095262     0.020156247858836899057776139802083856946
  -0.066475154002099499784816297611328276066    -0.066475154002099499784816297611328276066     -0.80030753869128840070883455688993095262     0.020156247858836899057776139802083856946
  -0.066475154002099499784816297611328276066     -0.86704969199580100043036740477734344787      0.80030753869128840070883455688993095262     0.020156247858836899057776139802083856946
   -0.86704969199580100043036740477734344787    -0.066475154002099499784816297611328276066      0.80030753869128840070883455688993095262     0.020156247858836899057776139802083856946
  -0.066475154002099499784816297611328276066    -0.066475154002099499784816297611328276066      0.80030753869128840070883455688993095262     0.020156247858836899057776139802083856946
  -0.051985120279634816619827788644918930605     -0.89602975944073036676034442271016213879     -0.31246606813980917022640078551980774446     0.028226519710446183508161593586873965199
   -0.89602975944073036676034442271016213879    -0.051985120279634816619827788644918930605     -0.31246606813980917022640078551980774446     0.028226519710446183508161593586873965199
  -0.051985120279634816619827788644918930605    -0.051985120279634816619827788644918930605     -0.31246606813980917022640078551980774446     0.028226519710446183508161593586873965199
  -0.051985120279634816619827788644918930605     -0.89602975944073036676034442271016213879      0.31246606813980917022640078551980774446     0.028226519710446183508161593586873965199
   -0.89602975944073036676034442271016213879    -0.051985120279634816619827788644918930605      0.31246606813980917022640078551980774446     0.028226519710446183508161593586873965199
  -0.051985120279634816619827788644918930605    -0.051985120279634816619827788644918930605      0.31246606813980917022640078551980774446     0.028226519710446183508161593586873965199
 -0.0035420054808502708258248682358260406212     -0.99291598903829945834835026352834791876      -0.8064008428156235272957744449895229476    0.0045402216783285645953281520929429733928
   -0.99291598903829945834835026352834791876   -0.0035420054808502708258248682358260406212      -0.8064008428156235272957744449895229476    0.0045402216783285645953281520929429733928
 -0.0035420054808502708258248682358260406212   -0.0035420054808502708258248682358260406212      -0.8064008428156235272957744449895229476    0.0045402216783285645953281520929429733928
 -0.0035420054808502708258248682358260406212     -0.99291598903829945834835026352834791876       0.8064008428156235272957744449895229476    0.0045402216783285645953281520929429733928
   -0.99291598903829945834835026352834791876   -0.0035420054808502708258248682358260406212       0.8064008428156235272957744449895229476    0.0045402216783285645953281520929429733928
 -0.0035420054808502708258248682358260406212   -0.0035420054808502708258248682358260406212       0.8064008428156235272957744449895229476    0.0045402216783285645953281520929429733928
-0.00061160024537617063193282565033068322716     -0.99877679950924765873613434869933863355     -0.32069427229356814720140766359085833356    0.0051034442645672712705398290392839908486
   -0.99877679950924765873613434869933863355  -0.00061160024537617063193282565033068322716     -0.32069427229356814720140766359085833356    0.0051034442645672712705398290392839908486
-0.00061160024537617063193282565033068322716  -0.00061160024537617063193282565033068322716     -0.32069427229356814720140766359085833356    0.0051034442645672712705398290392839908486
-0.00061160024537617063193282565033068322716     -0.99877679950924765873613434869933863355      0.32069427229356814720140766359085833356    0.0051034442645672712705398290392839908486
   -0.99877679950924765873613434869933863355  -0.00061160024537617063193282565033068322716      0.32069427229356814720140766359085833356    0.0051034442645672712705398290392839908486
-0.00061160024537617063193282565033068322716  -0.00061160024537617063193282565033068322716      0.32069427229356814720140766359085833356    0.0051034442645672712705398290392839908486
   -0.75345152342978064511778600709084247416      0.72037830490728982718829562087629702864                                             0     0.010436779130189998796024302760745232678
    0.72037830490728982718829562087629702864     -0.75345152342978064511778600709084247416                                             0     0.010436779130189998796024302760745232678
   -0.96692678147750918207050961378545455448      0.72037830490728982718829562087629702864                                             0     0.010436779130189998796024302760745232678
    0.72037830490728982718829562087629702864     -0.96692678147750918207050961378545455448                                             0     0.010436779130189998796024302760745232678
   -0.96692678147750918207050961378545455448     -0.75345152342978064511778600709084247416                                             0     0.010436779130189998796024302760745232678
   -0.75345152342978064511778600709084247416     -0.96692678147750918207050961378545455448                                             0     0.010436779130189998796024302760745232678
   -0.29910837559950627871309478120150887364      0.26026652219276790964453651267071960487                                             0     0.018112186722242970319748195236140078759
    0.26026652219276790964453651267071960487     -0.29910837559950627871309478120150887364                                             0     0.018112186722242970319748195236140078759
   -0.96115814659326163093144173146921073122      0.26026652219276790964453651267071960487                                             0     0.018112186722242970319748195236140078759
    0.26026652219276790964453651267071960487     -0.96115814659326163093144173146921073122                                             0     0.018112186722242970319748195236140078759
   -0.96115814659326163093144173146921073122     -0.29910837559950627871309478120150887364                                             0     0.018112186722242970319748195236140078759
   -0.29910837559950627871309478120150887364     -0.96115814659326163093144173146921073122                                             0     0.018112186722242970319748195236140078759
   -0.35530946711841510756748301357540523442      0.13810626115317026417125592862906526551                                             0     0.037761866301341108018714574446553339204
    0.13810626115317026417125592862906526551     -0.35530946711841510756748301357540523442                                             0     0.037761866301341108018714574446553339204
   -0.78279679403475515660377291505366003109      0.13810626115317026417125592862906526551                                             0     0.037761866301341108018714574446553339204
    0.13810626115317026417125592862906526551     -0.78279679403475515660377291505366003109                                             0     0.037761866301341108018714574446553339204
   -0.78279679403475515660377291505366003109     -0.35530946711841510756748301357540523442                                             0     0.037761866301341108018714574446553339204
   -0.35530946711841510756748301357540523442     -0.78279679403475515660377291505366003109                                             0     0.037761866301341108018714574446553339204
   -0.82799055995566122926790652951959520264      0.82637719781589759818569002651530070776     -0.90365147589969402823552211681649066143    0.0014620991774250963056163473134953875093
    0.82637719781589759818569002651530070776     -0.82799055995566122926790652951959520264     -0.90365147589969402823552211681649066143    0.0014620991774250963056163473134953875093
   -0.99838663786023636891778349699570550512      0.82637719781589759818569002651530070776     -0.90365147589969402823552211681649066143    0.0014620991774250963056163473134953875093
    0.82637719781589759818569002651530070776     -0.99838663786023636891778349699570550512     -0.90365147589969402823552211681649066143    0.0014620991774250963056163473134953875093
   -0.99838663786023636891778349699570550512     -0.82799055995566122926790652951959520264     -0.90365147589969402823552211681649066143    0.0014620991774250963056163473134953875093
   -0.82799055995566122926790652951959520264     -0.99838663786023636891778349699570550512     -0.90365147589969402823552211681649066143    0.0014620991774250963056163473134953875093
   -0.82799055995566122926790652951959520264      0.82637719781589759818569002651530070776      0.90365147589969402823552211681649066143    0.0014620991774250963056163473134953875093
    0.82637719781589759818569002651530070776     -0.82799055995566122926790652951959520264      0.90365147589969402823552211681649066143    0.0014620991774250963056163473134953875093
   -0.99838663786023636891778349699570550512      0.82637719781589759818569002651530070776      0.90365147589969402823552211681649066143    0.0014620991774250963056163473134953875093
    0.82637719781589759818569002651530070776     -0.99838663786023636891778349699570550512      0.90365147589969402823552211681649066143    0.0014620991774250963056163473134953875093
   -0.99838663786023636891778349699570550512     -0.82799055995566122926790652951959520264      0.90365147589969402823552211681649066143    0.0014620991774250963056163473134953875093
   -0.82799055995566122926790652951959520264     -0.99838663786023636891778349699570550512      0.90365147589969402823552211681649066143    0.0014620991774250963056163473134953875093
   -0.54567227053968806561683510298117954678       0.5403585657199318658063774016558321827     -0.34038967612792898301407408085098528745    0.0050837346676959335044887738554684546595
     0.5403585657199318658063774016558321827     -0.54567227053968806561683510298117954678     -0.34038967612792898301407408085098528745    0.0050837346676959335044887738554684546595
   -0.99468629518024380018954229867465263592       0.5403585657199318658063774016558321827     -0.34038967612792898301407408085098528745    0.0050837346676959335044887738554684546595
     0.5403585657199318658063774016558321827     -0.99468629518024380018954229867465263592     -0.34038967612792898301407408085098528745    0.0050837346676959335044887738554684546595
   -0.99468629518024380018954229867465263592     -0.54567227053968806561683510298117954678     -0.34038967612792898301407408085098528745    0.0050837346676959335044887738554684546595
   -0.54567227053968806561683510298117954678     -0.99468629518024380018954229867465263592     -0.34038967612792898301407408085098528745    0.0050837346676959335044887738554684546595
   -0.54567227053968806561683510298117954678       0.5403585657199318658063774016558321827      0.34038967612792898301407408085098528745    0.0050837346676959335044887738554684546595
     0.5403585657199318658063774016558321827     -0.54567227053968806561683510298117954678      0.34038967612792898301407408085098528745    0.0050837346676959335044887738554684546595
   -0.99468629518024380018954229867465263592       0.5403585657199318658063774016558321827      0.34038967612792898301407408085098528745    0.0050837346676959335044887738554684546595
     0.5403585657199318658063774016558321827     -0.99468629518024380018954229867465263592      0.34038967612792898301407408085098528745    0.0050837346676959335044887738554684546595
   -0.99468629518024380018954229867465263592     -0.54567227053968806561683510298117954678      0.34038967612792898301407408085098528745    0.0050837346676959335044887738554684546595
   -0.54567227053968806561683510298117954678     -0.99468629518024380018954229867465263592      0.34038967612792898301407408085098528745    0.0050837346676959335044887738554684546595
   -0.48070686572790538029822326773439047443      0.47061017970711172379713154181550050175     -0.85071640291302942975749138570413913071    0.0037425376050517410191994907185385272993
    0.47061017970711172379713154181550050175     -0.48070686572790538029822326773439047443     -0.85071640291302942975749138570413913071    0.0037425376050517410191994907185385272993
   -0.98990331397920634349890827408111002732      0.47061017970711172379713154181550050175     -0.85071640291302942975749138570413913071    0.0037425376050517410191994907185385272993
    0.47061017970711172379713154181550050175     -0.98990331397920634349890827408111002732     -0.85071640291302942975749138570413913071    0.0037425376050517410191994907185385272993
   -0.98990331397920634349890827408111002732     -0.48070686572790538029822326773439047443     -0.85071640291302942975749138570413913071    0.0037425376050517410191994907185385272993
   -0.48070686572790538029822326773439047443     -0.98990331397920634349890827408111002732     -0.85071640291302942975749138570413913071    0.0037425376050517410191994907185385272993
   -0.48070686572790538029822326773439047443      0.47061017970711172379713154181550050175      0.85071640291302942975749138570413913071    0.0037425376050517410191994907185385272993
    0.47061017970711172379713154181550050175     -0.48070686572790538029822326773439047443      0.85071640291302942975749138570413913071    0.0037425376050517410191994907185385272993
   -0.98990331397920634349890827408111002732      0.47061017970711172379713154181550050175      0.85071640291302942975749138570413913071    0.0037425376050517410191994907185385272993
    0.47061017970711172379713154181550050175     -0.98990331397920634349890827408111002732      0.85071640291302942975749138570413913071    0.0037425376050517410191994907185385272993
   -0.98990331397920634349890827408111002732     -0.48070686572790538029822326773439047443      0.85071640291302942975749138570413913071    0.0037425376050517410191994907185385272993
   -0.48070686572790538029822326773439047443     -0.98990331397920634349890827408111002732      0.85071640291302942975749138570413913071    0.0037425376050517410191994907185385272993
   -0.88391087285219118922833167979256584978      0.86533211477902144872562274825980499464     -0.40416663769949028746350808994746403642      0.00439660653000578271284095352357506602
    0.86533211477902144872562274825980499464     -0.88391087285219118922833167979256584978     -0.40416663769949028746350808994746403642      0.00439660653000578271284095352357506602
   -0.98142124192683025949729106846723914485      0.86533211477902144872562274825980499464     -0.40416663769949028746350808994746403642      0.00439660653000578271284095352357506602
    0.86533211477902144872562274825980499464     -0.98142124192683025949729106846723914485     -0.40416663769949028746350808994746403642      0.00439660653000578271284095352357506602
   -0.98142124192683025949729106846723914485     -0.88391087285219118922833167979256584978     -0.40416663769949028746350808994746403642      0.00439660653000578271284095352357506602
   -0.88391087285219118922833167979256584978     -0.98142124192683025949729106846723914485     -0.40416663769949028746350808994746403642      0.00439660653000578271284095352357506602
   -0.88391087285219118922833167979256584978      0.86533211477902144872562274825980499464      0.40416663769949028746350808994746403642      0.00439660653000578271284095352357506602
    0.86533211477902144872562274825980499464     -0.88391087285219118922833167979256584978      0.40416663769949028746350808994746403642      0.00439660653000578271284095352357506602
   -0.98142124192683025949729106846723914485      0.86533211477902144872562274825980499464      0.40416663769949028746350808994746403642      0.00439660653000578271284095352357506602
    0.86533211477902144872562274825980499464     -0.98142124192683025949729106846723914485      0.40416663769949028746350808994746403642      0.00439660653000578271284095352357506602
   -0.98142124192683025949729106846723914485     -0.88391087285219118922833167979256584978      0.40416663769949028746350808994746403642      0.00439660653000578271284095352357506602
   -0.88391087285219118922833167979256584978     -0.98142124192683025949729106846723914485      0.40416663769949028746350808994746403642      0.00439660653000578271284095352357506602
   -0.30375466750502338944966550230809913042      0.25610325683022920357344718919416279361     -0.59141732549923397653107149127595151257     0.015869812554463212685816968000199111061
    0.25610325683022920357344718919416279361     -0.30375466750502338944966550230809913042     -0.59141732549923397653107149127595151257     0.015869812554463212685816968000199111061
   -0.95234858932520581412378168688606366319      0.25610325683022920357344718919416279361     -0.59141732549923397653107149127595151257     0.015869812554463212685816968000199111061
    0.25610325683022920357344718919416279361     -0.95234858932520581412378168688606366319     -0.59141732549923397653107149127595151257     0.015869812554463212685816968000199111061
   -0.95234858932520581412378168688606366319     -0.30375466750502338944966550230809913042     -0.59141732549923397653107149127595151257     0.015869812554463212685816968000199111061
   -0.30375466750502338944966550230809913042     -0.95234858932520581412378168688606366319     -0.59141732549923397653107149127595151257     0.015869812554463212685816968000199111061
   -0.30375466750502338944966550230809913042      0.25610325683022920357344718919416279361      0.59141732549923397653107149127595151257     0.015869812554463212685816968000199111061
    0.25610325683022920357344718919416279361     -0.30375466750502338944966550230809913042      0.59141732549923397653107149127595151257     0.015869812554463212685816968000199111061
   -0.95234858932520581412378168688606366319      0.25610325683022920357344718919416279361      0.59141732549923397653107149127595151257     0.015869812554463212685816968000199111061
    0.25610325683022920357344718919416279361     -0.95234858932520581412378168688606366319      0.59141732549923397653107149127595151257     0.015869812554463212685816968000199111061
   -0.95234858932520581412378168688606366319     -0.30375466750502338944966550230809913042      0.59141732549923397653107149127595151257     0.015869812554463212685816968000199111061
   -0.30375466750502338944966550230809913042     -0.95234858932520581412378168688606366319      0.59141732549923397653107149127595151257     0.015869812554463212685816968000199111061
   -0.72242248126274870373975235686959622265      0.67323518440705863540289193885819589244     -0.66343946751334082142267691707094935977     0.011179294252493932744296245916552745138
    0.67323518440705863540289193885819589244     -0.72242248126274870373975235686959622265     -0.66343946751334082142267691707094935977     0.011179294252493932744296245916552745138
   -0.95081270314430993166313958198859966978      0.67323518440705863540289193885819589244     -0.66343946751334082142267691707094935977     0.011179294252493932744296245916552745138
    0.67323518440705863540289193885819589244     -0.95081270314430993166313958198859966978     -0.66343946751334082142267691707094935977     0.011179294252493932744296245916552745138
   -0.95081270314430993166313958198859966978     -0.72242248126274870373975235686959622265     -0.66343946751334082142267691707094935977     0.011179294252493932744296245916552745138
   -0.72242248126274870373975235686959622265     -0.95081270314430993166313958198859966978     -0.66343946751334082142267691707094935977     0.011179294252493932744296245916552745138
   -0.72242248126274870373975235686959622265      0.67323518440705863540289193885819589244      0.66343946751334082142267691707094935977     0.011179294252493932744296245916552745138
    0.67323518440705863540289193885819589244     -0.72242248126274870373975235686959622265      0.66343946751334082142267691707094935977     0.011179294252493932744296245916552745138
   -0.95081270314430993166313958198859966978      0.67323518440705863540289193885819589244      0.66343946751334082142267691707094935977     0.011179294252493932744296245916552745138
    0.67323518440705863540289193885819589244     -0.95081270314430993166313958198859966978      0.66343946751334082142267691707094935977     0.011179294252493932744296245916552745138
   -0.95081270314430993166313958198859966978     -0.72242248126274870373975235686959622265      0.66343946751334082142267691707094935977     0.011179294252493932744296245916552745138
   -0.72242248126274870373975235686959622265     -0.95081270314430993166313958198859966978      0.66343946751334082142267691707094935977     0.011179294252493932744296245916552745138
   -0.24431638917038499494355084160058977807      0.19280450374158355651858961561955145446     -0.96534161119559554642394256043298472088    0.0050990333659755247475292489707804785737
    0.19280450374158355651858961561955145446     -0.24431638917038499494355084160058977807     -0.96534161119559554642394256043298472088    0.0050990333659755247475292489707804785737
   -0.94848811457119856157503877401896167639      0.19280450374158355651858961561955145446     -0.96534161119559554642394256043298472088    0.0050990333659755247475292489707804785737
    0.19280450374158355651858961561955145446     -0.94848811457119856157503877401896167639     -0.96534161119559554642394256043298472088    0.0050990333659755247475292489707804785737
   -0.94848811457119856157503877401896167639     -0.24431638917038499494355084160058977807     -0.96534161119559554642394256043298472088    0.0050990333659755247475292489707804785737
   -0.24431638917038499494355084160058977807     -0.94848811457119856157503877401896167639     -0.96534161119559554642394256043298472088    0.0050990333659755247475292489707804785737
   -0.24431638917038499494355084160058977807      0.19280450374158355651858961561955145446      0.96534161119559554642394256043298472088    0.0050990333659755247475292489707804785737
    0.19280450374158355651858961561955145446     -0.24431638917038499494355084160058977807      0.96534161119559554642394256043298472088    0.0050990333659755247475292489707804785737
   -0.94848811457119856157503877401896167639      0.19280450374158355651858961561955145446      0.96534161119559554642394256043298472088    0.0050990333659755247475292489707804785737
    0.19280450374158355651858961561955145446     -0.94848811457119856157503877401896167639      0.96534161119559554642394256043298472088    0.0050990333659755247475292489707804785737
   -0.94848811457119856157503877401896167639     -0.24431638917038499494355084160058977807      0.96534161119559554642394256043298472088    0.0050990333659755247475292489707804785737
   -0.24431638917038499494355084160058977807     -0.94848811457119856157503877401896167639      0.96534161119559554642394256043298472088    0.0050990333659755247475292489707804785737
   -0.65861523597566392985608301334913151729      0.59701238439216915306177590528605083381     -0.97992087487004263737192732137664785076     0.003238728196629053654191298694660389069
    0.59701238439216915306177590528605083381     -0.65861523597566392985608301334913151729     -0.97992087487004263737192732137664785076     0.003238728196629053654191298694660389069
   -0.93839714841650522320569289193691931652      0.59701238439216915306177590528605083381     -0.97992087487004263737192732137664785076     0.003238728196629053654191298694660389069
    0.59701238439216915306177590528605083381     -0.93839714841650522320569289193691931652     -0.97992087487004263737192732137664785076     0.003238728196629053654191298694660389069
   -0.93839714841650522320569289193691931652     -0.65861523597566392985608301334913151729     -0.97992087487004263737192732137664785076     0.003238728196629053654191298694660389069
   -0.65861523597566392985608301334913151729     -0.93839714841650522320569289193691931652     -0.97992087487004263737192732137664785076     0.003238728196629053654191298694660389069
   -0.65861523597566392985608301334913151729      0.59701238439216915306177590528605083381      0.97992087487004263737192732137664785076     0.003238728196629053654191298694660389069
    0.59701238439216915306177590528605083381     -0.65861523597566392985608301334913151729      0.97992087487004263737192732137664785076     0.003238728196629053654191298694660389069
   -0.93839714841650522320569289193691931652      0.59701238439216915306177590528605083381      0.97992087487004263737192732137664785076     0.003238728196629053654191298694660389069
    0.59701238439216915306177590528605083381     -0.93839714841650522320569289193691931652      0.97992087487004263737192732137664785076     0.003238728196629053654191298694660389069
   -0.93839714841650522320569289193691931652     -0.65861523597566392985608301334913151729      0.97992087487004263737192732137664785076     0.003238728196629053654191298694660389069
   -0.65861523597566392985608301334913151729     -0.93839714841650522320569289193691931652      0.97992087487004263737192732137664785076     0.003238728196629053654191298694660389069
   -0.57626931753119393324885547645742755944      0.46422005884430418269902184064905546559       -0.296551555601794669877487113137454834     0.024095430403970695119536481887868072178
    0.46422005884430418269902184064905546559     -0.57626931753119393324885547645742755944       -0.296551555601794669877487113137454834     0.024095430403970695119536481887868072178
   -0.88795074131311024945016636419162790615      0.46422005884430418269902184064905546559       -0.296551555601794669877487113137454834     0.024095430403970695119536481887868072178
    0.46422005884430418269902184064905546559     -0.88795074131311024945016636419162790615       -0.296551555601794669877487113137454834     0.024095430403970695119536481887868072178
   -0.88795074131311024945016636419162790615     -0.57626931753119393324885547645742755944       -0.296551555601794669877487113137454834     0.024095430403970695119536481887868072178
   -0.57626931753119393324885547645742755944     -0.88795074131311024945016636419162790615       -0.296551555601794669877487113137454834     0.024095430403970695119536481887868072178
   -0.57626931753119393324885547645742755944      0.46422005884430418269902184064905546559        0.296551555601794669877487113137454834     0.024095430403970695119536481887868072178
    0.46422005884430418269902184064905546559     -0.57626931753119393324885547645742755944        0.296551555601794669877487113137454834     0.024095430403970695119536481887868072178
   -0.88795074131311024945016636419162790615      0.46422005884430418269902184064905546559        0.296551555601794669877487113137454834     0.024095430403970695119536481887868072178
    0.46422005884430418269902184064905546559     -0.88795074131311024945016636419162790615        0.296551555601794669877487113137454834     0.024095430403970695119536481887868072178
   -0.88795074131311024945016636419162790615     -0.57626931753119393324885547645742755944        0.296551555601794669877487113137454834     0.024095430403970695119536481887868072178
   -0.57626931753119393324885547645742755944     -0.88795074131311024945016636419162790615        0.296551555601794669877487113137454834     0.024095430403970695119536481887868072178
   -0.52443434102575791823066509608516760205      0.38297215240300060364157767606062909073     -0.83723616960125995272372959633103536843     0.015663975025727170293386932996575589708
    0.38297215240300060364157767606062909073     -0.52443434102575791823066509608516760205     -0.83723616960125995272372959633103536843     0.015663975025727170293386932996575589708
   -0.85853781137724268541091257997546148868      0.38297215240300060364157767606062909073     -0.83723616960125995272372959633103536843     0.015663975025727170293386932996575589708
    0.38297215240300060364157767606062909073     -0.85853781137724268541091257997546148868     -0.83723616960125995272372959633103536843     0.015663975025727170293386932996575589708
   -0.85853781137724268541091257997546148868     -0.52443434102575791823066509608516760205     -0.83723616960125995272372959633103536843     0.015663975025727170293386932996575589708
   -0.52443434102575791823066509608516760205     -0.85853781137724268541091257997546148868     -0.83723616960125995272372959633103536843     0.015663975025727170293386932996575589708
   -0.52443434102575791823066509608516760205      0.38297215240300060364157767606062909073      0.83723616960125995272372959633103536843     0.015663975025727170293386932996575589708
    0.38297215240300060364157767606062909073     -0.52443434102575791823066509608516760205      0.83723616960125995272372959633103536843     0.015663975025727170293386932996575589708
   -0.85853781137724268541091257997546148868      0.38297215240300060364157767606062909073      0.83723616960125995272372959633103536843     0.015663975025727170293386932996575589708
    0.38297215240300060364157767606062909073     -0.85853781137724268541091257997546148868      0.83723616960125995272372959633103536843     0.015663975025727170293386932996575589708
   -0.85853781137724268541091257997546148868     -0.52443434102575791823066509608516760205      0.83723616960125995272372959633103536843     0.015663975025727170293386932996575589708
   -0.52443434102575791823066509608516760205     -0.85853781137724268541091257997546148868      0.83723616960125995272372959633103536843     0.015663975025727170293386932996575589708
   -0.38208245673083996884790116369945021399      0.15467054548917720360461678366539619158     -0.55546307465932080530731007262532040174     0.029388132149919606543365699879961956781
    0.15467054548917720360461678366539619158     -0.38208245673083996884790116369945021399     -0.55546307465932080530731007262532040174     0.029388132149919606543365699879961956781
   -0.77258808875833723475671561996594597759      0.15467054548917720360461678366539619158     -0.55546307465932080530731007262532040174     0.029388132149919606543365699879961956781
    0.15467054548917720360461678366539619158     -0.77258808875833723475671561996594597759     -0.55546307465932080530731007262532040174     0.029388132149919606543365699879961956781
   -0.77258808875833723475671561996594597759     -0.38208245673083996884790116369945021399     -0.55546307465932080530731007262532040174     0.029388132149919606543365699879961956781
   -0.38208245673083996884790116369945021399     -0.77258808875833723475671561996594597759     -0.55546307465932080530731007262532040174     0.029388132149919606543365699879961956781
   -0.38208245673083996884790116369945021399      0.15467054548917720360461678366539619158      0.55546307465932080530731007262532040174     0.029388132149919606543365699879961956781
    0.15467054548917720360461678366539619158     -0.38208245673083996884790116369945021399      0.55546307465932080530731007262532040174     0.029388132149919606543365699879961956781
   -0.77258808875833723475671561996594597759      0.15467054548917720360461678366539619158      0.55546307465932080530731007262532040174     0.029388132149919606543365699879961956781
    0.15467054548917720360461678366539619158     -0.77258808875833723475671561996594597759      0.55546307465932080530731007262532040174     0.029388132149919606543365699879961956781
   -0.77258808875833723475671561996594597759     -0.38208245673083996884790116369945021399      0.55546307465932080530731007262532040174     0.029388132149919606543365699879961956781
   -0.38208245673083996884790116369945021399     -0.77258808875833723475671561996594597759      0.55546307465932080530731007262532040174     0.029388132149919606543365699879961956781
   -0.32837014961010766003564472336403393389     0.081168109182410715187011880629433057954     -0.95198846452522910710303698253125580631     0.010945646887033218806414048460999742511
   0.081168109182410715187011880629433057954     -0.32837014961010766003564472336403393389     -0.95198846452522910710303698253125580631     0.010945646887033218806414048460999742511
   -0.75279795957230305515136715726539912407     0.081168109182410715187011880629433057954     -0.95198846452522910710303698253125580631     0.010945646887033218806414048460999742511
   0.081168109182410715187011880629433057954     -0.75279795957230305515136715726539912407     -0.95198846452522910710303698253125580631     0.010945646887033218806414048460999742511
   -0.75279795957230305515136715726539912407     -0.32837014961010766003564472336403393389     -0.95198846452522910710303698253125580631     0.010945646887033218806414048460999742511
   -0.32837014961010766003564472336403393389     -0.75279795957230305515136715726539912407     -0.95198846452522910710303698253125580631     0.010945646887033218806414048460999742511
   -0.32837014961010766003564472336403393389     0.081168109182410715187011880629433057954      0.95198846452522910710303698253125580631     0.010945646887033218806414048460999742511
   0.081168109182410715187011880629433057954     -0.32837014961010766003564472336403393389      0.95198846452522910710303698253125580631     0.010945646887033218806414048460999742511
   -0.75279795957230305515136715726539912407     0.081168109182410715187011880629433057954      0.95198846452522910710303698253125580631     0.010945646887033218806414048460999742511
   0.081168109182410715187011880629433057954     -0.75279795957230305515136715726539912407      0.95198846452522910710303698253125580631     0.010945646887033218806414048460999742511
   -0.75279795957230305515136715726539912407     -0.32837014961010766003564472336403393389      0.95198846452522910710303698253125580631     0.010945646887033218806414048460999742511
   -0.32837014961010766003564472336403393389     -0.75279795957230305515136715726539912407      0.95198846452522910710303698253125580631     0.010945646887033218806414048460999742511

