 -0.33333333333333333333333333333333333333   -0.33333333333333333333333333333333333333   -0.52662270480497475869798007748379244322    0.22269313409222502250038629788629976598
 -0.33333333333333333333333333333333333333   -0.33333333333333333333333333333333333333    0.52662270480497475869798007748379244322    0.22269313409222502250038629788629976598
 -0.33333333333333333333333333333333333333   -0.33333333333333333333333333333333333333   -0.99083630081924474869286718300205167763    0.13839610937412451172575590081432159364
 -0.33333333333333333333333333333333333333   -0.33333333333333333333333333333333333333    0.99083630081924474869286718300205167763    0.13839610937412451172575590081432159364
 -0.66959346994381506531292392577889361708    0.33918693988763013062584785155778723416                                           0    0.31182801481333532900066338577135735737
  0.33918693988763013062584785155778723416   -0.66959346994381506531292392577889361708                                           0    0.31182801481333532900066338577135735737
 -0.66959346994381506531292392577889361708   -0.66959346994381506531292392577889361708                                           0    0.31182801481333532900066338577135735737
 -0.95905346077548616195214584157965381704    0.91810692155097232390429168315930763408                                           0   0.050146535238696554002545078611329875622
  0.91810692155097232390429168315930763408   -0.95905346077548616195214584157965381704                                           0   0.050146535238696554002545078611329875622
 -0.95905346077548616195214584157965381704   -0.95905346077548616195214584157965381704                                           0   0.050146535238696554002545078611329875622
-0.067776668819680981202280000599855057023   -0.86444666236063803759543999880028988595   -0.48167413488438751267079566597126764678    0.19605056020608216687021916179149498019
 -0.86444666236063803759543999880028988595  -0.067776668819680981202280000599855057023   -0.48167413488438751267079566597126764678    0.19605056020608216687021916179149498019
-0.067776668819680981202280000599855057023  -0.067776668819680981202280000599855057023   -0.48167413488438751267079566597126764678    0.19605056020608216687021916179149498019
-0.067776668819680981202280000599855057023   -0.86444666236063803759543999880028988595    0.48167413488438751267079566597126764678    0.19605056020608216687021916179149498019
 -0.86444666236063803759543999880028988595  -0.067776668819680981202280000599855057023    0.48167413488438751267079566597126764678    0.19605056020608216687021916179149498019
-0.067776668819680981202280000599855057023  -0.067776668819680981202280000599855057023    0.48167413488438751267079566597126764678    0.19605056020608216687021916179149498019
 -0.59485220654953844609181984939099585377    0.52549348166744454603903998678937679713   -0.80928579325583275231645432806703865787   0.084632875139559356776397936558477141722
  0.52549348166744454603903998678937679713   -0.59485220654953844609181984939099585377   -0.80928579325583275231645432806703865787   0.084632875139559356776397936558477141722
 -0.93064127511790609994722013739838094335    0.52549348166744454603903998678937679713   -0.80928579325583275231645432806703865787   0.084632875139559356776397936558477141722
  0.52549348166744454603903998678937679713   -0.93064127511790609994722013739838094335   -0.80928579325583275231645432806703865787   0.084632875139559356776397936558477141722
 -0.93064127511790609994722013739838094335   -0.59485220654953844609181984939099585377   -0.80928579325583275231645432806703865787   0.084632875139559356776397936558477141722
 -0.59485220654953844609181984939099585377   -0.93064127511790609994722013739838094335   -0.80928579325583275231645432806703865787   0.084632875139559356776397936558477141722
 -0.59485220654953844609181984939099585377    0.52549348166744454603903998678937679713    0.80928579325583275231645432806703865787   0.084632875139559356776397936558477141722
  0.52549348166744454603903998678937679713   -0.59485220654953844609181984939099585377    0.80928579325583275231645432806703865787   0.084632875139559356776397936558477141722
 -0.93064127511790609994722013739838094335    0.52549348166744454603903998678937679713    0.80928579325583275231645432806703865787   0.084632875139559356776397936558477141722
  0.52549348166744454603903998678937679713   -0.93064127511790609994722013739838094335    0.80928579325583275231645432806703865787   0.084632875139559356776397936558477141722
 -0.93064127511790609994722013739838094335   -0.59485220654953844609181984939099585377    0.80928579325583275231645432806703865787   0.084632875139559356776397936558477141722
 -0.59485220654953844609181984939099585377   -0.93064127511790609994722013739838094335    0.80928579325583275231645432806703865787   0.084632875139559356776397936558477141722
