 -0.33333333333333333333333333333333333333   -0.33333333333333333333333333333333333333   -0.98022806959089160171504882914128008603    0.11378272445075715563392222208600913026
 -0.33333333333333333333333333333333333333   -0.33333333333333333333333333333333333333    0.98022806959089160171504882914128008603    0.11378272445075715563392222208600913026
 -0.98332480906795705560590831565479581293    0.96664961813591411121181663130959162585                                           0   0.024472968692380158977782543188506640362
  0.96664961813591411121181663130959162585   -0.98332480906795705560590831565479581293                                           0   0.024472968692380158977782543188506640362
 -0.98332480906795705560590831565479581293   -0.98332480906795705560590831565479581293                                           0   0.024472968692380158977782543188506640362
-0.036956049341726798726440754485546402356   -0.92608790131654640254711849102890719529   -0.84138735420652599295096060100359489758   0.086203456344905850875965416526967283444
 -0.92608790131654640254711849102890719529  -0.036956049341726798726440754485546402356   -0.84138735420652599295096060100359489758   0.086203456344905850875965416526967283444
-0.036956049341726798726440754485546402356  -0.036956049341726798726440754485546402356   -0.84138735420652599295096060100359489758   0.086203456344905850875965416526967283444
-0.036956049341726798726440754485546402356   -0.92608790131654640254711849102890719529    0.84138735420652599295096060100359489758   0.086203456344905850875965416526967283444
 -0.92608790131654640254711849102890719529  -0.036956049341726798726440754485546402356    0.84138735420652599295096060100359489758   0.086203456344905850875965416526967283444
-0.036956049341726798726440754485546402356  -0.036956049341726798726440754485546402356    0.84138735420652599295096060100359489758   0.086203456344905850875965416526967283444
 -0.80903350325702126768802840491559333013    0.61806700651404253537605680983118666027   -0.79584909058698306626909009833843112408    0.11671409960839383433248991439345238969
  0.61806700651404253537605680983118666027   -0.80903350325702126768802840491559333013   -0.79584909058698306626909009833843112408    0.11671409960839383433248991439345238969
 -0.80903350325702126768802840491559333013   -0.80903350325702126768802840491559333013   -0.79584909058698306626909009833843112408    0.11671409960839383433248991439345238969
 -0.80903350325702126768802840491559333013    0.61806700651404253537605680983118666027    0.79584909058698306626909009833843112408    0.11671409960839383433248991439345238969
  0.61806700651404253537605680983118666027   -0.80903350325702126768802840491559333013    0.79584909058698306626909009833843112408    0.11671409960839383433248991439345238969
 -0.80903350325702126768802840491559333013   -0.80903350325702126768802840491559333013    0.79584909058698306626909009833843112408    0.11671409960839383433248991439345238969
 -0.97570173680324342035479366133901540544    0.48599336414579127066992364784746385989                                           0    0.10205942534059700976786329599159184945
  0.48599336414579127066992364784746385989   -0.97570173680324342035479366133901540544                                           0    0.10205942534059700976786329599159184945
 -0.51029162734254785031512998650844845445    0.48599336414579127066992364784746385989                                           0    0.10205942534059700976786329599159184945
  0.48599336414579127066992364784746385989   -0.51029162734254785031512998650844845445                                           0    0.10205942534059700976786329599159184945
 -0.51029162734254785031512998650844845445   -0.97570173680324342035479366133901540544                                           0    0.10205942534059700976786329599159184945
 -0.97570173680324342035479366133901540544   -0.51029162734254785031512998650844845445                                           0    0.10205942534059700976786329599159184945
 -0.38968756713554786569859973469754143293   -0.69403080315040476305982696739689230156    -0.4039345605321099116998238341362959742    0.15576281310483042016174134706586605691
 -0.69403080315040476305982696739689230156   -0.38968756713554786569859973469754143293    -0.4039345605321099116998238341362959742    0.15576281310483042016174134706586605691
 0.083718370285952628758426702094433734489   -0.69403080315040476305982696739689230156    -0.4039345605321099116998238341362959742    0.15576281310483042016174134706586605691
 -0.69403080315040476305982696739689230156   0.083718370285952628758426702094433734489    -0.4039345605321099116998238341362959742    0.15576281310483042016174134706586605691
 0.083718370285952628758426702094433734489   -0.38968756713554786569859973469754143293    -0.4039345605321099116998238341362959742    0.15576281310483042016174134706586605691
 -0.38968756713554786569859973469754143293   0.083718370285952628758426702094433734489    -0.4039345605321099116998238341362959742    0.15576281310483042016174134706586605691
 -0.38968756713554786569859973469754143293   -0.69403080315040476305982696739689230156     0.4039345605321099116998238341362959742    0.15576281310483042016174134706586605691
 -0.69403080315040476305982696739689230156   -0.38968756713554786569859973469754143293     0.4039345605321099116998238341362959742    0.15576281310483042016174134706586605691
 0.083718370285952628758426702094433734489   -0.69403080315040476305982696739689230156     0.4039345605321099116998238341362959742    0.15576281310483042016174134706586605691
 -0.69403080315040476305982696739689230156   0.083718370285952628758426702094433734489     0.4039345605321099116998238341362959742    0.15576281310483042016174134706586605691
 0.083718370285952628758426702094433734489   -0.38968756713554786569859973469754143293     0.4039345605321099116998238341362959742    0.15576281310483042016174134706586605691
 -0.38968756713554786569859973469754143293   0.083718370285952628758426702094433734489     0.4039345605321099116998238341362959742    0.15576281310483042016174134706586605691
