 -0.33333333333333333333333333333333333333   -0.33333333333333333333333333333333333333   -0.86686197400903479841583223937151297546    0.43164789926214201915560571539043719684
 -0.33333333333333333333333333333333333333   -0.33333333333333333333333333333333333333    0.86686197400903479841583223937151297546    0.43164789926214201915560571539043719684
-0.062688380276009575455822705856210492672   -0.87462323944798084908835458828757901466                                           0    0.54565845042191057226153838655080393041
 -0.87462323944798084908835458828757901466  -0.062688380276009575455822705856210492672                                           0    0.54565845042191057226153838655080393041
-0.062688380276009575455822705856210492672  -0.062688380276009575455822705856210492672                                           0    0.54565845042191057226153838655080393041
 -0.79851918840217872745314255427215462609    0.59703837680435745490628510854430925218   -0.67563982368225971739661759355428029031    0.24995480836833070748402890159445230251
  0.59703837680435745490628510854430925218   -0.79851918840217872745314255427215462609   -0.67563982368225971739661759355428029031    0.24995480836833070748402890159445230251
 -0.79851918840217872745314255427215462609   -0.79851918840217872745314255427215462609   -0.67563982368225971739661759355428029031    0.24995480836833070748402890159445230251
 -0.79851918840217872745314255427215462609    0.59703837680435745490628510854430925218    0.67563982368225971739661759355428029031    0.24995480836833070748402890159445230251
  0.59703837680435745490628510854430925218   -0.79851918840217872745314255427215462609    0.67563982368225971739661759355428029031    0.24995480836833070748402890159445230251
 -0.79851918840217872745314255427215462609   -0.79851918840217872745314255427215462609    0.67563982368225971739661759355428029031    0.24995480836833070748402890159445230251
