 -0.33333333333333333333333333333333333333   -0.33333333333333333333333333333333333333                                           0   0.041068444847924997376056869014788953128
 -0.33333333333333333333333333333333333333   -0.33333333333333333333333333333333333333    -0.4427525765095085560890910068685219771   0.030044662013150578966252250860799967378
 -0.33333333333333333333333333333333333333   -0.33333333333333333333333333333333333333     0.4427525765095085560890910068685219771   0.030044662013150578966252250860799967378
 -0.33333333333333333333333333333333333333   -0.33333333333333333333333333333333333333   -0.82803383514211613341695884587009666837   0.027809810256887809622073122390884248092
 -0.33333333333333333333333333333333333333   -0.33333333333333333333333333333333333333    0.82803383514211613341695884587009666837   0.027809810256887809622073122390884248092
 -0.96076792411166049490240508966526852916    0.92153584822332098980481017933053705833                                           0  0.0058798753526212674160573212979649720943
  0.92153584822332098980481017933053705833   -0.96076792411166049490240508966526852916                                           0  0.0058798753526212674160573212979649720943
 -0.96076792411166049490240508966526852916   -0.96076792411166049490240508966526852916                                           0  0.0058798753526212674160573212979649720943
-0.083169646987125560512931369189250540774   -0.83366070602574887897413726162149891845                                           0    0.02687550365428732834118002496464179298
 -0.83366070602574887897413726162149891845  -0.083169646987125560512931369189250540774                                           0    0.02687550365428732834118002496464179298
-0.083169646987125560512931369189250540774  -0.083169646987125560512931369189250540774                                           0    0.02687550365428732834118002496464179298
 -0.97657365825962725587962029100763056398    0.95314731651925451175924058201526112796   -0.61621523953001661595066082297672170508  0.0023950663341844236339953259689977368744
  0.95314731651925451175924058201526112796   -0.97657365825962725587962029100763056398   -0.61621523953001661595066082297672170508  0.0023950663341844236339953259689977368744
 -0.97657365825962725587962029100763056398   -0.97657365825962725587962029100763056398   -0.61621523953001661595066082297672170508  0.0023950663341844236339953259689977368744
 -0.97657365825962725587962029100763056398    0.95314731651925451175924058201526112796    0.61621523953001661595066082297672170508  0.0023950663341844236339953259689977368744
  0.95314731651925451175924058201526112796   -0.97657365825962725587962029100763056398    0.61621523953001661595066082297672170508  0.0023950663341844236339953259689977368744
 -0.97657365825962725587962029100763056398   -0.97657365825962725587962029100763056398    0.61621523953001661595066082297672170508  0.0023950663341844236339953259689977368744
  -0.9566900037458559241404314748975790236    0.91338000749171184828086294979515804721     -0.947999425483706368227623936630756763  0.0018252299485167601934116030489712558185
  0.91338000749171184828086294979515804721    -0.9566900037458559241404314748975790236     -0.947999425483706368227623936630756763  0.0018252299485167601934116030489712558185
  -0.9566900037458559241404314748975790236    -0.9566900037458559241404314748975790236     -0.947999425483706368227623936630756763  0.0018252299485167601934116030489712558185
  -0.9566900037458559241404314748975790236    0.91338000749171184828086294979515804721      0.947999425483706368227623936630756763  0.0018252299485167601934116030489712558185
  0.91338000749171184828086294979515804721    -0.9566900037458559241404314748975790236      0.947999425483706368227623936630756763  0.0018252299485167601934116030489712558185
  -0.9566900037458559241404314748975790236    -0.9566900037458559241404314748975790236      0.947999425483706368227623936630756763  0.0018252299485167601934116030489712558185
  -0.8881609201895036385036192306639422315    0.77632184037900727700723846132788446299    -0.6922020488970891240359128728777005246  0.0098507214004387127886707653577005942266
  0.77632184037900727700723846132788446299    -0.8881609201895036385036192306639422315    -0.6922020488970891240359128728777005246  0.0098507214004387127886707653577005942266
  -0.8881609201895036385036192306639422315    -0.8881609201895036385036192306639422315    -0.6922020488970891240359128728777005246  0.0098507214004387127886707653577005942266
  -0.8881609201895036385036192306639422315    0.77632184037900727700723846132788446299     0.6922020488970891240359128728777005246  0.0098507214004387127886707653577005942266
  0.77632184037900727700723846132788446299    -0.8881609201895036385036192306639422315     0.6922020488970891240359128728777005246  0.0098507214004387127886707653577005942266
  -0.8881609201895036385036192306639422315    -0.8881609201895036385036192306639422315     0.6922020488970891240359128728777005246  0.0098507214004387127886707653577005942266
 -0.83786314371249586140460516085968718093    0.67572628742499172280921032171937436187   -0.96045538896384028195186159350177510498  0.0056839454491273651580060467725721058578
  0.67572628742499172280921032171937436187   -0.83786314371249586140460516085968718093   -0.96045538896384028195186159350177510498  0.0056839454491273651580060467725721058578
 -0.83786314371249586140460516085968718093   -0.83786314371249586140460516085968718093   -0.96045538896384028195186159350177510498  0.0056839454491273651580060467725721058578
 -0.83786314371249586140460516085968718093    0.67572628742499172280921032171937436187    0.96045538896384028195186159350177510498  0.0056839454491273651580060467725721058578
  0.67572628742499172280921032171937436187   -0.83786314371249586140460516085968718093    0.96045538896384028195186159350177510498  0.0056839454491273651580060467725721058578
 -0.83786314371249586140460516085968718093   -0.83786314371249586140460516085968718093    0.96045538896384028195186159350177510498  0.0056839454491273651580060467725721058578
 -0.70745455630123416489196189214174819008    0.41490911260246832978392378428349638015   -0.86698982599131773798505265383565338987    0.01847630792563573251601841810896438199
  0.41490911260246832978392378428349638015   -0.70745455630123416489196189214174819008   -0.86698982599131773798505265383565338987    0.01847630792563573251601841810896438199
 -0.70745455630123416489196189214174819008   -0.70745455630123416489196189214174819008   -0.86698982599131773798505265383565338987    0.01847630792563573251601841810896438199
 -0.70745455630123416489196189214174819008    0.41490911260246832978392378428349638015    0.86698982599131773798505265383565338987    0.01847630792563573251601841810896438199
  0.41490911260246832978392378428349638015   -0.70745455630123416489196189214174819008    0.86698982599131773798505265383565338987    0.01847630792563573251601841810896438199
 -0.70745455630123416489196189214174819008   -0.70745455630123416489196189214174819008    0.86698982599131773798505265383565338987    0.01847630792563573251601841810896438199
 -0.67770473232855621693484017915922453792    0.35540946465711243386968035831844907584   -0.36948857462971108116017900229429106877   0.035859959488957363794816352108009573473
  0.35540946465711243386968035831844907584   -0.67770473232855621693484017915922453792   -0.36948857462971108116017900229429106877   0.035859959488957363794816352108009573473
 -0.67770473232855621693484017915922453792   -0.67770473232855621693484017915922453792   -0.36948857462971108116017900229429106877   0.035859959488957363794816352108009573473
 -0.67770473232855621693484017915922453792    0.35540946465711243386968035831844907584    0.36948857462971108116017900229429106877   0.035859959488957363794816352108009573473
  0.35540946465711243386968035831844907584   -0.67770473232855621693484017915922453792    0.36948857462971108116017900229429106877   0.035859959488957363794816352108009573473
 -0.67770473232855621693484017915922453792   -0.67770473232855621693484017915922453792    0.36948857462971108116017900229429106877   0.035859959488957363794816352108009573473
 -0.53105480267646923693867384196124036616   0.062109605352938473877347683922480732318   -0.73770716345887136740334605063837807162   0.039602147738096235247436761187322273172
 0.062109605352938473877347683922480732318   -0.53105480267646923693867384196124036616   -0.73770716345887136740334605063837807162   0.039602147738096235247436761187322273172
 -0.53105480267646923693867384196124036616   -0.53105480267646923693867384196124036616   -0.73770716345887136740334605063837807162   0.039602147738096235247436761187322273172
 -0.53105480267646923693867384196124036616   0.062109605352938473877347683922480732318    0.73770716345887136740334605063837807162   0.039602147738096235247436761187322273172
 0.062109605352938473877347683922480732318   -0.53105480267646923693867384196124036616    0.73770716345887136740334605063837807162   0.039602147738096235247436761187322273172
 -0.53105480267646923693867384196124036616   -0.53105480267646923693867384196124036616    0.73770716345887136740334605063837807162   0.039602147738096235247436761187322273172
 -0.52753005687775418798145410694779865277   0.055060113755508375962908213895597305548   -0.99753471387989888126320826386444886685  0.0058157677665250402129496281470150557212
 0.055060113755508375962908213895597305548   -0.52753005687775418798145410694779865277   -0.99753471387989888126320826386444886685  0.0058157677665250402129496281470150557212
 -0.52753005687775418798145410694779865277   -0.52753005687775418798145410694779865277   -0.99753471387989888126320826386444886685  0.0058157677665250402129496281470150557212
 -0.52753005687775418798145410694779865277   0.055060113755508375962908213895597305548    0.99753471387989888126320826386444886685  0.0058157677665250402129496281470150557212
 0.055060113755508375962908213895597305548   -0.52753005687775418798145410694779865277    0.99753471387989888126320826386444886685  0.0058157677665250402129496281470150557212
 -0.52753005687775418798145410694779865277   -0.52753005687775418798145410694779865277    0.99753471387989888126320826386444886685  0.0058157677665250402129496281470150557212
 -0.19848281387458069495824909578594099847   -0.60303437225083861008350180842811800307   -0.93625176996742965910549942997936935007   0.016752844515420263198809292954120080688
 -0.60303437225083861008350180842811800307   -0.19848281387458069495824909578594099847   -0.93625176996742965910549942997936935007   0.016752844515420263198809292954120080688
 -0.19848281387458069495824909578594099847   -0.19848281387458069495824909578594099847   -0.93625176996742965910549942997936935007   0.016752844515420263198809292954120080688
 -0.19848281387458069495824909578594099847   -0.60303437225083861008350180842811800307    0.93625176996742965910549942997936935007   0.016752844515420263198809292954120080688
 -0.60303437225083861008350180842811800307   -0.19848281387458069495824909578594099847    0.93625176996742965910549942997936935007   0.016752844515420263198809292954120080688
 -0.19848281387458069495824909578594099847   -0.19848281387458069495824909578594099847    0.93625176996742965910549942997936935007   0.016752844515420263198809292954120080688
 -0.19642440062191358194540330997376143351   -0.60715119875617283610919338005247713298   -0.50138248641672990303949596045453137198   0.040959830898408388365718011651261797041
 -0.60715119875617283610919338005247713298   -0.19642440062191358194540330997376143351   -0.50138248641672990303949596045453137198   0.040959830898408388365718011651261797041
 -0.19642440062191358194540330997376143351   -0.19642440062191358194540330997376143351   -0.50138248641672990303949596045453137198   0.040959830898408388365718011651261797041
 -0.19642440062191358194540330997376143351   -0.60715119875617283610919338005247713298    0.50138248641672990303949596045453137198   0.040959830898408388365718011651261797041
 -0.60715119875617283610919338005247713298   -0.19642440062191358194540330997376143351    0.50138248641672990303949596045453137198   0.040959830898408388365718011651261797041
 -0.19642440062191358194540330997376143351   -0.19642440062191358194540330997376143351    0.50138248641672990303949596045453137198   0.040959830898408388365718011651261797041
-0.097099188901761228209984016714637365114   -0.80580162219647754358003196657072526977   -0.82251740501902378694431865806566641766   0.023086560324367019647511540274829489616
 -0.80580162219647754358003196657072526977  -0.097099188901761228209984016714637365114   -0.82251740501902378694431865806566641766   0.023086560324367019647511540274829489616
-0.097099188901761228209984016714637365114  -0.097099188901761228209984016714637365114   -0.82251740501902378694431865806566641766   0.023086560324367019647511540274829489616
-0.097099188901761228209984016714637365114   -0.80580162219647754358003196657072526977    0.82251740501902378694431865806566641766   0.023086560324367019647511540274829489616
 -0.80580162219647754358003196657072526977  -0.097099188901761228209984016714637365114    0.82251740501902378694431865806566641766   0.023086560324367019647511540274829489616
-0.097099188901761228209984016714637365114  -0.097099188901761228209984016714637365114    0.82251740501902378694431865806566641766   0.023086560324367019647511540274829489616
-0.062778049312254652281598304289841584575   -0.87444390137549069543680339142031683085   -0.28322836103479253128469156941143634626   0.020583007251131825068185508099493180993
 -0.87444390137549069543680339142031683085  -0.062778049312254652281598304289841584575   -0.28322836103479253128469156941143634626   0.020583007251131825068185508099493180993
-0.062778049312254652281598304289841584575  -0.062778049312254652281598304289841584575   -0.28322836103479253128469156941143634626   0.020583007251131825068185508099493180993
-0.062778049312254652281598304289841584575   -0.87444390137549069543680339142031683085    0.28322836103479253128469156941143634626   0.020583007251131825068185508099493180993
 -0.87444390137549069543680339142031683085  -0.062778049312254652281598304289841584575    0.28322836103479253128469156941143634626   0.020583007251131825068185508099493180993
-0.062778049312254652281598304289841584575  -0.062778049312254652281598304289841584575    0.28322836103479253128469156941143634626   0.020583007251131825068185508099493180993
 -0.02788024875739215976034785965607365293   -0.94423950248521568047930428068785269414   -0.97924047771957950254451186729587421018  0.0052560602570987265155846457982226705741
 -0.94423950248521568047930428068785269414   -0.02788024875739215976034785965607365293   -0.97924047771957950254451186729587421018  0.0052560602570987265155846457982226705741
 -0.02788024875739215976034785965607365293   -0.02788024875739215976034785965607365293   -0.97924047771957950254451186729587421018  0.0052560602570987265155846457982226705741
 -0.02788024875739215976034785965607365293   -0.94423950248521568047930428068785269414    0.97924047771957950254451186729587421018  0.0052560602570987265155846457982226705741
 -0.94423950248521568047930428068785269414   -0.02788024875739215976034785965607365293    0.97924047771957950254451186729587421018  0.0052560602570987265155846457982226705741
 -0.02788024875739215976034785965607365293   -0.02788024875739215976034785965607365293    0.97924047771957950254451186729587421018  0.0052560602570987265155846457982226705741
-0.017262495481468981867798367009465391709   -0.96547500903706203626440326598106921658   -0.61507629528239830985215809623198401987    0.01554697555879116230399040840219795232
 -0.96547500903706203626440326598106921658  -0.017262495481468981867798367009465391709   -0.61507629528239830985215809623198401987    0.01554697555879116230399040840219795232
-0.017262495481468981867798367009465391709  -0.017262495481468981867798367009465391709   -0.61507629528239830985215809623198401987    0.01554697555879116230399040840219795232
-0.017262495481468981867798367009465391709   -0.96547500903706203626440326598106921658    0.61507629528239830985215809623198401987    0.01554697555879116230399040840219795232
 -0.96547500903706203626440326598106921658  -0.017262495481468981867798367009465391709    0.61507629528239830985215809623198401987    0.01554697555879116230399040840219795232
-0.017262495481468981867798367009465391709  -0.017262495481468981867798367009465391709    0.61507629528239830985215809623198401987    0.01554697555879116230399040840219795232
 -0.15810371492347831861545757391325029757    0.15503812756650493745398465620589194976                                           0  0.0066228613476240991272794913723296172055
  0.15503812756650493745398465620589194976   -0.15810371492347831861545757391325029757                                           0  0.0066228613476240991272794913723296172055
  -0.9969344126430266188385270822926416522    0.15503812756650493745398465620589194976                                           0  0.0066228613476240991272794913723296172055
  0.15503812756650493745398465620589194976    -0.9969344126430266188385270822926416522                                           0  0.0066228613476240991272794913723296172055
  -0.9969344126430266188385270822926416522   -0.15810371492347831861545757391325029757                                           0  0.0066228613476240991272794913723296172055
 -0.15810371492347831861545757391325029757    -0.9969344126430266188385270822926416522                                           0  0.0066228613476240991272794913723296172055
  -0.6340277903313063388853355544162637718    0.59556649789251391770982848723956235299                                           0   0.013497152711971164787336304274870381393
  0.59556649789251391770982848723956235299    -0.6340277903313063388853355544162637718                                           0   0.013497152711971164787336304274870381393
 -0.96153870756120757882449293282329858119    0.59556649789251391770982848723956235299                                           0   0.013497152711971164787336304274870381393
  0.59556649789251391770982848723956235299   -0.96153870756120757882449293282329858119                                           0   0.013497152711971164787336304274870381393
 -0.96153870756120757882449293282329858119    -0.6340277903313063388853355544162637718                                           0   0.013497152711971164787336304274870381393
  -0.6340277903313063388853355544162637718   -0.96153870756120757882449293282329858119                                           0   0.013497152711971164787336304274870381393
 -0.52738711011705785807970383776502307777    0.35952422919116537196841721657825075033                                           0   0.030987136659600042771460469443994654323
  0.35952422919116537196841721657825075033   -0.52738711011705785807970383776502307777                                           0   0.030987136659600042771460469443994654323
 -0.83213711907410751388871337881322767255    0.35952422919116537196841721657825075033                                           0   0.030987136659600042771460469443994654323
  0.35952422919116537196841721657825075033   -0.83213711907410751388871337881322767255                                           0   0.030987136659600042771460469443994654323
 -0.83213711907410751388871337881322767255   -0.52738711011705785807970383776502307777                                           0   0.030987136659600042771460469443994654323
 -0.52738711011705785807970383776502307777   -0.83213711907410751388871337881322767255                                           0   0.030987136659600042771460469443994654323
 -0.42100044986407196371213313786154858385  -0.066872790937689541135254417578296773156                                           0   0.014570559575978324412558615635516066199
-0.066872790937689541135254417578296773156   -0.42100044986407196371213313786154858385                                           0   0.014570559575978324412558615635516066199
 -0.51212675919823849515261244456015464299  -0.066872790937689541135254417578296773156                                           0   0.014570559575978324412558615635516066199
-0.066872790937689541135254417578296773156   -0.51212675919823849515261244456015464299                                           0   0.014570559575978324412558615635516066199
 -0.51212675919823849515261244456015464299   -0.42100044986407196371213313786154858385                                           0   0.014570559575978324412558615635516066199
 -0.42100044986407196371213313786154858385   -0.51212675919823849515261244456015464299                                           0   0.014570559575978324412558615635516066199
 -0.55040878676928039720488861807694818876     0.5468152306303119427192101724534417362   -0.49624500487335954903490488987714668085  0.0054111142411644503212577662583411857977
   0.5468152306303119427192101724534417362   -0.55040878676928039720488861807694818876   -0.49624500487335954903490488987714668085  0.0054111142411644503212577662583411857977
 -0.99640644386103154551432155437649354744     0.5468152306303119427192101724534417362   -0.49624500487335954903490488987714668085  0.0054111142411644503212577662583411857977
   0.5468152306303119427192101724534417362   -0.99640644386103154551432155437649354744   -0.49624500487335954903490488987714668085  0.0054111142411644503212577662583411857977
 -0.99640644386103154551432155437649354744   -0.55040878676928039720488861807694818876   -0.49624500487335954903490488987714668085  0.0054111142411644503212577662583411857977
 -0.55040878676928039720488861807694818876   -0.99640644386103154551432155437649354744   -0.49624500487335954903490488987714668085  0.0054111142411644503212577662583411857977
 -0.55040878676928039720488861807694818876     0.5468152306303119427192101724534417362    0.49624500487335954903490488987714668085  0.0054111142411644503212577662583411857977
   0.5468152306303119427192101724534417362   -0.55040878676928039720488861807694818876    0.49624500487335954903490488987714668085  0.0054111142411644503212577662583411857977
 -0.99640644386103154551432155437649354744     0.5468152306303119427192101724534417362    0.49624500487335954903490488987714668085  0.0054111142411644503212577662583411857977
   0.5468152306303119427192101724534417362   -0.99640644386103154551432155437649354744    0.49624500487335954903490488987714668085  0.0054111142411644503212577662583411857977
 -0.99640644386103154551432155437649354744   -0.55040878676928039720488861807694818876    0.49624500487335954903490488987714668085  0.0054111142411644503212577662583411857977
 -0.55040878676928039720488861807694818876   -0.99640644386103154551432155437649354744    0.49624500487335954903490488987714668085  0.0054111142411644503212577662583411857977
 -0.80415693851419662088764445534074935174    0.79032717917264333827046369864164829196   -0.84993203663668468710774368739511324435  0.0035898985984131903549834260763428113045
  0.79032717917264333827046369864164829196   -0.80415693851419662088764445534074935174   -0.84993203663668468710774368739511324435  0.0035898985984131903549834260763428113045
 -0.98617024065844671738281924330089894022    0.79032717917264333827046369864164829196   -0.84993203663668468710774368739511324435  0.0035898985984131903549834260763428113045
  0.79032717917264333827046369864164829196   -0.98617024065844671738281924330089894022   -0.84993203663668468710774368739511324435  0.0035898985984131903549834260763428113045
 -0.98617024065844671738281924330089894022   -0.80415693851419662088764445534074935174   -0.84993203663668468710774368739511324435  0.0035898985984131903549834260763428113045
 -0.80415693851419662088764445534074935174   -0.98617024065844671738281924330089894022   -0.84993203663668468710774368739511324435  0.0035898985984131903549834260763428113045
 -0.80415693851419662088764445534074935174    0.79032717917264333827046369864164829196    0.84993203663668468710774368739511324435  0.0035898985984131903549834260763428113045
  0.79032717917264333827046369864164829196   -0.80415693851419662088764445534074935174    0.84993203663668468710774368739511324435  0.0035898985984131903549834260763428113045
 -0.98617024065844671738281924330089894022    0.79032717917264333827046369864164829196    0.84993203663668468710774368739511324435  0.0035898985984131903549834260763428113045
  0.79032717917264333827046369864164829196   -0.98617024065844671738281924330089894022    0.84993203663668468710774368739511324435  0.0035898985984131903549834260763428113045
 -0.98617024065844671738281924330089894022   -0.80415693851419662088764445534074935174    0.84993203663668468710774368739511324435  0.0035898985984131903549834260763428113045
 -0.80415693851419662088764445534074935174   -0.98617024065844671738281924330089894022    0.84993203663668468710774368739511324435  0.0035898985984131903549834260763428113045
  -0.8380067075658788347602658262959869909    0.81238354569648034416259890769976611137   -0.35266261736447105550762787787376207434    0.00763476871498688399508427024855024031
  0.81238354569648034416259890769976611137    -0.8380067075658788347602658262959869909   -0.35266261736447105550762787787376207434    0.00763476871498688399508427024855024031
 -0.97437683813060150940233308140377912047    0.81238354569648034416259890769976611137   -0.35266261736447105550762787787376207434    0.00763476871498688399508427024855024031
  0.81238354569648034416259890769976611137   -0.97437683813060150940233308140377912047   -0.35266261736447105550762787787376207434    0.00763476871498688399508427024855024031
 -0.97437683813060150940233308140377912047    -0.8380067075658788347602658262959869909   -0.35266261736447105550762787787376207434    0.00763476871498688399508427024855024031
  -0.8380067075658788347602658262959869909   -0.97437683813060150940233308140377912047   -0.35266261736447105550762787787376207434    0.00763476871498688399508427024855024031
  -0.8380067075658788347602658262959869909    0.81238354569648034416259890769976611137    0.35266261736447105550762787787376207434    0.00763476871498688399508427024855024031
  0.81238354569648034416259890769976611137    -0.8380067075658788347602658262959869909    0.35266261736447105550762787787376207434    0.00763476871498688399508427024855024031
 -0.97437683813060150940233308140377912047    0.81238354569648034416259890769976611137    0.35266261736447105550762787787376207434    0.00763476871498688399508427024855024031
  0.81238354569648034416259890769976611137   -0.97437683813060150940233308140377912047    0.35266261736447105550762787787376207434    0.00763476871498688399508427024855024031
 -0.97437683813060150940233308140377912047    -0.8380067075658788347602658262959869909    0.35266261736447105550762787787376207434    0.00763476871498688399508427024855024031
  -0.8380067075658788347602658262959869909   -0.97437683813060150940233308140377912047    0.35266261736447105550762787787376207434    0.00763476871498688399508427024855024031
 -0.31837022400596925596638121325318287532    0.29012551907837935415123958261028509457   -0.84987196299439565569672377334672118272  0.0090574751520490838696926233236961364454
  0.29012551907837935415123958261028509457   -0.31837022400596925596638121325318287532   -0.84987196299439565569672377334672118272  0.0090574751520490838696926233236961364454
 -0.97175529507241009818485836935710221925    0.29012551907837935415123958261028509457   -0.84987196299439565569672377334672118272  0.0090574751520490838696926233236961364454
  0.29012551907837935415123958261028509457   -0.97175529507241009818485836935710221925   -0.84987196299439565569672377334672118272  0.0090574751520490838696926233236961364454
 -0.97175529507241009818485836935710221925   -0.31837022400596925596638121325318287532   -0.84987196299439565569672377334672118272  0.0090574751520490838696926233236961364454
 -0.31837022400596925596638121325318287532   -0.97175529507241009818485836935710221925   -0.84987196299439565569672377334672118272  0.0090574751520490838696926233236961364454
 -0.31837022400596925596638121325318287532    0.29012551907837935415123958261028509457    0.84987196299439565569672377334672118272  0.0090574751520490838696926233236961364454
  0.29012551907837935415123958261028509457   -0.31837022400596925596638121325318287532    0.84987196299439565569672377334672118272  0.0090574751520490838696926233236961364454
 -0.97175529507241009818485836935710221925    0.29012551907837935415123958261028509457    0.84987196299439565569672377334672118272  0.0090574751520490838696926233236961364454
  0.29012551907837935415123958261028509457   -0.97175529507241009818485836935710221925    0.84987196299439565569672377334672118272  0.0090574751520490838696926233236961364454
 -0.97175529507241009818485836935710221925   -0.31837022400596925596638121325318287532    0.84987196299439565569672377334672118272  0.0090574751520490838696926233236961364454
 -0.31837022400596925596638121325318287532   -0.97175529507241009818485836935710221925    0.84987196299439565569672377334672118272  0.0090574751520490838696926233236961364454
 -0.60636847106593591392627936837559653584    0.56408997229077841429388917116303305868   -0.98750686864230756279581858038074228381  0.0027179829012339582054823126054712562735
  0.56408997229077841429388917116303305868   -0.60636847106593591392627936837559653584   -0.98750686864230756279581858038074228381  0.0027179829012339582054823126054712562735
 -0.95772150122484250036760980278743652285    0.56408997229077841429388917116303305868   -0.98750686864230756279581858038074228381  0.0027179829012339582054823126054712562735
  0.56408997229077841429388917116303305868   -0.95772150122484250036760980278743652285   -0.98750686864230756279581858038074228381  0.0027179829012339582054823126054712562735
 -0.95772150122484250036760980278743652285   -0.60636847106593591392627936837559653584   -0.98750686864230756279581858038074228381  0.0027179829012339582054823126054712562735
 -0.60636847106593591392627936837559653584   -0.95772150122484250036760980278743652285   -0.98750686864230756279581858038074228381  0.0027179829012339582054823126054712562735
 -0.60636847106593591392627936837559653584    0.56408997229077841429388917116303305868    0.98750686864230756279581858038074228381  0.0027179829012339582054823126054712562735
  0.56408997229077841429388917116303305868   -0.60636847106593591392627936837559653584    0.98750686864230756279581858038074228381  0.0027179829012339582054823126054712562735
 -0.95772150122484250036760980278743652285    0.56408997229077841429388917116303305868    0.98750686864230756279581858038074228381  0.0027179829012339582054823126054712562735
  0.56408997229077841429388917116303305868   -0.95772150122484250036760980278743652285    0.98750686864230756279581858038074228381  0.0027179829012339582054823126054712562735
 -0.95772150122484250036760980278743652285   -0.60636847106593591392627936837559653584    0.98750686864230756279581858038074228381  0.0027179829012339582054823126054712562735
 -0.60636847106593591392627936837559653584   -0.95772150122484250036760980278743652285    0.98750686864230756279581858038074228381  0.0027179829012339582054823126054712562735
 -0.33934900464053949268706113542372761389    0.28158117816808908240886872540150189419   -0.32072970702373431005230361559414681475   0.020200685169291094586901659823525785922
  0.28158117816808908240886872540150189419   -0.33934900464053949268706113542372761389   -0.32072970702373431005230361559414681475   0.020200685169291094586901659823525785922
 -0.94223217352754958972180758997777428029    0.28158117816808908240886872540150189419   -0.32072970702373431005230361559414681475   0.020200685169291094586901659823525785922
  0.28158117816808908240886872540150189419   -0.94223217352754958972180758997777428029   -0.32072970702373431005230361559414681475   0.020200685169291094586901659823525785922
 -0.94223217352754958972180758997777428029   -0.33934900464053949268706113542372761389   -0.32072970702373431005230361559414681475   0.020200685169291094586901659823525785922
 -0.33934900464053949268706113542372761389   -0.94223217352754958972180758997777428029   -0.32072970702373431005230361559414681475   0.020200685169291094586901659823525785922
 -0.33934900464053949268706113542372761389    0.28158117816808908240886872540150189419    0.32072970702373431005230361559414681475   0.020200685169291094586901659823525785922
  0.28158117816808908240886872540150189419   -0.33934900464053949268706113542372761389    0.32072970702373431005230361559414681475   0.020200685169291094586901659823525785922
 -0.94223217352754958972180758997777428029    0.28158117816808908240886872540150189419    0.32072970702373431005230361559414681475   0.020200685169291094586901659823525785922
  0.28158117816808908240886872540150189419   -0.94223217352754958972180758997777428029    0.32072970702373431005230361559414681475   0.020200685169291094586901659823525785922
 -0.94223217352754958972180758997777428029   -0.33934900464053949268706113542372761389    0.32072970702373431005230361559414681475   0.020200685169291094586901659823525785922
 -0.33934900464053949268706113542372761389   -0.94223217352754958972180758997777428029    0.32072970702373431005230361559414681475   0.020200685169291094586901659823525785922
 -0.61968964279055668734482739734457781053     0.5430540324266512051594547310344929733   -0.78188810315477295465277390476162223427  0.0095035606138084131694096912149897185426
   0.5430540324266512051594547310344929733   -0.61968964279055668734482739734457781053   -0.78188810315477295465277390476162223427  0.0095035606138084131694096912149897185426
 -0.92336438963609451781462733368991516277     0.5430540324266512051594547310344929733   -0.78188810315477295465277390476162223427  0.0095035606138084131694096912149897185426
   0.5430540324266512051594547310344929733   -0.92336438963609451781462733368991516277   -0.78188810315477295465277390476162223427  0.0095035606138084131694096912149897185426
 -0.92336438963609451781462733368991516277   -0.61968964279055668734482739734457781053   -0.78188810315477295465277390476162223427  0.0095035606138084131694096912149897185426
 -0.61968964279055668734482739734457781053   -0.92336438963609451781462733368991516277   -0.78188810315477295465277390476162223427  0.0095035606138084131694096912149897185426
 -0.61968964279055668734482739734457781053     0.5430540324266512051594547310344929733    0.78188810315477295465277390476162223427  0.0095035606138084131694096912149897185426
   0.5430540324266512051594547310344929733   -0.61968964279055668734482739734457781053    0.78188810315477295465277390476162223427  0.0095035606138084131694096912149897185426
 -0.92336438963609451781462733368991516277     0.5430540324266512051594547310344929733    0.78188810315477295465277390476162223427  0.0095035606138084131694096912149897185426
   0.5430540324266512051594547310344929733   -0.92336438963609451781462733368991516277    0.78188810315477295465277390476162223427  0.0095035606138084131694096912149897185426
 -0.92336438963609451781462733368991516277   -0.61968964279055668734482739734457781053    0.78188810315477295465277390476162223427  0.0095035606138084131694096912149897185426
 -0.61968964279055668734482739734457781053   -0.92336438963609451781462733368991516277    0.78188810315477295465277390476162223427  0.0095035606138084131694096912149897185426
  -0.6656511308838792193464134224654563738    0.54459746068559163625218041069167898677   -0.56852402557603613857324946809144517036   0.015927667189177724600803713277844160861
  0.54459746068559163625218041069167898677    -0.6656511308838792193464134224654563738   -0.56852402557603613857324946809144517036   0.015927667189177724600803713277844160861
 -0.87894632980171241690576698822622261297    0.54459746068559163625218041069167898677   -0.56852402557603613857324946809144517036   0.015927667189177724600803713277844160861
  0.54459746068559163625218041069167898677   -0.87894632980171241690576698822622261297   -0.56852402557603613857324946809144517036   0.015927667189177724600803713277844160861
 -0.87894632980171241690576698822622261297    -0.6656511308838792193464134224654563738   -0.56852402557603613857324946809144517036   0.015927667189177724600803713277844160861
  -0.6656511308838792193464134224654563738   -0.87894632980171241690576698822622261297   -0.56852402557603613857324946809144517036   0.015927667189177724600803713277844160861
  -0.6656511308838792193464134224654563738    0.54459746068559163625218041069167898677    0.56852402557603613857324946809144517036   0.015927667189177724600803713277844160861
  0.54459746068559163625218041069167898677    -0.6656511308838792193464134224654563738    0.56852402557603613857324946809144517036   0.015927667189177724600803713277844160861
 -0.87894632980171241690576698822622261297    0.54459746068559163625218041069167898677    0.56852402557603613857324946809144517036   0.015927667189177724600803713277844160861
  0.54459746068559163625218041069167898677   -0.87894632980171241690576698822622261297    0.56852402557603613857324946809144517036   0.015927667189177724600803713277844160861
 -0.87894632980171241690576698822622261297    -0.6656511308838792193464134224654563738    0.56852402557603613857324946809144517036   0.015927667189177724600803713277844160861
  -0.6656511308838792193464134224654563738   -0.87894632980171241690576698822622261297    0.56852402557603613857324946809144517036   0.015927667189177724600803713277844160861
 -0.78983016821087094450741313645374182736    0.66135193256090126269582050629664137645   -0.20526635356490859284488740625290122453   0.010206000990476129630177059818751758391
  0.66135193256090126269582050629664137645   -0.78983016821087094450741313645374182736   -0.20526635356490859284488740625290122453   0.010206000990476129630177059818751758391
 -0.87152176435003031818840736984289954909    0.66135193256090126269582050629664137645   -0.20526635356490859284488740625290122453   0.010206000990476129630177059818751758391
  0.66135193256090126269582050629664137645   -0.87152176435003031818840736984289954909   -0.20526635356490859284488740625290122453   0.010206000990476129630177059818751758391
 -0.87152176435003031818840736984289954909   -0.78983016821087094450741313645374182736   -0.20526635356490859284488740625290122453   0.010206000990476129630177059818751758391
 -0.78983016821087094450741313645374182736   -0.87152176435003031818840736984289954909   -0.20526635356490859284488740625290122453   0.010206000990476129630177059818751758391
 -0.78983016821087094450741313645374182736    0.66135193256090126269582050629664137645    0.20526635356490859284488740625290122453   0.010206000990476129630177059818751758391
  0.66135193256090126269582050629664137645   -0.78983016821087094450741313645374182736    0.20526635356490859284488740625290122453   0.010206000990476129630177059818751758391
 -0.87152176435003031818840736984289954909    0.66135193256090126269582050629664137645    0.20526635356490859284488740625290122453   0.010206000990476129630177059818751758391
  0.66135193256090126269582050629664137645   -0.87152176435003031818840736984289954909    0.20526635356490859284488740625290122453   0.010206000990476129630177059818751758391
 -0.87152176435003031818840736984289954909   -0.78983016821087094450741313645374182736    0.20526635356490859284488740625290122453   0.010206000990476129630177059818751758391
 -0.78983016821087094450741313645374182736   -0.87152176435003031818840736984289954909    0.20526635356490859284488740625290122453   0.010206000990476129630177059818751758391
 -0.37299235406210427230671461734142053982    0.19009126060330444257934858177228903591   -0.61894474571165170234932820362799371926   0.028718028421146907609600278207619638827
  0.19009126060330444257934858177228903591   -0.37299235406210427230671461734142053982   -0.61894474571165170234932820362799371926   0.028718028421146907609600278207619638827
 -0.81709890654120017027263396443086849609    0.19009126060330444257934858177228903591   -0.61894474571165170234932820362799371926   0.028718028421146907609600278207619638827
  0.19009126060330444257934858177228903591   -0.81709890654120017027263396443086849609   -0.61894474571165170234932820362799371926   0.028718028421146907609600278207619638827
 -0.81709890654120017027263396443086849609   -0.37299235406210427230671461734142053982   -0.61894474571165170234932820362799371926   0.028718028421146907609600278207619638827
 -0.37299235406210427230671461734142053982   -0.81709890654120017027263396443086849609   -0.61894474571165170234932820362799371926   0.028718028421146907609600278207619638827
 -0.37299235406210427230671461734142053982    0.19009126060330444257934858177228903591    0.61894474571165170234932820362799371926   0.028718028421146907609600278207619638827
  0.19009126060330444257934858177228903591   -0.37299235406210427230671461734142053982    0.61894474571165170234932820362799371926   0.028718028421146907609600278207619638827
 -0.81709890654120017027263396443086849609    0.19009126060330444257934858177228903591    0.61894474571165170234932820362799371926   0.028718028421146907609600278207619638827
  0.19009126060330444257934858177228903591   -0.81709890654120017027263396443086849609    0.61894474571165170234932820362799371926   0.028718028421146907609600278207619638827
 -0.81709890654120017027263396443086849609   -0.37299235406210427230671461734142053982    0.61894474571165170234932820362799371926   0.028718028421146907609600278207619638827
 -0.37299235406210427230671461734142053982   -0.81709890654120017027263396443086849609    0.61894474571165170234932820362799371926   0.028718028421146907609600278207619638827
 -0.42472325607403666838574699210895040837    0.23609090222525463968028298343940788085   -0.94653194728669857551084524661550205782   0.011877258880235931512915333306007938838
  0.23609090222525463968028298343940788085   -0.42472325607403666838574699210895040837   -0.94653194728669857551084524661550205782   0.011877258880235931512915333306007938838
 -0.81136764615121797129453599133045747247    0.23609090222525463968028298343940788085   -0.94653194728669857551084524661550205782   0.011877258880235931512915333306007938838
  0.23609090222525463968028298343940788085   -0.81136764615121797129453599133045747247   -0.94653194728669857551084524661550205782   0.011877258880235931512915333306007938838
 -0.81136764615121797129453599133045747247   -0.42472325607403666838574699210895040837   -0.94653194728669857551084524661550205782   0.011877258880235931512915333306007938838
 -0.42472325607403666838574699210895040837   -0.81136764615121797129453599133045747247   -0.94653194728669857551084524661550205782   0.011877258880235931512915333306007938838
 -0.42472325607403666838574699210895040837    0.23609090222525463968028298343940788085    0.94653194728669857551084524661550205782   0.011877258880235931512915333306007938838
  0.23609090222525463968028298343940788085   -0.42472325607403666838574699210895040837    0.94653194728669857551084524661550205782   0.011877258880235931512915333306007938838
 -0.81136764615121797129453599133045747247    0.23609090222525463968028298343940788085    0.94653194728669857551084524661550205782   0.011877258880235931512915333306007938838
  0.23609090222525463968028298343940788085   -0.81136764615121797129453599133045747247    0.94653194728669857551084524661550205782   0.011877258880235931512915333306007938838
 -0.81136764615121797129453599133045747247   -0.42472325607403666838574699210895040837    0.94653194728669857551084524661550205782   0.011877258880235931512915333306007938838
 -0.42472325607403666838574699210895040837   -0.81136764615121797129453599133045747247    0.94653194728669857551084524661550205782   0.011877258880235931512915333306007938838
 -0.38314461237289919304963736109337503662   0.050788091115857662441651892152365744433   -0.23609653627523526054133826772354786478   0.033549197684685943786453967010166794803
 0.050788091115857662441651892152365744433   -0.38314461237289919304963736109337503662   -0.23609653627523526054133826772354786478   0.033549197684685943786453967010166794803
 -0.66764347874295846939201453105899070781   0.050788091115857662441651892152365744433   -0.23609653627523526054133826772354786478   0.033549197684685943786453967010166794803
 0.050788091115857662441651892152365744433   -0.66764347874295846939201453105899070781   -0.23609653627523526054133826772354786478   0.033549197684685943786453967010166794803
 -0.66764347874295846939201453105899070781   -0.38314461237289919304963736109337503662   -0.23609653627523526054133826772354786478   0.033549197684685943786453967010166794803
 -0.38314461237289919304963736109337503662   -0.66764347874295846939201453105899070781   -0.23609653627523526054133826772354786478   0.033549197684685943786453967010166794803
 -0.38314461237289919304963736109337503662   0.050788091115857662441651892152365744433    0.23609653627523526054133826772354786478   0.033549197684685943786453967010166794803
 0.050788091115857662441651892152365744433   -0.38314461237289919304963736109337503662    0.23609653627523526054133826772354786478   0.033549197684685943786453967010166794803
 -0.66764347874295846939201453105899070781   0.050788091115857662441651892152365744433    0.23609653627523526054133826772354786478   0.033549197684685943786453967010166794803
 0.050788091115857662441651892152365744433   -0.66764347874295846939201453105899070781    0.23609653627523526054133826772354786478   0.033549197684685943786453967010166794803
 -0.66764347874295846939201453105899070781   -0.38314461237289919304963736109337503662    0.23609653627523526054133826772354786478   0.033549197684685943786453967010166794803
 -0.38314461237289919304963736109337503662   -0.66764347874295846939201453105899070781    0.23609653627523526054133826772354786478   0.033549197684685943786453967010166794803

