-0.981560634246719250690549090149280823 -0.981560634246719250690549090149280823 0.00222551236318054678115128330935814828
-0.904117256370474856678465866119096193 -0.981560634246719250690549090149280823 0.00504489867677599569695403892274707604
-0.769902674194304687036893833212818076 -0.981560634246719250690549090149280823 0.00755174899722291605121807798099772971
-0.58731795428661744729670241894053428 -0.981560634246719250690549090149280823 0.00958449169844262713782227993930055215
-0.367831498998180193752691536643717561 -0.981560634246719250690549090149280823 0.0110150889549367919242539848337262597
-0.12523340851146891547244136946385313 -0.981560634246719250690549090149280823 0.0117535956959529496032162964988872944
0.12523340851146891547244136946385313 -0.981560634246719250690549090149280823 0.0117535956959529496032162964988872944
0.367831498998180193752691536643717561 -0.981560634246719250690549090149280823 0.0110150889549367919242539848337262597
0.58731795428661744729670241894053428 -0.981560634246719250690549090149280823 0.00958449169844262713782227993930055215
0.769902674194304687036893833212818076 -0.981560634246719250690549090149280823 0.00755174899722291605121807798099772971
0.904117256370474856678465866119096193 -0.981560634246719250690549090149280823 0.00504489867677599569695403892274707604
0.981560634246719250690549090149280823 -0.981560634246719250690549090149280823 0.00222551236318054678115128330935814828
-0.981560634246719250690549090149280823 -0.904117256370474856678465866119096193 0.00504489867677599569695403892274707604
-0.904117256370474856678465866119096193 -0.904117256370474856678465866119096193 0.0114360194443329883245562617926456885
-0.769902674194304687036893833212818076 -0.904117256370474856678465866119096193 0.0171186685608825894820284888250972603
-0.58731795428661744729670241894053428 -0.904117256370474856678465866119096193 0.0217265876779679159905822704017308993
-0.367831498998180193752691536643717561 -0.904117256370474856678465866119096193 0.0249695344823489249676746275301833154
-0.12523340851146891547244136946385313 -0.904117256370474856678465866119096193 0.0266436171530100164984590307215919845
0.12523340851146891547244136946385313 -0.904117256370474856678465866119096193 0.0266436171530100164984590307215919845
0.367831498998180193752691536643717561 -0.904117256370474856678465866119096193 0.0249695344823489249676746275301833154
0.58731795428661744729670241894053428 -0.904117256370474856678465866119096193 0.0217265876779679159905822704017308993
0.769902674194304687036893833212818076 -0.904117256370474856678465866119096193 0.0171186685608825894820284888250972603
0.904117256370474856678465866119096193 -0.904117256370474856678465866119096193 0.0114360194443329883245562617926456885
0.981560634246719250690549090149280823 -0.904117256370474856678465866119096193 0.00504489867677599569695403892274707604
-0.981560634246719250690549090149280823 -0.769902674194304687036893833212818076 0.00755174899722291605121807798099772971
-0.904117256370474856678465866119096193 -0.769902674194304687036893833212818076 0.0171186685608825894820284888250972603
-0.769902674194304687036893833212818076 -0.769902674194304687036893833212818076 0.0256250712692314951687466124526505015
-0.58731795428661744729670241894053428 -0.769902674194304687036893833212818076 0.032522702084281166411468982655516959
-0.367831498998180193752691536643717561 -0.769902674194304687036893833212818076 0.0373770949764060342626176612500786362
-0.12523340851146891547244136946385313 -0.769902674194304687036893833212818076 0.0398830426553220249585727063790179852
0.12523340851146891547244136946385313 -0.769902674194304687036893833212818076 0.0398830426553220249585727063790179852
0.367831498998180193752691536643717561 -0.769902674194304687036893833212818076 0.0373770949764060342626176612500786362
0.58731795428661744729670241894053428 -0.769902674194304687036893833212818076 0.032522702084281166411468982655516959
0.769902674194304687036893833212818076 -0.769902674194304687036893833212818076 0.0256250712692314951687466124526505015
0.904117256370474856678465866119096193 -0.769902674194304687036893833212818076 0.0171186685608825894820284888250972603
0.981560634246719250690549090149280823 -0.769902674194304687036893833212818076 0.00755174899722291605121807798099772971
-0.981560634246719250690549090149280823 -0.58731795428661744729670241894053428 0.00958449169844262713782227993930055215
-0.904117256370474856678465866119096193 -0.58731795428661744729670241894053428 0.0217265876779679159905822704017308993
-0.769902674194304687036893833212818076 -0.58731795428661744729670241894053428 0.032522702084281166411468982655516959
-0.58731795428661744729670241894053428 -0.58731795428661744729670241894053428 0.0412770032812723608229740139847591663
-0.367831498998180193752691536643717561 -0.58731795428661744729670241894053428 0.0474380778075389929242967549761226514
-0.12523340851146891547244136946385313 -0.58731795428661744729670241894053428 0.0506185641735628584619201538523681483
0.12523340851146891547244136946385313 -0.58731795428661744729670241894053428 0.0506185641735628584619201538523681483
0.367831498998180193752691536643717561 -0.58731795428661744729670241894053428 0.0474380778075389929242967549761226514
0.58731795428661744729670241894053428 -0.58731795428661744729670241894053428 0.0412770032812723608229740139847591663
0.769902674194304687036893833212818076 -0.58731795428661744729670241894053428 0.032522702084281166411468982655516959
0.904117256370474856678465866119096193 -0.58731795428661744729670241894053428 0.0217265876779679159905822704017308993
0.981560634246719250690549090149280823 -0.58731795428661744729670241894053428 0.00958449169844262713782227993930055215
-0.981560634246719250690549090149280823 -0.367831498998180193752691536643717561 0.0110150889549367919242539848337262597
-0.904117256370474856678465866119096193 -0.367831498998180193752691536643717561 0.0249695344823489249676746275301833154
-0.769902674194304687036893833212818076 -0.367831498998180193752691536643717561 0.0373770949764060342626176612500786362
-0.58731795428661744729670241894053428 -0.367831498998180193752691536643717561 0.0474380778075389929242967549761226514
-0.367831498998180193752691536643717561 -0.367831498998180193752691536643717561 0.0545187646191149554205576209465581688
-0.12523340851146891547244136946385313 -0.367831498998180193752691536643717561 0.0581739756980091092614492493882090247
0.12523340851146891547244136946385313 -0.367831498998180193752691536643717561 0.0581739756980091092614492493882090247
0.367831498998180193752691536643717561 -0.367831498998180193752691536643717561 0.0545187646191149554205576209465581688
0.58731795428661744729670241894053428 -0.367831498998180193752691536643717561 0.0474380778075389929242967549761226514
0.769902674194304687036893833212818076 -0.367831498998180193752691536643717561 0.0373770949764060342626176612500786362
0.904117256370474856678465866119096193 -0.367831498998180193752691536643717561 0.0249695344823489249676746275301833154
0.981560634246719250690549090149280823 -0.367831498998180193752691536643717561 0.0110150889549367919242539848337262597
-0.981560634246719250690549090149280823 -0.12523340851146891547244136946385313 0.0117535956959529496032162964988872944
-0.904117256370474856678465866119096193 -0.12523340851146891547244136946385313 0.0266436171530100164984590307215919845
-0.769902674194304687036893833212818076 -0.12523340851146891547244136946385313 0.0398830426553220249585727063790179852
-0.58731795428661744729670241894053428 -0.12523340851146891547244136946385313 0.0506185641735628584619201538523681483
-0.367831498998180193752691536643717561 -0.12523340851146891547244136946385313 0.0581739756980091092614492493882090247
-0.12523340851146891547244136946385313 -0.12523340851146891547244136946385313 0.0620742504375458262169449992028767736
0.12523340851146891547244136946385313 -0.12523340851146891547244136946385313 0.0620742504375458262169449992028767736
0.367831498998180193752691536643717561 -0.12523340851146891547244136946385313 0.0581739756980091092614492493882090247
0.58731795428661744729670241894053428 -0.12523340851146891547244136946385313 0.0506185641735628584619201538523681483
0.769902674194304687036893833212818076 -0.12523340851146891547244136946385313 0.0398830426553220249585727063790179852
0.904117256370474856678465866119096193 -0.12523340851146891547244136946385313 0.0266436171530100164984590307215919845
0.981560634246719250690549090149280823 -0.12523340851146891547244136946385313 0.0117535956959529496032162964988872944
-0.981560634246719250690549090149280823 0.12523340851146891547244136946385313 0.0117535956959529496032162964988872944
-0.904117256370474856678465866119096193 0.12523340851146891547244136946385313 0.0266436171530100164984590307215919845
-0.769902674194304687036893833212818076 0.12523340851146891547244136946385313 0.0398830426553220249585727063790179852
-0.58731795428661744729670241894053428 0.12523340851146891547244136946385313 0.0506185641735628584619201538523681483
-0.367831498998180193752691536643717561 0.12523340851146891547244136946385313 0.0581739756980091092614492493882090247
-0.12523340851146891547244136946385313 0.12523340851146891547244136946385313 0.0620742504375458262169449992028767736
0.12523340851146891547244136946385313 0.12523340851146891547244136946385313 0.0620742504375458262169449992028767736
0.367831498998180193752691536643717561 0.12523340851146891547244136946385313 0.0581739756980091092614492493882090247
0.58731795428661744729670241894053428 0.12523340851146891547244136946385313 0.0506185641735628584619201538523681483
0.769902674194304687036893833212818076 0.12523340851146891547244136946385313 0.0398830426553220249585727063790179852
0.904117256370474856678465866119096193 0.12523340851146891547244136946385313 0.0266436171530100164984590307215919845
0.981560634246719250690549090149280823 0.12523340851146891547244136946385313 0.0117535956959529496032162964988872944
-0.981560634246719250690549090149280823 0.367831498998180193752691536643717561 0.0110150889549367919242539848337262597
-0.904117256370474856678465866119096193 0.367831498998180193752691536643717561 0.0249695344823489249676746275301833154
-0.769902674194304687036893833212818076 0.367831498998180193752691536643717561 0.0373770949764060342626176612500786362
-0.58731795428661744729670241894053428 0.367831498998180193752691536643717561 0.0474380778075389929242967549761226514
-0.367831498998180193752691536643717561 0.367831498998180193752691536643717561 0.0545187646191149554205576209465581688
-0.12523340851146891547244136946385313 0.367831498998180193752691536643717561 0.0581739756980091092614492493882090247
0.12523340851146891547244136946385313 0.367831498998180193752691536643717561 0.0581739756980091092614492493882090247
0.367831498998180193752691536643717561 0.367831498998180193752691536643717561 0.0545187646191149554205576209465581688
0.58731795428661744729670241894053428 0.367831498998180193752691536643717561 0.0474380778075389929242967549761226514
0.769902674194304687036893833212818076 0.367831498998180193752691536643717561 0.0373770949764060342626176612500786362
0.904117256370474856678465866119096193 0.367831498998180193752691536643717561 0.0249695344823489249676746275301833154
0.981560634246719250690549090149280823 0.367831498998180193752691536643717561 0.0110150889549367919242539848337262597
-0.981560634246719250690549090149280823 0.58731795428661744729670241894053428 0.00958449169844262713782227993930055215
-0.904117256370474856678465866119096193 0.58731795428661744729670241894053428 0.0217265876779679159905822704017308993
-0.769902674194304687036893833212818076 0.58731795428661744729670241894053428 0.032522702084281166411468982655516959
-0.58731795428661744729670241894053428 0.58731795428661744729670241894053428 0.0412770032812723608229740139847591663
-0.367831498998180193752691536643717561 0.58731795428661744729670241894053428 0.0474380778075389929242967549761226514
-0.12523340851146891547244136946385313 0.58731795428661744729670241894053428 0.0506185641735628584619201538523681483
0.12523340851146891547244136946385313 0.58731795428661744729670241894053428 0.0506185641735628584619201538523681483
0.367831498998180193752691536643717561 0.58731795428661744729670241894053428 0.0474380778075389929242967549761226514
0.58731795428661744729670241894053428 0.58731795428661744729670241894053428 0.0412770032812723608229740139847591663
0.769902674194304687036893833212818076 0.58731795428661744729670241894053428 0.032522702084281166411468982655516959
0.904117256370474856678465866119096193 0.58731795428661744729670241894053428 0.0217265876779679159905822704017308993
0.981560634246719250690549090149280823 0.58731795428661744729670241894053428 0.00958449169844262713782227993930055215
-0.981560634246719250690549090149280823 0.769902674194304687036893833212818076 0.00755174899722291605121807798099772971
-0.904117256370474856678465866119096193 0.769902674194304687036893833212818076 0.0171186685608825894820284888250972603
-0.769902674194304687036893833212818076 0.769902674194304687036893833212818076 0.0256250712692314951687466124526505015
-0.58731795428661744729670241894053428 0.769902674194304687036893833212818076 0.032522702084281166411468982655516959
-0.367831498998180193752691536643717561 0.769902674194304687036893833212818076 0.0373770949764060342626176612500786362
-0.12523340851146891547244136946385313 0.769902674194304687036893833212818076 0.0398830426553220249585727063790179852
0.12523340851146891547244136946385313 0.769902674194304687036893833212818076 0.0398830426553220249585727063790179852
0.367831498998180193752691536643717561 0.769902674194304687036893833212818076 0.0373770949764060342626176612500786362
0.58731795428661744729670241894053428 0.769902674194304687036893833212818076 0.032522702084281166411468982655516959
0.769902674194304687036893833212818076 0.769902674194304687036893833212818076 0.0256250712692314951687466124526505015
0.904117256370474856678465866119096193 0.769902674194304687036893833212818076 0.0171186685608825894820284888250972603
0.981560634246719250690549090149280823 0.769902674194304687036893833212818076 0.00755174899722291605121807798099772971
-0.981560634246719250690549090149280823 0.904117256370474856678465866119096193 0.00504489867677599569695403892274707604
-0.904117256370474856678465866119096193 0.904117256370474856678465866119096193 0.0114360194443329883245562617926456885
-0.769902674194304687036893833212818076 0.904117256370474856678465866119096193 0.0171186685608825894820284888250972603
-0.58731795428661744729670241894053428 0.904117256370474856678465866119096193 0.0217265876779679159905822704017308993
-0.367831498998180193752691536643717561 0.904117256370474856678465866119096193 0.0249695344823489249676746275301833154
-0.12523340851146891547244136946385313 0.904117256370474856678465866119096193 0.0266436171530100164984590307215919845
0.12523340851146891547244136946385313 0.904117256370474856678465866119096193 0.0266436171530100164984590307215919845
0.367831498998180193752691536643717561 0.904117256370474856678465866119096193 0.0249695344823489249676746275301833154
0.58731795428661744729670241894053428 0.904117256370474856678465866119096193 0.0217265876779679159905822704017308993
0.769902674194304687036893833212818076 0.904117256370474856678465866119096193 0.0171186685608825894820284888250972603
0.904117256370474856678465866119096193 0.904117256370474856678465866119096193 0.0114360194443329883245562617926456885
0.981560634246719250690549090149280823 0.904117256370474856678465866119096193 0.00504489867677599569695403892274707604
-0.981560634246719250690549090149280823 0.981560634246719250690549090149280823 0.00222551236318054678115128330935814828
-0.904117256370474856678465866119096193 0.981560634246719250690549090149280823 0.00504489867677599569695403892274707604
-0.769902674194304687036893833212818076 0.981560634246719250690549090149280823 0.00755174899722291605121807798099772971
-0.58731795428661744729670241894053428 0.981560634246719250690549090149280823 0.00958449169844262713782227993930055215
-0.367831498998180193752691536643717561 0.981560634246719250690549090149280823 0.0110150889549367919242539848337262597
-0.12523340851146891547244136946385313 0.981560634246719250690549090149280823 0.0117535956959529496032162964988872944
0.12523340851146891547244136946385313 0.981560634246719250690549090149280823 0.0117535956959529496032162964988872944
0.367831498998180193752691536643717561 0.981560634246719250690549090149280823 0.0110150889549367919242539848337262597
0.58731795428661744729670241894053428 0.981560634246719250690549090149280823 0.00958449169844262713782227993930055215
0.769902674194304687036893833212818076 0.981560634246719250690549090149280823 0.00755174899722291605121807798099772971
0.904117256370474856678465866119096193 0.981560634246719250690549090149280823 0.00504489867677599569695403892274707604
0.981560634246719250690549090149280823 0.981560634246719250690549090149280823 0.00222551236318054678115128330935814828
