-0.978228658146056992803938001122857391 -0.978228658146056992803938001122857391 0.0030989893647679320859579804459566656
-0.887062599768095299075157769303927267 -0.978228658146056992803938001122857391 0.00699087922603092920408314927876483601
-0.730152005574049324093416252031153458 -0.978228658146056992803938001122857391 0.0103705091101167231670290035699064321
-0.519096129206811815925725669458609554 -0.978228658146056992803938001122857391 0.0129815627352624243282741771341720553
-0.269543155952344972331531985400861525 -0.978228658146056992803938001122857391 0.0146299524245041160042174453809792062
0.0 -0.978228658146056992803938001122857391 0.015193348510983083386383929265538767
0.269543155952344972331531985400861525 -0.978228658146056992803938001122857391 0.0146299524245041160042174453809792062
0.519096129206811815925725669458609554 -0.978228658146056992803938001122857391 0.0129815627352624243282741771341720553
0.730152005574049324093416252031153458 -0.978228658146056992803938001122857391 0.0103705091101167231670290035699064321
0.887062599768095299075157769303927267 -0.978228658146056992803938001122857391 0.00699087922603092920408314927876483601
0.978228658146056992803938001122857391 -0.978228658146056992803938001122857391 0.0030989893647679320859579804459566656
-0.978228658146056992803938001122857391 -0.887062599768095299075157769303927267 0.00699087922603092920408314927876483601
-0.887062599768095299075157769303927267 -0.887062599768095299075157769303927267 0.0157704291949419498389991106042036283
-0.730152005574049324093416252031153458 -0.887062599768095299075157769303927267 0.0233943935159998802125044362492467018
-0.519096129206811815925725669458609554 -0.887062599768095299075157769303927267 0.0292845591143741585074458972686596885
-0.269543155952344972331531985400861525 -0.887062599768095299075157769303927267 0.0330030917966527482354972877942090931
0.0 -0.887062599768095299075157769303927267 0.0342740332338099172723288360577123051
0.269543155952344972331531985400861525 -0.887062599768095299075157769303927267 0.0330030917966527482354972877942090931
0.519096129206811815925725669458609554 -0.887062599768095299075157769303927267 0.0292845591143741585074458972686596885
0.730152005574049324093416252031153458 -0.887062599768095299075157769303927267 0.0233943935159998802125044362492467018
0.887062599768095299075157769303927267 -0.887062599768095299075157769303927267 0.0157704291949419498389991106042036283
0.978228658146056992803938001122857391 -0.887062599768095299075157769303927267 0.00699087922603092920408314927876483601
-0.978228658146056992803938001122857391 -0.730152005574049324093416252031153458 0.0103705091101167231670290035699064321
-0.887062599768095299075157769303927267 -0.730152005574049324093416252031153458 0.0233943935159998802125044362492467018
-0.730152005574049324093416252031153458 -0.730152005574049324093416252031153458 0.0347040426874997179054118994747575071
-0.519096129206811815925725669458609554 -0.730152005574049324093416252031153458 0.0434417155928743134530064854407711775
-0.269543155952344972331531985400861525 -0.730152005574049324093416252031153458 0.0489579140295809752220298330533537835
0.0 -0.730152005574049324093416252031153458 0.0508432719833252829322319672872405794
0.269543155952344972331531985400861525 -0.730152005574049324093416252031153458 0.0489579140295809752220298330533537835
0.519096129206811815925725669458609554 -0.730152005574049324093416252031153458 0.0434417155928743134530064854407711775
0.730152005574049324093416252031153458 -0.730152005574049324093416252031153458 0.0347040426874997179054118994747575071
0.887062599768095299075157769303927267 -0.730152005574049324093416252031153458 0.0233943935159998802125044362492467018
0.978228658146056992803938001122857391 -0.730152005574049324093416252031153458 0.0103705091101167231670290035699064321
-0.978228658146056992803938001122857391 -0.519096129206811815925725669458609554 0.0129815627352624243282741771341720553
-0.887062599768095299075157769303927267 -0.519096129206811815925725669458609554 0.0292845591143741585074458972686596885
-0.730152005574049324093416252031153458 -0.519096129206811815925725669458609554 0.0434417155928743134530064854407711775
-0.519096129206811815925725669458609554 -0.519096129206811815925725669458609554 0.0543793318445846728791866404253740988
-0.269543155952344972331531985400861525 -0.519096129206811815925725669458609554 0.0612843810862277441517412315083461843
0.0 -0.519096129206811815925725669458609554 0.06364442843733433319773854613170387
0.269543155952344972331531985400861525 -0.519096129206811815925725669458609554 0.0612843810862277441517412315083461843
0.519096129206811815925725669458609554 -0.519096129206811815925725669458609554 0.0543793318445846728791866404253740988
0.730152005574049324093416252031153458 -0.519096129206811815925725669458609554 0.0434417155928743134530064854407711775
0.887062599768095299075157769303927267 -0.519096129206811815925725669458609554 0.0292845591143741585074458972686596885
0.978228658146056992803938001122857391 -0.519096129206811815925725669458609554 0.0129815627352624243282741771341720553
-0.978228658146056992803938001122857391 -0.269543155952344972331531985400861525 0.0146299524245041160042174453809792062
-0.887062599768095299075157769303927267 -0.269543155952344972331531985400861525 0.0330030917966527482354972877942090931
-0.730152005574049324093416252031153458 -0.269543155952344972331531985400861525 0.0489579140295809752220298330533537835
-0.519096129206811815925725669458609554 -0.269543155952344972331531985400861525 0.0612843810862277441517412315083461843
-0.269543155952344972331531985400861525 -0.269543155952344972331531985400861525 0.0690662286152382190241876243814352275
0.0 -0.269543155952344972331531985400861525 0.0717259531160857190860308955443714016
0.269543155952344972331531985400861525 -0.269543155952344972331531985400861525 0.0690662286152382190241876243814352275
0.519096129206811815925725669458609554 -0.269543155952344972331531985400861525 0.0612843810862277441517412315083461843
0.730152005574049324093416252031153458 -0.269543155952344972331531985400861525 0.0489579140295809752220298330533537835
0.887062599768095299075157769303927267 -0.269543155952344972331531985400861525 0.0330030917966527482354972877942090931
0.978228658146056992803938001122857391 -0.269543155952344972331531985400861525 0.0146299524245041160042174453809792062
-0.978228658146056992803938001122857391 0.0 0.015193348510983083386383929265538767
-0.887062599768095299075157769303927267 0.0 0.0342740332338099172723288360577123051
-0.730152005574049324093416252031153458 0.0 0.0508432719833252829322319672872405794
-0.519096129206811815925725669458609554 0.0 0.06364442843733433319773854613170387
-0.269543155952344972331531985400861525 0.0 0.0717259531160857190860308955443714016
0.0 0.0 0.0744881029927245896795387080995505319
0.269543155952344972331531985400861525 0.0 0.0717259531160857190860308955443714016
0.519096129206811815925725669458609554 0.0 0.06364442843733433319773854613170387
0.730152005574049324093416252031153458 0.0 0.0508432719833252829322319672872405794
0.887062599768095299075157769303927267 0.0 0.0342740332338099172723288360577123051
0.978228658146056992803938001122857391 0.0 0.015193348510983083386383929265538767
-0.978228658146056992803938001122857391 0.269543155952344972331531985400861525 0.0146299524245041160042174453809792062
-0.887062599768095299075157769303927267 0.269543155952344972331531985400861525 0.0330030917966527482354972877942090931
-0.730152005574049324093416252031153458 0.269543155952344972331531985400861525 0.0489579140295809752220298330533537835
-0.519096129206811815925725669458609554 0.269543155952344972331531985400861525 0.0612843810862277441517412315083461843
-0.269543155952344972331531985400861525 0.269543155952344972331531985400861525 0.0690662286152382190241876243814352275
0.0 0.269543155952344972331531985400861525 0.0717259531160857190860308955443714016
0.269543155952344972331531985400861525 0.269543155952344972331531985400861525 0.0690662286152382190241876243814352275
0.519096129206811815925725669458609554 0.269543155952344972331531985400861525 0.0612843810862277441517412315083461843
0.730152005574049324093416252031153458 0.269543155952344972331531985400861525 0.0489579140295809752220298330533537835
0.887062599768095299075157769303927267 0.269543155952344972331531985400861525 0.0330030917966527482354972877942090931
0.978228658146056992803938001122857391 0.269543155952344972331531985400861525 0.0146299524245041160042174453809792062
-0.978228658146056992803938001122857391 0.519096129206811815925725669458609554 0.0129815627352624243282741771341720553
-0.887062599768095299075157769303927267 0.519096129206811815925725669458609554 0.0292845591143741585074458972686596885
-0.730152005574049324093416252031153458 0.519096129206811815925725669458609554 0.0434417155928743134530064854407711775
-0.519096129206811815925725669458609554 0.519096129206811815925725669458609554 0.0543793318445846728791866404253740988
-0.269543155952344972331531985400861525 0.519096129206811815925725669458609554 0.0612843810862277441517412315083461843
0.0 0.519096129206811815925725669458609554 0.06364442843733433319773854613170387
0.269543155952344972331531985400861525 0.519096129206811815925725669458609554 0.0612843810862277441517412315083461843
0.519096129206811815925725669458609554 0.519096129206811815925725669458609554 0.0543793318445846728791866404253740988
0.730152005574049324093416252031153458 0.519096129206811815925725669458609554 0.0434417155928743134530064854407711775
0.887062599768095299075157769303927267 0.519096129206811815925725669458609554 0.0292845591143741585074458972686596885
0.978228658146056992803938001122857391 0.519096129206811815925725669458609554 0.0129815627352624243282741771341720553
-0.978228658146056992803938001122857391 0.730152005574049324093416252031153458 0.0103705091101167231670290035699064321
-0.887062599768095299075157769303927267 0.730152005574049324093416252031153458 0.0233943935159998802125044362492467018
-0.730152005574049324093416252031153458 0.730152005574049324093416252031153458 0.0347040426874997179054118994747575071
-0.519096129206811815925725669458609554 0.730152005574049324093416252031153458 0.0434417155928743134530064854407711775
-0.269543155952344972331531985400861525 0.730152005574049324093416252031153458 0.0489579140295809752220298330533537835
0.0 0.730152005574049324093416252031153458 0.0508432719833252829322319672872405794
0.269543155952344972331531985400861525 0.730152005574049324093416252031153458 0.0489579140295809752220298330533537835
0.519096129206811815925725669458609554 0.730152005574049324093416252031153458 0.0434417155928743134530064854407711775
0.730152005574049324093416252031153458 0.730152005574049324093416252031153458 0.0347040426874997179054118994747575071
0.887062599768095299075157769303927267 0.730152005574049324093416252031153458 0.0233943935159998802125044362492467018
0.978228658146056992803938001122857391 0.730152005574049324093416252031153458 0.0103705091101167231670290035699064321
-0.978228658146056992803938001122857391 0.887062599768095299075157769303927267 0.00699087922603092920408314927876483601
-0.887062599768095299075157769303927267 0.887062599768095299075157769303927267 0.0157704291949419498389991106042036283
-0.730152005574049324093416252031153458 0.887062599768095299075157769303927267 0.0233943935159998802125044362492467018
-0.519096129206811815925725669458609554 0.887062599768095299075157769303927267 0.0292845591143741585074458972686596885
-0.269543155952344972331531985400861525 0.887062599768095299075157769303927267 0.0330030917966527482354972877942090931
0.0 0.887062599768095299075157769303927267 0.0342740332338099172723288360577123051
0.269543155952344972331531985400861525 0.887062599768095299075157769303927267 0.0330030917966527482354972877942090931
0.519096129206811815925725669458609554 0.887062599768095299075157769303927267 0.0292845591143741585074458972686596885
0.730152005574049324093416252031153458 0.887062599768095299075157769303927267 0.0233943935159998802125044362492467018
0.887062599768095299075157769303927267 0.887062599768095299075157769303927267 0.0157704291949419498389991106042036283
0.978228658146056992803938001122857391 0.887062599768095299075157769303927267 0.00699087922603092920408314927876483601
-0.978228658146056992803938001122857391 0.978228658146056992803938001122857391 0.0030989893647679320859579804459566656
-0.887062599768095299075157769303927267 0.978228658146056992803938001122857391 0.00699087922603092920408314927876483601
-0.730152005574049324093416252031153458 0.978228658146056992803938001122857391 0.0103705091101167231670290035699064321
-0.519096129206811815925725669458609554 0.978228658146056992803938001122857391 0.0129815627352624243282741771341720553
-0.269543155952344972331531985400861525 0.978228658146056992803938001122857391 0.0146299524245041160042174453809792062
0.0 0.978228658146056992803938001122857391 0.015193348510983083386383929265538767
0.269543155952344972331531985400861525 0.978228658146056992803938001122857391 0.0146299524245041160042174453809792062
0.519096129206811815925725669458609554 0.978228658146056992803938001122857391 0.0129815627352624243282741771341720553
0.730152005574049324093416252031153458 0.978228658146056992803938001122857391 0.0103705091101167231670290035699064321
0.887062599768095299075157769303927267 0.978228658146056992803938001122857391 0.00699087922603092920408314927876483601
0.978228658146056992803938001122857391 0.978228658146056992803938001122857391 0.0030989893647679320859579804459566656
