-1.0 -1.0 0.00012075836251660427484603308779132955
-0.959935045267260901355100162015424389 -1.0 0.000734475653820673457517260008198382693
-0.867801053830347251000220202908264213 -1.0 0.0012811720428429851817691941830181344
-0.728868599091326140584672400520881596 -1.0 0.00175848188750496859794308788997356748
-0.550639402928647055316622705859080634 -1.0 0.00214094669641116613890474481731741222
-0.342724013342712845043903403641674645 -1.0 0.00240798080230517313045233542806777597
-0.116331868883703867658776709736160168 -1.0 0.00254519554360941822955635557464438671
0.116331868883703867658776709736160168 -1.0 0.00254519554360941822955635557464438671
0.342724013342712845043903403641674645 -1.0 0.00240798080230517313045233542806777597
0.550639402928647055316622705859080634 -1.0 0.00214094669641116613890474481731741222
0.728868599091326140584672400520881596 -1.0 0.00175848188750496859794308788997356748
0.867801053830347251000220202908264213 -1.0 0.0012811720428429851817691941830181344
0.959935045267260901355100162015424389 -1.0 0.000734475653820673457517260008198382693
1.0 -1.0 0.00012075836251660427484603308779132955
-1.0 -0.959935045267260901355100162015424389 0.000734475653820673457517260008198382693
-0.959935045267260901355100162015424389 -0.959935045267260901355100162015424389 0.00446722259902398697283109473172202667
-0.867801053830347251000220202908264213 -0.959935045267260901355100162015424389 0.00779233548893546256701579874415191907
-0.728868599091326140584672400520881596 -0.959935045267260901355100162015424389 0.0106954260321262137757630094313658869
-0.550639402928647055316622705859080634 -0.959935045267260901355100162015424389 0.0130216507732587634722126235805618495
-0.342724013342712845043903403641674645 -0.959935045267260901355100162015424389 0.0146458037133249378131713748863230123
-0.116331868883703867658776709736160168 -0.959935045267260901355100162015424389 0.015480370237191246575559499363729748
0.116331868883703867658776709736160168 -0.959935045267260901355100162015424389 0.015480370237191246575559499363729748
0.342724013342712845043903403641674645 -0.959935045267260901355100162015424389 0.0146458037133249378131713748863230123
0.550639402928647055316622705859080634 -0.959935045267260901355100162015424389 0.0130216507732587634722126235805618495
0.728868599091326140584672400520881596 -0.959935045267260901355100162015424389 0.0106954260321262137757630094313658869
0.867801053830347251000220202908264213 -0.959935045267260901355100162015424389 0.00779233548893546256701579874415191907
0.959935045267260901355100162015424389 -0.959935045267260901355100162015424389 0.00446722259902398697283109473172202667
1.0 -0.959935045267260901355100162015424389 0.000734475653820673457517260008198382693
-1.0 -0.867801053830347251000220202908264213 0.0012811720428429851817691941830181344
-0.959935045267260901355100162015424389 -0.867801053830347251000220202908264213 0.00779233548893546256701579874415191907
-0.867801053830347251000220202908264213 -0.867801053830347251000220202908264213 0.0135924483336445963330634270110704845
-0.728868599091326140584672400520881596 -0.867801053830347251000220202908264213 0.0186564125677619458895256988466979538
-0.550639402928647055316622705859080634 -0.867801053830347251000220202908264213 0.0227141292370694616621151437917938459
-0.342724013342712845043903403641674645 -0.867801053830347251000220202908264213 0.0255471970580241713656551622022670473
-0.116331868883703867658776709736160168 -0.867801053830347251000220202908264213 0.0270029611704330285418522458756508451
0.116331868883703867658776709736160168 -0.867801053830347251000220202908264213 0.0270029611704330285418522458756508451
0.342724013342712845043903403641674645 -0.867801053830347251000220202908264213 0.0255471970580241713656551622022670473
0.550639402928647055316622705859080634 -0.867801053830347251000220202908264213 0.0227141292370694616621151437917938459
0.728868599091326140584672400520881596 -0.867801053830347251000220202908264213 0.0186564125677619458895256988466979538
0.867801053830347251000220202908264213 -0.867801053830347251000220202908264213 0.0135924483336445963330634270110704845
0.959935045267260901355100162015424389 -0.867801053830347251000220202908264213 0.00779233548893546256701579874415191907
1.0 -0.867801053830347251000220202908264213 0.0012811720428429851817691941830181344
-1.0 -0.728868599091326140584672400520881596 0.00175848188750496859794308788997356748
-0.959935045267260901355100162015424389 -0.728868599091326140584672400520881596 0.0106954260321262137757630094313658869
-0.867801053830347251000220202908264213 -0.728868599091326140584672400520881596 0.0186564125677619458895256988466979538
-0.728868599091326140584672400520881596 -0.728868599091326140584672400520881596 0.0256069930416442296887264160715978323
-0.550639402928647055316622705859080634 -0.728868599091326140584672400520881596 0.0311764411945795655605496054222118996
-0.342724013342712845043903403641674645 -0.728868599091326140584672400520881596 0.0350649887765006814728491564156638491
-0.116331868883703867658776709736160168 -0.728868599091326140584672400520881596 0.0370631082628345374274640239100836513
0.116331868883703867658776709736160168 -0.728868599091326140584672400520881596 0.0370631082628345374274640239100836513
0.342724013342712845043903403641674645 -0.728868599091326140584672400520881596 0.0350649887765006814728491564156638491
0.550639402928647055316622705859080634 -0.728868599091326140584672400520881596 0.0311764411945795655605496054222118996
0.728868599091326140584672400520881596 -0.728868599091326140584672400520881596 0.0256069930416442296887264160715978323
0.867801053830347251000220202908264213 -0.728868599091326140584672400520881596 0.0186564125677619458895256988466979538
0.959935045267260901355100162015424389 -0.728868599091326140584672400520881596 0.0106954260321262137757630094313658869
1.0 -0.728868599091326140584672400520881596 0.00175848188750496859794308788997356748
-1.0 -0.550639402928647055316622705859080634 0.00214094669641116613890474481731741222
-0.959935045267260901355100162015424389 -0.550639402928647055316622705859080634 0.0130216507732587634722126235805618495
-0.867801053830347251000220202908264213 -0.550639402928647055316622705859080634 0.0227141292370694616621151437917938459
-0.728868599091326140584672400520881596 -0.550639402928647055316622705859080634 0.0311764411945795655605496054222118996
-0.550639402928647055316622705859080634 -0.550639402928647055316622705859080634 0.0379572284796726498778855105870004462
-0.342724013342712845043903403641674645 -0.550639402928647055316622705859080634 0.0426915241005185704354795003276203519
-0.116331868883703867658776709736160168 -0.550639402928647055316622705859080634 0.0451242288919059414931846498493787068
0.116331868883703867658776709736160168 -0.550639402928647055316622705859080634 0.0451242288919059414931846498493787068
0.342724013342712845043903403641674645 -0.550639402928647055316622705859080634 0.0426915241005185704354795003276203519
0.550639402928647055316622705859080634 -0.550639402928647055316622705859080634 0.0379572284796726498778855105870004462
0.728868599091326140584672400520881596 -0.550639402928647055316622705859080634 0.0311764411945795655605496054222118996
0.867801053830347251000220202908264213 -0.550639402928647055316622705859080634 0.0227141292370694616621151437917938459
0.959935045267260901355100162015424389 -0.550639402928647055316622705859080634 0.0130216507732587634722126235805618495
1.0 -0.550639402928647055316622705859080634 0.00214094669641116613890474481731741222
-1.0 -0.342724013342712845043903403641674645 0.00240798080230517313045233542806777597
-0.959935045267260901355100162015424389 -0.342724013342712845043903403641674645 0.0146458037133249378131713748863230123
-0.867801053830347251000220202908264213 -0.342724013342712845043903403641674645 0.0255471970580241713656551622022670473
-0.728868599091326140584672400520881596 -0.342724013342712845043903403641674645 0.0350649887765006814728491564156638491
-0.550639402928647055316622705859080634 -0.342724013342712845043903403641674645 0.0426915241005185704354795003276203519
-0.342724013342712845043903403641674645 -0.342724013342712845043903403641674645 0.0480163147581020668078941509069513317
-0.116331868883703867658776709736160168 -0.342724013342712845043903403641674645 0.0507524438009951538456608437872742447
0.116331868883703867658776709736160168 -0.342724013342712845043903403641674645 0.0507524438009951538456608437872742447
0.342724013342712845043903403641674645 -0.342724013342712845043903403641674645 0.0480163147581020668078941509069513317
0.550639402928647055316622705859080634 -0.342724013342712845043903403641674645 0.0426915241005185704354795003276203519
0.728868599091326140584672400520881596 -0.342724013342712845043903403641674645 0.0350649887765006814728491564156638491
0.867801053830347251000220202908264213 -0.342724013342712845043903403641674645 0.0255471970580241713656551622022670473
0.959935045267260901355100162015424389 -0.342724013342712845043903403641674645 0.0146458037133249378131713748863230123
1.0 -0.342724013342712845043903403641674645 0.00240798080230517313045233542806777597
-1.0 -0.116331868883703867658776709736160168 0.00254519554360941822955635557464438671
-0.959935045267260901355100162015424389 -0.116331868883703867658776709736160168 0.015480370237191246575559499363729748
-0.867801053830347251000220202908264213 -0.116331868883703867658776709736160168 0.0270029611704330285418522458756508451
-0.728868599091326140584672400520881596 -0.116331868883703867658776709736160168 0.0370631082628345374274640239100836513
-0.550639402928647055316622705859080634 -0.116331868883703867658776709736160168 0.0451242288919059414931846498493787068
-0.342724013342712845043903403641674645 -0.116331868883703867658776709736160168 0.0507524438009951538456608437872742447
-0.116331868883703867658776709736160168 -0.116331868883703867658776709736160168 0.0536444865614877327763507389318776077
0.116331868883703867658776709736160168 -0.116331868883703867658776709736160168 0.0536444865614877327763507389318776077
0.342724013342712845043903403641674645 -0.116331868883703867658776709736160168 0.0507524438009951538456608437872742447
0.550639402928647055316622705859080634 -0.116331868883703867658776709736160168 0.0451242288919059414931846498493787068
0.728868599091326140584672400520881596 -0.116331868883703867658776709736160168 0.0370631082628345374274640239100836513
0.867801053830347251000220202908264213 -0.116331868883703867658776709736160168 0.0270029611704330285418522458756508451
0.959935045267260901355100162015424389 -0.116331868883703867658776709736160168 0.015480370237191246575559499363729748
1.0 -0.116331868883703867658776709736160168 0.00254519554360941822955635557464438671
-1.0 0.116331868883703867658776709736160168 0.00254519554360941822955635557464438671
-0.959935045267260901355100162015424389 0.116331868883703867658776709736160168 0.015480370237191246575559499363729748
-0.867801053830347251000220202908264213 0.116331868883703867658776709736160168 0.0270029611704330285418522458756508451
-0.728868599091326140584672400520881596 0.116331868883703867658776709736160168 0.0370631082628345374274640239100836513
-0.550639402928647055316622705859080634 0.116331868883703867658776709736160168 0.0451242288919059414931846498493787068
-0.342724013342712845043903403641674645 0.116331868883703867658776709736160168 0.0507524438009951538456608437872742447
-0.116331868883703867658776709736160168 0.116331868883703867658776709736160168 0.0536444865614877327763507389318776077
0.116331868883703867658776709736160168 0.116331868883703867658776709736160168 0.0536444865614877327763507389318776077
0.342724013342712845043903403641674645 0.116331868883703867658776709736160168 0.0507524438009951538456608437872742447
0.550639402928647055316622705859080634 0.116331868883703867658776709736160168 0.0451242288919059414931846498493787068
0.728868599091326140584672400520881596 0.116331868883703867658776709736160168 0.0370631082628345374274640239100836513
0.867801053830347251000220202908264213 0.116331868883703867658776709736160168 0.0270029611704330285418522458756508451
0.959935045267260901355100162015424389 0.116331868883703867658776709736160168 0.015480370237191246575559499363729748
1.0 0.116331868883703867658776709736160168 0.00254519554360941822955635557464438671
-1.0 0.342724013342712845043903403641674645 0.00240798080230517313045233542806777597
-0.959935045267260901355100162015424389 0.342724013342712845043903403641674645 0.0146458037133249378131713748863230123
-0.867801053830347251000220202908264213 0.342724013342712845043903403641674645 0.0255471970580241713656551622022670473
-0.728868599091326140584672400520881596 0.342724013342712845043903403641674645 0.0350649887765006814728491564156638491
-0.550639402928647055316622705859080634 0.342724013342712845043903403641674645 0.0426915241005185704354795003276203519
-0.342724013342712845043903403641674645 0.342724013342712845043903403641674645 0.0480163147581020668078941509069513317
-0.116331868883703867658776709736160168 0.342724013342712845043903403641674645 0.0507524438009951538456608437872742447
0.116331868883703867658776709736160168 0.342724013342712845043903403641674645 0.0507524438009951538456608437872742447
0.342724013342712845043903403641674645 0.342724013342712845043903403641674645 0.0480163147581020668078941509069513317
0.550639402928647055316622705859080634 0.342724013342712845043903403641674645 0.0426915241005185704354795003276203519
0.728868599091326140584672400520881596 0.342724013342712845043903403641674645 0.0350649887765006814728491564156638491
0.867801053830347251000220202908264213 0.342724013342712845043903403641674645 0.0255471970580241713656551622022670473
0.959935045267260901355100162015424389 0.342724013342712845043903403641674645 0.0146458037133249378131713748863230123
1.0 0.342724013342712845043903403641674645 0.00240798080230517313045233542806777597
-1.0 0.550639402928647055316622705859080634 0.00214094669641116613890474481731741222
-0.959935045267260901355100162015424389 0.550639402928647055316622705859080634 0.0130216507732587634722126235805618495
-0.867801053830347251000220202908264213 0.550639402928647055316622705859080634 0.0227141292370694616621151437917938459
-0.728868599091326140584672400520881596 0.550639402928647055316622705859080634 0.0311764411945795655605496054222118996
-0.550639402928647055316622705859080634 0.550639402928647055316622705859080634 0.0379572284796726498778855105870004462
-0.342724013342712845043903403641674645 0.550639402928647055316622705859080634 0.0426915241005185704354795003276203519
-0.116331868883703867658776709736160168 0.550639402928647055316622705859080634 0.0451242288919059414931846498493787068
0.116331868883703867658776709736160168 0.550639402928647055316622705859080634 0.0451242288919059414931846498493787068
0.342724013342712845043903403641674645 0.550639402928647055316622705859080634 0.0426915241005185704354795003276203519
0.550639402928647055316622705859080634 0.550639402928647055316622705859080634 0.0379572284796726498778855105870004462
0.728868599091326140584672400520881596 0.550639402928647055316622705859080634 0.0311764411945795655605496054222118996
0.867801053830347251000220202908264213 0.550639402928647055316622705859080634 0.0227141292370694616621151437917938459
0.959935045267260901355100162015424389 0.550639402928647055316622705859080634 0.0130216507732587634722126235805618495
1.0 0.550639402928647055316622705859080634 0.00214094669641116613890474481731741222
-1.0 0.728868599091326140584672400520881596 0.00175848188750496859794308788997356748
-0.959935045267260901355100162015424389 0.728868599091326140584672400520881596 0.0106954260321262137757630094313658869
-0.867801053830347251000220202908264213 0.728868599091326140584672400520881596 0.0186564125677619458895256988466979538
-0.728868599091326140584672400520881596 0.728868599091326140584672400520881596 0.0256069930416442296887264160715978323
-0.550639402928647055316622705859080634 0.728868599091326140584672400520881596 0.0311764411945795655605496054222118996
-0.342724013342712845043903403641674645 0.728868599091326140584672400520881596 0.0350649887765006814728491564156638491
-0.116331868883703867658776709736160168 0.728868599091326140584672400520881596 0.0370631082628345374274640239100836513
0.116331868883703867658776709736160168 0.728868599091326140584672400520881596 0.0370631082628345374274640239100836513
0.342724013342712845043903403641674645 0.728868599091326140584672400520881596 0.0350649887765006814728491564156638491
0.550639402928647055316622705859080634 0.728868599091326140584672400520881596 0.0311764411945795655605496054222118996
0.728868599091326140584672400520881596 0.728868599091326140584672400520881596 0.0256069930416442296887264160715978323
0.867801053830347251000220202908264213 0.728868599091326140584672400520881596 0.0186564125677619458895256988466979538
0.959935045267260901355100162015424389 0.728868599091326140584672400520881596 0.0106954260321262137757630094313658869
1.0 0.728868599091326140584672400520881596 0.00175848188750496859794308788997356748
-1.0 0.867801053830347251000220202908264213 0.0012811720428429851817691941830181344
-0.959935045267260901355100162015424389 0.867801053830347251000220202908264213 0.00779233548893546256701579874415191907
-0.867801053830347251000220202908264213 0.867801053830347251000220202908264213 0.0135924483336445963330634270110704845
-0.728868599091326140584672400520881596 0.867801053830347251000220202908264213 0.0186564125677619458895256988466979538
-0.550639402928647055316622705859080634 0.867801053830347251000220202908264213 0.0227141292370694616621151437917938459
-0.342724013342712845043903403641674645 0.867801053830347251000220202908264213 0.0255471970580241713656551622022670473
-0.116331868883703867658776709736160168 0.867801053830347251000220202908264213 0.0270029611704330285418522458756508451
0.116331868883703867658776709736160168 0.867801053830347251000220202908264213 0.0270029611704330285418522458756508451
0.342724013342712845043903403641674645 0.867801053830347251000220202908264213 0.0255471970580241713656551622022670473
0.550639402928647055316622705859080634 0.867801053830347251000220202908264213 0.0227141292370694616621151437917938459
0.728868599091326140584672400520881596 0.867801053830347251000220202908264213 0.0186564125677619458895256988466979538
0.867801053830347251000220202908264213 0.867801053830347251000220202908264213 0.0135924483336445963330634270110704845
0.959935045267260901355100162015424389 0.867801053830347251000220202908264213 0.00779233548893546256701579874415191907
1.0 0.867801053830347251000220202908264213 0.0012811720428429851817691941830181344
-1.0 0.959935045267260901355100162015424389 0.000734475653820673457517260008198382693
-0.959935045267260901355100162015424389 0.959935045267260901355100162015424389 0.00446722259902398697283109473172202667
-0.867801053830347251000220202908264213 0.959935045267260901355100162015424389 0.00779233548893546256701579874415191907
-0.728868599091326140584672400520881596 0.959935045267260901355100162015424389 0.0106954260321262137757630094313658869
-0.550639402928647055316622705859080634 0.959935045267260901355100162015424389 0.0130216507732587634722126235805618495
-0.342724013342712845043903403641674645 0.959935045267260901355100162015424389 0.0146458037133249378131713748863230123
-0.116331868883703867658776709736160168 0.959935045267260901355100162015424389 0.015480370237191246575559499363729748
0.116331868883703867658776709736160168 0.959935045267260901355100162015424389 0.015480370237191246575559499363729748
0.342724013342712845043903403641674645 0.959935045267260901355100162015424389 0.0146458037133249378131713748863230123
0.550639402928647055316622705859080634 0.959935045267260901355100162015424389 0.0130216507732587634722126235805618495
0.728868599091326140584672400520881596 0.959935045267260901355100162015424389 0.0106954260321262137757630094313658869
0.867801053830347251000220202908264213 0.959935045267260901355100162015424389 0.00779233548893546256701579874415191907
0.959935045267260901355100162015424389 0.959935045267260901355100162015424389 0.00446722259902398697283109473172202667
1.0 0.959935045267260901355100162015424389 0.000734475653820673457517260008198382693
-1.0 1.0 0.00012075836251660427484603308779132955
-0.959935045267260901355100162015424389 1.0 0.000734475653820673457517260008198382693
-0.867801053830347251000220202908264213 1.0 0.0012811720428429851817691941830181344
-0.728868599091326140584672400520881596 1.0 0.00175848188750496859794308788997356748
-0.550639402928647055316622705859080634 1.0 0.00214094669641116613890474481731741222
-0.342724013342712845043903403641674645 1.0 0.00240798080230517313045233542806777597
-0.116331868883703867658776709736160168 1.0 0.00254519554360941822955635557464438671
0.116331868883703867658776709736160168 1.0 0.00254519554360941822955635557464438671
0.342724013342712845043903403641674645 1.0 0.00240798080230517313045233542806777597
0.550639402928647055316622705859080634 1.0 0.00214094669641116613890474481731741222
0.728868599091326140584672400520881596 1.0 0.00175848188750496859794308788997356748
0.867801053830347251000220202908264213 1.0 0.0012811720428429851817691941830181344
0.959935045267260901355100162015424389 1.0 0.000734475653820673457517260008198382693
1.0 1.0 0.00012075836251660427484603308779132955
