-0.96816023950762608983557620290367287 -0.96816023950762608983557620290367287 0.00660552620354802222968687209768368333
-0.836031107326635794299429788069734877 -0.96816023950762608983557620290367287 0.0146820687691179427391679779122372883
-0.613371432700590397308702039341474185 -0.96816023950762608983557620290367287 0.0211809749506325404089295882540108775
-0.324253423403808929038538014643336609 -0.96816023950762608983557620290367287 0.0253858176429517930567181394134064199
0.0 -0.96816023950762608983557620290367287 0.0268400015906482270747791608663707633
0.324253423403808929038538014643336609 -0.96816023950762608983557620290367287 0.0253858176429517930567181394134064199
0.613371432700590397308702039341474185 -0.96816023950762608983557620290367287 0.0211809749506325404089295882540108775
0.836031107326635794299429788069734877 -0.96816023950762608983557620290367287 0.0146820687691179427391679779122372883
0.96816023950762608983557620290367287 -0.96816023950762608983557620290367287 0.00660552620354802222968687209768368333
-0.96816023950762608983557620290367287 -0.836031107326635794299429788069734877 0.0146820687691179427391679779122372883
-0.836031107326635794299429788069734877 -0.836031107326635794299429788069734877 0.0326337579624350234939058216858680878
-0.613371432700590397308702039341474185 -0.836031107326635794299429788069734877 0.0470788429625961818390445429822474921
-0.324253423403808929038538014643336609 -0.836031107326635794299429788069734877 0.0564249249656914385704403023195628793
0.0 -0.836031107326635794299429788069734877 0.0596571320700336348318267726859941239
0.324253423403808929038538014643336609 -0.836031107326635794299429788069734877 0.0564249249656914385704403023195628793
0.613371432700590397308702039341474185 -0.836031107326635794299429788069734877 0.0470788429625961818390445429822474921
0.836031107326635794299429788069734877 -0.836031107326635794299429788069734877 0.0326337579624350234939058216858680878
0.96816023950762608983557620290367287 -0.836031107326635794299429788069734877 0.0146820687691179427391679779122372883
-0.96816023950762608983557620290367287 -0.613371432700590397308702039341474185 0.0211809749506325404089295882540108775
-0.836031107326635794299429788069734877 -0.613371432700590397308702039341474185 0.0470788429625961818390445429822474921
-0.613371432700590397308702039341474185 -0.613371432700590397308702039341474185 0.0679179350796229987182956928824730995
-0.324253423403808929038538014643336609 -0.613371432700590397308702039341474185 0.081400989266816473883283998461353831
0.0 -0.613371432700590397308702039341474185 0.0860639082865345349383780936770950992
0.324253423403808929038538014643336609 -0.613371432700590397308702039341474185 0.081400989266816473883283998461353831
0.613371432700590397308702039341474185 -0.613371432700590397308702039341474185 0.0679179350796229987182956928824730995
0.836031107326635794299429788069734877 -0.613371432700590397308702039341474185 0.0470788429625961818390445429822474921
0.96816023950762608983557620290367287 -0.613371432700590397308702039341474185 0.0211809749506325404089295882540108775
-0.96816023950762608983557620290367287 -0.324253423403808929038538014643336609 0.0253858176429517930567181394134064199
-0.836031107326635794299429788069734877 -0.324253423403808929038538014643336609 0.0564249249656914385704403023195628793
-0.613371432700590397308702039341474185 -0.324253423403808929038538014643336609 0.081400989266816473883283998461353831
-0.324253423403808929038538014643336609 -0.324253423403808929038538014643336609 0.0975606965354334693358706009935014876
0.0 -0.324253423403808929038538014643336609 0.103149297258219330444634730793238096
0.324253423403808929038538014643336609 -0.324253423403808929038538014643336609 0.0975606965354334693358706009935014876
0.613371432700590397308702039341474185 -0.324253423403808929038538014643336609 0.081400989266816473883283998461353831
0.836031107326635794299429788069734877 -0.324253423403808929038538014643336609 0.0564249249656914385704403023195628793
0.96816023950762608983557620290367287 -0.324253423403808929038538014643336609 0.0253858176429517930567181394134064199
-0.96816023950762608983557620290367287 0.0 0.0268400015906482270747791608663707633
-0.836031107326635794299429788069734877 0.0 0.0596571320700336348318267726859941239
-0.613371432700590397308702039341474185 0.0 0.0860639082865345349383780936770950992
-0.324253423403808929038538014643336609 0.0 0.103149297258219330444634730793238096
0.0 0.0 0.109058031591648071749812622528551934
0.324253423403808929038538014643336609 0.0 0.103149297258219330444634730793238096
0.613371432700590397308702039341474185 0.0 0.0860639082865345349383780936770950992
0.836031107326635794299429788069734877 0.0 0.0596571320700336348318267726859941239
0.96816023950762608983557620290367287 0.0 0.0268400015906482270747791608663707633
-0.96816023950762608983557620290367287 0.324253423403808929038538014643336609 0.0253858176429517930567181394134064199
-0.836031107326635794299429788069734877 0.324253423403808929038538014643336609 0.0564249249656914385704403023195628793
-0.613371432700590397308702039341474185 0.324253423403808929038538014643336609 0.081400989266816473883283998461353831
-0.324253423403808929038538014643336609 0.324253423403808929038538014643336609 0.0975606965354334693358706009935014876
0.0 0.324253423403808929038538014643336609 0.103149297258219330444634730793238096
0.324253423403808929038538014643336609 0.324253423403808929038538014643336609 0.0975606965354334693358706009935014876
0.613371432700590397308702039341474185 0.324253423403808929038538014643336609 0.081400989266816473883283998461353831
0.836031107326635794299429788069734877 0.324253423403808929038538014643336609 0.0564249249656914385704403023195628793
0.96816023950762608983557620290367287 0.324253423403808929038538014643336609 0.0253858176429517930567181394134064199
-0.96816023950762608983557620290367287 0.613371432700590397308702039341474185 0.0211809749506325404089295882540108775
-0.836031107326635794299429788069734877 0.613371432700590397308702039341474185 0.0470788429625961818390445429822474921
-0.613371432700590397308702039341474185 0.613371432700590397308702039341474185 0.0679179350796229987182956928824730995
-0.324253423403808929038538014643336609 0.613371432700590397308702039341474185 0.081400989266816473883283998461353831
0.0 0.613371432700590397308702039341474185 0.0860639082865345349383780936770950992
0.324253423403808929038538014643336609 0.613371432700590397308702039341474185 0.081400989266816473883283998461353831
0.613371432700590397308702039341474185 0.613371432700590397308702039341474185 0.0679179350796229987182956928824730995
0.836031107326635794299429788069734877 0.613371432700590397308702039341474185 0.0470788429625961818390445429822474921
0.96816023950762608983557620290367287 0.613371432700590397308702039341474185 0.0211809749506325404089295882540108775
-0.96816023950762608983557620290367287 0.836031107326635794299429788069734877 0.0146820687691179427391679779122372883
-0.836031107326635794299429788069734877 0.836031107326635794299429788069734877 0.0326337579624350234939058216858680878
-0.613371432700590397308702039341474185 0.836031107326635794299429788069734877 0.0470788429625961818390445429822474921
-0.324253423403808929038538014643336609 0.836031107326635794299429788069734877 0.0564249249656914385704403023195628793
0.0 0.836031107326635794299429788069734877 0.0596571320700336348318267726859941239
0.324253423403808929038538014643336609 0.836031107326635794299429788069734877 0.0564249249656914385704403023195628793
0.613371432700590397308702039341474185 0.836031107326635794299429788069734877 0.0470788429625961818390445429822474921
0.836031107326635794299429788069734877 0.836031107326635794299429788069734877 0.0326337579624350234939058216858680878
0.96816023950762608983557620290367287 0.836031107326635794299429788069734877 0.0146820687691179427391679779122372883
-0.96816023950762608983557620290367287 0.96816023950762608983557620290367287 0.00660552620354802222968687209768368333
-0.836031107326635794299429788069734877 0.96816023950762608983557620290367287 0.0146820687691179427391679779122372883
-0.613371432700590397308702039341474185 0.96816023950762608983557620290367287 0.0211809749506325404089295882540108775
-0.324253423403808929038538014643336609 0.96816023950762608983557620290367287 0.0253858176429517930567181394134064199
0.0 0.96816023950762608983557620290367287 0.0268400015906482270747791608663707633
0.324253423403808929038538014643336609 0.96816023950762608983557620290367287 0.0253858176429517930567181394134064199
0.613371432700590397308702039341474185 0.96816023950762608983557620290367287 0.0211809749506325404089295882540108775
0.836031107326635794299429788069734877 0.96816023950762608983557620290367287 0.0146820687691179427391679779122372883
0.96816023950762608983557620290367287 0.96816023950762608983557620290367287 0.00660552620354802222968687209768368333
