-1.0 -1.0 0.000771604938271604938271604938271604938
-0.899757995411460157312345244418337958 -1.0 0.00459709337668904236239832555636689738
-0.677186279510737753445885427091342451 -1.0 0.00762607534722671486890848940498257572
-0.363117463826178158710752068708659213 -1.0 0.00962301419369573180875365367054773022
0.0 -1.0 0.010319979843789367598891408415217939
0.363117463826178158710752068708659213 -1.0 0.00962301419369573180875365367054773022
0.677186279510737753445885427091342451 -1.0 0.00762607534722671486890848940498257572
0.899757995411460157312345244418337958 -1.0 0.00459709337668904236239832555636689738
1.0 -1.0 0.000771604938271604938271604938271604938
-1.0 -0.899757995411460157312345244418337958 0.00459709337668904236239832555636689738
-0.899757995411460157312345244418337958 -0.899757995411460157312345244418337958 0.0273887146981417469511799043122462853
-0.677186279510737753445885427091342451 -0.899757995411460157312345244418337958 0.0454348834876523057478661242949655387
-0.363117463826178158710752068708659213 -0.899757995411460157312345244418337958 0.0573323116784557891418201961041947899
0.0 -0.899757995411460157312345244418337958 0.0614847166397332816861503395228695892
0.363117463826178158710752068708659213 -0.899757995411460157312345244418337958 0.0573323116784557891418201961041947899
0.677186279510737753445885427091342451 -0.899757995411460157312345244418337958 0.0454348834876523057478661242949655387
0.899757995411460157312345244418337958 -0.899757995411460157312345244418337958 0.0273887146981417469511799043122462853
1.0 -0.899757995411460157312345244418337958 0.00459709337668904236239832555636689738
-1.0 -0.677186279510737753445885427091342451 0.00762607534722671486890848940498257572
-0.899757995411460157312345244418337958 -0.677186279510737753445885427091342451 0.0454348834876523057478661242949655387
-0.677186279510737753445885427091342451 -0.677186279510737753445885427091342451 0.0753715046612464614414615193908951594
-0.363117463826178158710752068708659213 -0.677186279510737753445885427091342451 0.0951080373758882955032055302186378111
0.0 -0.677186279510737753445885427091342451 0.101996423256295915438527910539783282
0.363117463826178158710752068708659213 -0.677186279510737753445885427091342451 0.0951080373758882955032055302186378111
0.677186279510737753445885427091342451 -0.677186279510737753445885427091342451 0.0753715046612464614414615193908951594
0.899757995411460157312345244418337958 -0.677186279510737753445885427091342451 0.0454348834876523057478661242949655387
1.0 -0.677186279510737753445885427091342451 0.00762607534722671486890848940498257572
-1.0 -0.363117463826178158710752068708659213 0.00962301419369573180875365367054773022
-0.899757995411460157312345244418337958 -0.363117463826178158710752068708659213 0.0573323116784557891418201961041947899
-0.677186279510737753445885427091342451 -0.363117463826178158710752068708659213 0.0951080373758882955032055302186378111
-0.363117463826178158710752068708659213 -0.363117463826178158710752068708659213 0.120012713215002091945180780008275095
0.0 -0.363117463826178158710752068708659213 0.128704869020008873432342744276125724
0.363117463826178158710752068708659213 -0.363117463826178158710752068708659213 0.120012713215002091945180780008275095
0.677186279510737753445885427091342451 -0.363117463826178158710752068708659213 0.0951080373758882955032055302186378111
0.899757995411460157312345244418337958 -0.363117463826178158710752068708659213 0.0573323116784557891418201961041947899
1.0 -0.363117463826178158710752068708659213 0.00962301419369573180875365367054773022
-1.0 0.0 0.010319979843789367598891408415217939
-0.899757995411460157312345244418337958 0.0 0.0614847166397332816861503395228695892
-0.677186279510737753445885427091342451 0.0 0.101996423256295915438527910539783282
-0.363117463826178158710752068708659213 0.0 0.128704869020008873432342744276125724
0.0 0.0 0.138026571233179590808356600387698541
0.363117463826178158710752068708659213 0.0 0.128704869020008873432342744276125724
0.677186279510737753445885427091342451 0.0 0.101996423256295915438527910539783282
0.899757995411460157312345244418337958 0.0 0.0614847166397332816861503395228695892
1.0 0.0 0.010319979843789367598891408415217939
-1.0 0.363117463826178158710752068708659213 0.00962301419369573180875365367054773022
-0.899757995411460157312345244418337958 0.363117463826178158710752068708659213 0.0573323116784557891418201961041947899
-0.677186279510737753445885427091342451 0.363117463826178158710752068708659213 0.0951080373758882955032055302186378111
-0.363117463826178158710752068708659213 0.363117463826178158710752068708659213 0.120012713215002091945180780008275095
0.0 0.363117463826178158710752068708659213 0.128704869020008873432342744276125724
0.363117463826178158710752068708659213 0.363117463826178158710752068708659213 0.120012713215002091945180780008275095
0.677186279510737753445885427091342451 0.363117463826178158710752068708659213 0.0951080373758882955032055302186378111
0.899757995411460157312345244418337958 0.363117463826178158710752068708659213 0.0573323116784557891418201961041947899
1.0 0.363117463826178158710752068708659213 0.00962301419369573180875365367054773022
-1.0 0.677186279510737753445885427091342451 0.00762607534722671486890848940498257572
-0.899757995411460157312345244418337958 0.677186279510737753445885427091342451 0.0454348834876523057478661242949655387
-0.677186279510737753445885427091342451 0.677186279510737753445885427091342451 0.0753715046612464614414615193908951594
-0.363117463826178158710752068708659213 0.677186279510737753445885427091342451 0.0951080373758882955032055302186378111
0.0 0.677186279510737753445885427091342451 0.101996423256295915438527910539783282
0.363117463826178158710752068708659213 0.677186279510737753445885427091342451 0.0951080373758882955032055302186378111
0.677186279510737753445885427091342451 0.677186279510737753445885427091342451 0.0753715046612464614414615193908951594
0.899757995411460157312345244418337958 0.677186279510737753445885427091342451 0.0454348834876523057478661242949655387
1.0 0.677186279510737753445885427091342451 0.00762607534722671486890848940498257572
-1.0 0.899757995411460157312345244418337958 0.00459709337668904236239832555636689738
-0.899757995411460157312345244418337958 0.899757995411460157312345244418337958 0.0273887146981417469511799043122462853
-0.677186279510737753445885427091342451 0.899757995411460157312345244418337958 0.0454348834876523057478661242949655387
-0.363117463826178158710752068708659213 0.899757995411460157312345244418337958 0.0573323116784557891418201961041947899
0.0 0.899757995411460157312345244418337958 0.0614847166397332816861503395228695892
0.363117463826178158710752068708659213 0.899757995411460157312345244418337958 0.0573323116784557891418201961041947899
0.677186279510737753445885427091342451 0.899757995411460157312345244418337958 0.0454348834876523057478661242949655387
0.899757995411460157312345244418337958 0.899757995411460157312345244418337958 0.0273887146981417469511799043122462853
1.0 0.899757995411460157312345244418337958 0.00459709337668904236239832555636689738
-1.0 1.0 0.000771604938271604938271604938271604938
-0.899757995411460157312345244418337958 1.0 0.00459709337668904236239832555636689738
-0.677186279510737753445885427091342451 1.0 0.00762607534722671486890848940498257572
-0.363117463826178158710752068708659213 1.0 0.00962301419369573180875365367054773022
0.0 1.0 0.010319979843789367598891408415217939
0.363117463826178158710752068708659213 1.0 0.00962301419369573180875365367054773022
0.677186279510737753445885427091342451 1.0 0.00762607534722671486890848940498257572
0.899757995411460157312345244418337958 1.0 0.00459709337668904236239832555636689738
1.0 1.0 0.000771604938271604938271604938271604938
