-1.0 -1.0 0.01
-0.654653670707977143798292456246858356 -1.0 0.0544444444444444444444444444444444444
0.0 -1.0 0.0711111111111111111111111111111111111
0.654653670707977143798292456246858356 -1.0 0.0544444444444444444444444444444444444
1.0 -1.0 0.01
-1.0 -0.654653670707977143798292456246858356 0.0544444444444444444444444444444444444
-0.654653670707977143798292456246858356 -0.654653670707977143798292456246858356 0.296419753086419753086419753086419753
0.0 -0.654653670707977143798292456246858356 0.387160493827160493827160493827160494
0.654653670707977143798292456246858356 -0.654653670707977143798292456246858356 0.296419753086419753086419753086419753
1.0 -0.654653670707977143798292456246858356 0.0544444444444444444444444444444444444
-1.0 0.0 0.0711111111111111111111111111111111111
-0.654653670707977143798292456246858356 0.0 0.387160493827160493827160493827160494
0.0 0.0 0.505679012345679012345679012345679012
0.654653670707977143798292456246858356 0.0 0.387160493827160493827160493827160494
1.0 0.0 0.0711111111111111111111111111111111111
-1.0 0.654653670707977143798292456246858356 0.0544444444444444444444444444444444444
-0.654653670707977143798292456246858356 0.654653670707977143798292456246858356 0.296419753086419753086419753086419753
0.0 0.654653670707977143798292456246858356 0.387160493827160493827160493827160494
0.654653670707977143798292456246858356 0.654653670707977143798292456246858356 0.296419753086419753086419753086419753
1.0 0.654653670707977143798292456246858356 0.0544444444444444444444444444444444444
-1.0 1.0 0.01
-0.654653670707977143798292456246858356 1.0 0.0544444444444444444444444444444444444
0.0 1.0 0.0711111111111111111111111111111111111
0.654653670707977143798292456246858356 1.0 0.0544444444444444444444444444444444444
1.0 1.0 0.01
