-0.973906528517171720077964012084452053 -0.973906528517171720077964012084452053 0.0044450681519276421157286829151239241
-0.865063366688984510732096688423493049 -0.973906528517171720077964012084452053 0.00996412235661632515548501170716677482
-0.679409568299024406234327365114873576 -0.973906528517171720077964012084452053 0.0146067823086411055702574054128474762
-0.433395394129247190799265943165784162 -0.973906528517171720077964012084452053 0.017952374153987651728766367924636774
-0.148874338981631210884826001129719985 -0.973906528517171720077964012084452053 0.0197029973375154130233313419335568438
0.148874338981631210884826001129719985 -0.973906528517171720077964012084452053 0.0197029973375154130233313419335568438
0.433395394129247190799265943165784162 -0.973906528517171720077964012084452053 0.017952374153987651728766367924636774
0.679409568299024406234327365114873576 -0.973906528517171720077964012084452053 0.0146067823086411055702574054128474762
0.865063366688984510732096688423493049 -0.973906528517171720077964012084452053 0.00996412235661632515548501170716677482
0.973906528517171720077964012084452053 -0.973906528517171720077964012084452053 0.0044450681519276421157286829151239241
-0.973906528517171720077964012084452053 -0.865063366688984510732096688423493049 0.00996412235661632515548501170716677482
-0.865063366688984510732096688423493049 -0.865063366688984510732096688423493049 0.0223357057629287465803873702603839535
-0.679409568299024406234327365114873576 -0.865063366688984510732096688423493049 0.0327427524585067049527172020557242102
-0.433395394129247190799265943165784162 -0.865063366688984510732096688423493049 0.0402422744822296467615834002037977887
-0.148874338981631210884826001129719985 -0.865063366688984510732096688423493049 0.0441664940902991696956033554306246052
0.148874338981631210884826001129719985 -0.865063366688984510732096688423493049 0.0441664940902991696956033554306246052
0.433395394129247190799265943165784162 -0.865063366688984510732096688423493049 0.0402422744822296467615834002037977887
0.679409568299024406234327365114873576 -0.865063366688984510732096688423493049 0.0327427524585067049527172020557242102
0.865063366688984510732096688423493049 -0.865063366688984510732096688423493049 0.0223357057629287465803873702603839535
0.973906528517171720077964012084452053 -0.865063366688984510732096688423493049 0.00996412235661632515548501170716677482
-0.973906528517171720077964012084452053 -0.679409568299024406234327365114873576 0.0146067823086411055702574054128474762
-0.865063366688984510732096688423493049 -0.679409568299024406234327365114873576 0.0327427524585067049527172020557242102
-0.679409568299024406234327365114873576 -0.679409568299024406234327365114873576 0.047998834240484302018848855693725252
-0.433395394129247190799265943165784162 -0.679409568299024406234327365114873576 0.0589926660802390438797409796837495904
-0.148874338981631210884826001129719985 -0.679409568299024406234327365114873576 0.0647453274281108875739704913821166637
0.148874338981631210884826001129719985 -0.679409568299024406234327365114873576 0.0647453274281108875739704913821166637
0.433395394129247190799265943165784162 -0.679409568299024406234327365114873576 0.0589926660802390438797409796837495904
0.679409568299024406234327365114873576 -0.679409568299024406234327365114873576 0.047998834240484302018848855693725252
0.865063366688984510732096688423493049 -0.679409568299024406234327365114873576 0.0327427524585067049527172020557242102
0.973906528517171720077964012084452053 -0.679409568299024406234327365114873576 0.0146067823086411055702574054128474762
-0.973906528517171720077964012084452053 -0.433395394129247190799265943165784162 0.017952374153987651728766367924636774
-0.865063366688984510732096688423493049 -0.433395394129247190799265943165784162 0.0402422744822296467615834002037977887
-0.679409568299024406234327365114873576 -0.433395394129247190799265943165784162 0.0589926660802390438797409796837495904
-0.433395394129247190799265943165784162 -0.433395394129247190799265943165784162 0.0725045661279683639708449778808087378
-0.148874338981631210884826001129719985 -0.433395394129247190799265943165784162 0.079574838465571648750291195876476462
0.148874338981631210884826001129719985 -0.433395394129247190799265943165784162 0.079574838465571648750291195876476462
0.433395394129247190799265943165784162 -0.433395394129247190799265943165784162 0.0725045661279683639708449778808087378
0.679409568299024406234327365114873576 -0.433395394129247190799265943165784162 0.0589926660802390438797409796837495904
0.865063366688984510732096688423493049 -0.433395394129247190799265943165784162 0.0402422744822296467615834002037977887
0.973906528517171720077964012084452053 -0.433395394129247190799265943165784162 0.017952374153987651728766367924636774
-0.973906528517171720077964012084452053 -0.148874338981631210884826001129719985 0.0197029973375154130233313419335568438
-0.865063366688984510732096688423493049 -0.148874338981631210884826001129719985 0.0441664940902991696956033554306246052
-0.679409568299024406234327365114873576 -0.148874338981631210884826001129719985 0.0647453274281108875739704913821166637
-0.433395394129247190799265943165784162 -0.148874338981631210884826001129719985 0.079574838465571648750291195876476462
-0.148874338981631210884826001129719985 -0.148874338981631210884826001129719985 0.0873345673932557511306966100285637548
0.148874338981631210884826001129719985 -0.148874338981631210884826001129719985 0.0873345673932557511306966100285637548
0.433395394129247190799265943165784162 -0.148874338981631210884826001129719985 0.079574838465571648750291195876476462
0.679409568299024406234327365114873576 -0.148874338981631210884826001129719985 0.0647453274281108875739704913821166637
0.865063366688984510732096688423493049 -0.148874338981631210884826001129719985 0.0441664940902991696956033554306246052
0.973906528517171720077964012084452053 -0.148874338981631210884826001129719985 0.0197029973375154130233313419335568438
-0.973906528517171720077964012084452053 0.148874338981631210884826001129719985 0.0197029973375154130233313419335568438
-0.865063366688984510732096688423493049 0.148874338981631210884826001129719985 0.0441664940902991696956033554306246052
-0.679409568299024406234327365114873576 0.148874338981631210884826001129719985 0.0647453274281108875739704913821166637
-0.433395394129247190799265943165784162 0.148874338981631210884826001129719985 0.079574838465571648750291195876476462
-0.148874338981631210884826001129719985 0.148874338981631210884826001129719985 0.0873345673932557511306966100285637548
0.148874338981631210884826001129719985 0.148874338981631210884826001129719985 0.0873345673932557511306966100285637548
0.433395394129247190799265943165784162 0.148874338981631210884826001129719985 0.079574838465571648750291195876476462
0.679409568299024406234327365114873576 0.148874338981631210884826001129719985 0.0647453274281108875739704913821166637
0.865063366688984510732096688423493049 0.148874338981631210884826001129719985 0.0441664940902991696956033554306246052
0.973906528517171720077964012084452053 0.148874338981631210884826001129719985 0.0197029973375154130233313419335568438
-0.973906528517171720077964012084452053 0.433395394129247190799265943165784162 0.017952374153987651728766367924636774
-0.865063366688984510732096688423493049 0.433395394129247190799265943165784162 0.0402422744822296467615834002037977887
-0.679409568299024406234327365114873576 0.433395394129247190799265943165784162 0.0589926660802390438797409796837495904
-0.433395394129247190799265943165784162 0.433395394129247190799265943165784162 0.0725045661279683639708449778808087378
-0.148874338981631210884826001129719985 0.433395394129247190799265943165784162 0.079574838465571648750291195876476462
0.148874338981631210884826001129719985 0.433395394129247190799265943165784162 0.079574838465571648750291195876476462
0.433395394129247190799265943165784162 0.433395394129247190799265943165784162 0.0725045661279683639708449778808087378
0.679409568299024406234327365114873576 0.433395394129247190799265943165784162 0.0589926660802390438797409796837495904
0.865063366688984510732096688423493049 0.433395394129247190799265943165784162 0.0402422744822296467615834002037977887
0.973906528517171720077964012084452053 0.433395394129247190799265943165784162 0.017952374153987651728766367924636774
-0.973906528517171720077964012084452053 0.679409568299024406234327365114873576 0.0146067823086411055702574054128474762
-0.865063366688984510732096688423493049 0.679409568299024406234327365114873576 0.0327427524585067049527172020557242102
-0.679409568299024406234327365114873576 0.679409568299024406234327365114873576 0.047998834240484302018848855693725252
-0.433395394129247190799265943165784162 0.679409568299024406234327365114873576 0.0589926660802390438797409796837495904
-0.148874338981631210884826001129719985 0.679409568299024406234327365114873576 0.0647453274281108875739704913821166637
0.148874338981631210884826001129719985 0.679409568299024406234327365114873576 0.0647453274281108875739704913821166637
0.433395394129247190799265943165784162 0.679409568299024406234327365114873576 0.0589926660802390438797409796837495904
0.679409568299024406234327365114873576 0.679409568299024406234327365114873576 0.047998834240484302018848855693725252
0.865063366688984510732096688423493049 0.679409568299024406234327365114873576 0.0327427524585067049527172020557242102
0.973906528517171720077964012084452053 0.679409568299024406234327365114873576 0.0146067823086411055702574054128474762
-0.973906528517171720077964012084452053 0.865063366688984510732096688423493049 0.00996412235661632515548501170716677482
-0.865063366688984510732096688423493049 0.865063366688984510732096688423493049 0.0223357057629287465803873702603839535
-0.679409568299024406234327365114873576 0.865063366688984510732096688423493049 0.0327427524585067049527172020557242102
-0.433395394129247190799265943165784162 0.865063366688984510732096688423493049 0.0402422744822296467615834002037977887
-0.148874338981631210884826001129719985 0.865063366688984510732096688423493049 0.0441664940902991696956033554306246052
0.148874338981631210884826001129719985 0.865063366688984510732096688423493049 0.0441664940902991696956033554306246052
0.433395394129247190799265943165784162 0.865063366688984510732096688423493049 0.0402422744822296467615834002037977887
0.679409568299024406234327365114873576 0.865063366688984510732096688423493049 0.0327427524585067049527172020557242102
0.865063366688984510732096688423493049 0.865063366688984510732096688423493049 0.0223357057629287465803873702603839535
0.973906528517171720077964012084452053 0.865063366688984510732096688423493049 0.00996412235661632515548501170716677482
-0.973906528517171720077964012084452053 0.973906528517171720077964012084452053 0.0044450681519276421157286829151239241
-0.865063366688984510732096688423493049 0.973906528517171720077964012084452053 0.00996412235661632515548501170716677482
-0.679409568299024406234327365114873576 0.973906528517171720077964012084452053 0.0146067823086411055702574054128474762
-0.433395394129247190799265943165784162 0.973906528517171720077964012084452053 0.017952374153987651728766367924636774
-0.148874338981631210884826001129719985 0.973906528517171720077964012084452053 0.0197029973375154130233313419335568438
0.148874338981631210884826001129719985 0.973906528517171720077964012084452053 0.0197029973375154130233313419335568438
0.433395394129247190799265943165784162 0.973906528517171720077964012084452053 0.017952374153987651728766367924636774
0.679409568299024406234327365114873576 0.973906528517171720077964012084452053 0.0146067823086411055702574054128474762
0.865063366688984510732096688423493049 0.973906528517171720077964012084452053 0.00996412235661632515548501170716677482
0.973906528517171720077964012084452053 0.973906528517171720077964012084452053 0.0044450681519276421157286829151239241
