-0.861136311594052575223946488892809505 -0.861136311594052575223946488892809505 0.121002993285602005521212097370147555
-0.339981043584856264802665759103244687 -0.861136311594052575223946488892809505 0.226851851851851851851851851851851852
0.339981043584856264802665759103244687 -0.861136311594052575223946488892809505 0.226851851851851851851851851851851852
0.861136311594052575223946488892809505 -0.861136311594052575223946488892809505 0.121002993285602005521212097370147555
-0.861136311594052575223946488892809505 -0.339981043584856264802665759103244687 0.226851851851851851851851851851851852
-0.339981043584856264802665759103244687 -0.339981043584856264802665759103244687 0.425293303010694290775084198926148741
0.339981043584856264802665759103244687 -0.339981043584856264802665759103244687 0.425293303010694290775084198926148741
0.861136311594052575223946488892809505 -0.339981043584856264802665759103244687 0.226851851851851851851851851851851852
-0.861136311594052575223946488892809505 0.339981043584856264802665759103244687 0.226851851851851851851851851851851852
-0.339981043584856264802665759103244687 0.339981043584856264802665759103244687 0.425293303010694290775084198926148741
0.339981043584856264802665759103244687 0.339981043584856264802665759103244687 0.425293303010694290775084198926148741
0.861136311594052575223946488892809505 0.339981043584856264802665759103244687 0.226851851851851851851851851851851852
-0.861136311594052575223946488892809505 0.861136311594052575223946488892809505 0.121002993285602005521212097370147555
-0.339981043584856264802665759103244687 0.861136311594052575223946488892809505 0.226851851851851851851851851851851852
0.339981043584856264802665759103244687 0.861136311594052575223946488892809505 0.226851851851851851851851851851851852
0.861136311594052575223946488892809505 0.861136311594052575223946488892809505 0.121002993285602005521212097370147555
