-1.0 -1.0 0.00049382716049382716049382716049382716
-0.919533908166458813828932660822338134 -1.0 0.00296235535224600246947171490567539774
-0.738773865105505075003106174859830725 -1.0 0.00499754093473614338043239603846772984
-0.477924949810444495661175092731257998 -1.0 0.00648983741510408350834627238609875316
-0.165278957666387024626219765958173533 -1.0 0.00727866135964216570347801173148651433
0.165278957666387024626219765958173533 -1.0 0.00727866135964216570347801173148651433
0.477924949810444495661175092731257998 -1.0 0.00648983741510408350834627238609875316
0.738773865105505075003106174859830725 -1.0 0.00499754093473614338043239603846772984
0.919533908166458813828932660822338134 -1.0 0.00296235535224600246947171490567539774
1.0 -1.0 0.00049382716049382716049382716049382716
-1.0 -0.919533908166458813828932660822338134 0.00296235535224600246947171490567539774
-0.919533908166458813828932660822338134 -0.919533908166458813828932660822338134 0.0177704871967855881705037899773020617
-0.738773865105505075003106174859830725 -0.919533908166458813828932660822338134 0.0299790965755703115357410671831142253
-0.477924949810444495661175092731257998 -0.919533908166458813828932660822338134 0.0389310393187258854833948556065025962
-0.165278957666387024626219765958173533 -0.919533908166458813828932660822338134 0.0436630124077423234671157430827986172
0.165278957666387024626219765958173533 -0.919533908166458813828932660822338134 0.0436630124077423234671157430827986172
0.477924949810444495661175092731257998 -0.919533908166458813828932660822338134 0.0389310393187258854833948556065025962
0.738773865105505075003106174859830725 -0.919533908166458813828932660822338134 0.0299790965755703115357410671831142253
0.919533908166458813828932660822338134 -0.919533908166458813828932660822338134 0.0177704871967855881705037899773020617
1.0 -0.919533908166458813828932660822338134 0.00296235535224600246947171490567539774
-1.0 -0.738773865105505075003106174859830725 0.00499754093473614338043239603846772984
-0.919533908166458813828932660822338134 -0.738773865105505075003106174859830725 0.0299790965755703115357410671831142253
-0.738773865105505075003106174859830725 -0.738773865105505075003106174859830725 0.0505752161735858965638636988088875016
-0.477924949810444495661175092731257998 -0.738773865105505075003106174859830725 0.0656772869870738375648705346893903575
-0.165278957666387024626219765958173533 -0.738773865105505075003106174859830725 0.0736602013921602630745501250111880286
0.165278957666387024626219765958173533 -0.738773865105505075003106174859830725 0.0736602013921602630745501250111880286
0.477924949810444495661175092731257998 -0.738773865105505075003106174859830725 0.0656772869870738375648705346893903575
0.738773865105505075003106174859830725 -0.738773865105505075003106174859830725 0.0505752161735858965638636988088875016
0.919533908166458813828932660822338134 -0.738773865105505075003106174859830725 0.0299790965755703115357410671831142253
1.0 -0.738773865105505075003106174859830725 0.00499754093473614338043239603846772984
-1.0 -0.477924949810444495661175092731257998 0.00648983741510408350834627238609875316
-0.919533908166458813828932660822338134 -0.477924949810444495661175092731257998 0.0389310393187258854833948556065025962
-0.738773865105505075003106174859830725 -0.477924949810444495661175092731257998 0.0656772869870738375648705346893903575
-0.477924949810444495661175092731257998 -0.477924949810444495661175092731257998 0.0852889290908318259449848559815313861
-0.165278957666387024626219765958173533 -0.477924949810444495661175092731257998 0.0956555908679481253739857387109207993
0.165278957666387024626219765958173533 -0.477924949810444495661175092731257998 0.0956555908679481253739857387109207993
0.477924949810444495661175092731257998 -0.477924949810444495661175092731257998 0.0852889290908318259449848559815313861
0.738773865105505075003106174859830725 -0.477924949810444495661175092731257998 0.0656772869870738375648705346893903575
0.919533908166458813828932660822338134 -0.477924949810444495661175092731257998 0.0389310393187258854833948556065025962
1.0 -0.477924949810444495661175092731257998 0.00648983741510408350834627238609875316
-1.0 -0.165278957666387024626219765958173533 0.00727866135964216570347801173148651433
-0.919533908166458813828932660822338134 -0.165278957666387024626219765958173533 0.0436630124077423234671157430827986172
-0.738773865105505075003106174859830725 -0.165278957666387024626219765958173533 0.0736602013921602630745501250111880286
-0.477924949810444495661175092731257998 -0.165278957666387024626219765958173533 0.0956555908679481253739857387109207993
-0.165278957666387024626219765958173533 -0.165278957666387024626219765958173533 0.107282295156404579037380909380499185
0.165278957666387024626219765958173533 -0.165278957666387024626219765958173533 0.107282295156404579037380909380499185
0.477924949810444495661175092731257998 -0.165278957666387024626219765958173533 0.0956555908679481253739857387109207993
0.738773865105505075003106174859830725 -0.165278957666387024626219765958173533 0.0736602013921602630745501250111880286
0.919533908166458813828932660822338134 -0.165278957666387024626219765958173533 0.0436630124077423234671157430827986172
1.0 -0.165278957666387024626219765958173533 0.00727866135964216570347801173148651433
-1.0 0.165278957666387024626219765958173533 0.00727866135964216570347801173148651433
-0.919533908166458813828932660822338134 0.165278957666387024626219765958173533 0.0436630124077423234671157430827986172
-0.738773865105505075003106174859830725 0.165278957666387024626219765958173533 0.0736602013921602630745501250111880286
-0.477924949810444495661175092731257998 0.165278957666387024626219765958173533 0.0956555908679481253739857387109207993
-0.165278957666387024626219765958173533 0.165278957666387024626219765958173533 0.107282295156404579037380909380499185
0.165278957666387024626219765958173533 0.165278957666387024626219765958173533 0.107282295156404579037380909380499185
0.477924949810444495661175092731257998 0.165278957666387024626219765958173533 0.0956555908679481253739857387109207993
0.738773865105505075003106174859830725 0.165278957666387024626219765958173533 0.0736602013921602630745501250111880286
0.919533908166458813828932660822338134 0.165278957666387024626219765958173533 0.0436630124077423234671157430827986172
1.0 0.165278957666387024626219765958173533 0.00727866135964216570347801173148651433
-1.0 0.477924949810444495661175092731257998 0.00648983741510408350834627238609875316
-0.919533908166458813828932660822338134 0.477924949810444495661175092731257998 0.0389310393187258854833948556065025962
-0.738773865105505075003106174859830725 0.477924949810444495661175092731257998 0.0656772869870738375648705346893903575
-0.477924949810444495661175092731257998 0.477924949810444495661175092731257998 0.0852889290908318259449848559815313861
-0.165278957666387024626219765958173533 0.477924949810444495661175092731257998 0.0956555908679481253739857387109207993
0.165278957666387024626219765958173533 0.477924949810444495661175092731257998 0.0956555908679481253739857387109207993
0.477924949810444495661175092731257998 0.477924949810444495661175092731257998 0.0852889290908318259449848559815313861
0.738773865105505075003106174859830725 0.477924949810444495661175092731257998 0.0656772869870738375648705346893903575
0.919533908166458813828932660822338134 0.477924949810444495661175092731257998 0.0389310393187258854833948556065025962
1.0 0.477924949810444495661175092731257998 0.00648983741510408350834627238609875316
-1.0 0.738773865105505075003106174859830725 0.00499754093473614338043239603846772984
-0.919533908166458813828932660822338134 0.738773865105505075003106174859830725 0.0299790965755703115357410671831142253
-0.738773865105505075003106174859830725 0.738773865105505075003106174859830725 0.0505752161735858965638636988088875016
-0.477924949810444495661175092731257998 0.738773865105505075003106174859830725 0.0656772869870738375648705346893903575
-0.165278957666387024626219765958173533 0.738773865105505075003106174859830725 0.0736602013921602630745501250111880286
0.165278957666387024626219765958173533 0.738773865105505075003106174859830725 0.0736602013921602630745501250111880286
0.477924949810444495661175092731257998 0.738773865105505075003106174859830725 0.0656772869870738375648705346893903575
0.738773865105505075003106174859830725 0.738773865105505075003106174859830725 0.0505752161735858965638636988088875016
0.919533908166458813828932660822338134 0.738773865105505075003106174859830725 0.0299790965755703115357410671831142253
1.0 0.738773865105505075003106174859830725 0.00499754093473614338043239603846772984
-1.0 0.919533908166458813828932660822338134 0.00296235535224600246947171490567539774
-0.919533908166458813828932660822338134 0.919533908166458813828932660822338134 0.0177704871967855881705037899773020617
-0.738773865105505075003106174859830725 0.919533908166458813828932660822338134 0.0299790965755703115357410671831142253
-0.477924949810444495661175092731257998 0.919533908166458813828932660822338134 0.0389310393187258854833948556065025962
-0.165278957666387024626219765958173533 0.919533908166458813828932660822338134 0.0436630124077423234671157430827986172
0.165278957666387024626219765958173533 0.919533908166458813828932660822338134 0.0436630124077423234671157430827986172
0.477924949810444495661175092731257998 0.919533908166458813828932660822338134 0.0389310393187258854833948556065025962
0.738773865105505075003106174859830725 0.919533908166458813828932660822338134 0.0299790965755703115357410671831142253
0.919533908166458813828932660822338134 0.919533908166458813828932660822338134 0.0177704871967855881705037899773020617
1.0 0.919533908166458813828932660822338134 0.00296235535224600246947171490567539774
-1.0 1.0 0.00049382716049382716049382716049382716
-0.919533908166458813828932660822338134 1.0 0.00296235535224600246947171490567539774
-0.738773865105505075003106174859830725 1.0 0.00499754093473614338043239603846772984
-0.477924949810444495661175092731257998 1.0 0.00648983741510408350834627238609875316
-0.165278957666387024626219765958173533 1.0 0.00727866135964216570347801173148651433
0.165278957666387024626219765958173533 1.0 0.00727866135964216570347801173148651433
0.477924949810444495661175092731257998 1.0 0.00648983741510408350834627238609875316
0.738773865105505075003106174859830725 1.0 0.00499754093473614338043239603846772984
0.919533908166458813828932660822338134 1.0 0.00296235535224600246947171490567539774
1.0 1.0 0.00049382716049382716049382716049382716
