-0.949107912342758524526189684047851262 -0.949107912342758524526189684047851262 0.0167663564637533290116680736246348363
-0.741531185599394439863864773280788407 -0.949107912342758524526189684047851262 0.0362176431542394423747452861524643612
-0.405845151377397166906606412076961463 -0.949107912342758524526189684047851262 0.0494412511719131329231560102359869052
0.0 -0.949107912342758524526189684047851262 0.0541194307579275779220841253319918313
0.405845151377397166906606412076961463 -0.949107912342758524526189684047851262 0.0494412511719131329231560102359869052
0.741531185599394439863864773280788407 -0.949107912342758524526189684047851262 0.0362176431542394423747452861524643612
0.949107912342758524526189684047851262 -0.949107912342758524526189684047851262 0.0167663564637533290116680736246348363
-0.949107912342758524526189684047851262 -0.741531185599394439863864773280788407 0.0362176431542394423747452861524643612
-0.741531185599394439863864773280788407 -0.741531185599394439863864773280788407 0.0782351060281695246445060427127369727
-0.405845151377397166906606412076961463 -0.741531185599394439863864773280788407 0.106799923758904576814644402163078189
0.0 -0.741531185599394439863864773280788407 0.116905437095926248135144080791000119
0.405845151377397166906606412076961463 -0.741531185599394439863864773280788407 0.106799923758904576814644402163078189
0.741531185599394439863864773280788407 -0.741531185599394439863864773280788407 0.0782351060281695246445060427127369727
0.949107912342758524526189684047851262 -0.741531185599394439863864773280788407 0.0362176431542394423747452861524643612
-0.949107912342758524526189684047851262 -0.405845151377397166906606412076961463 0.0494412511719131329231560102359869052
-0.741531185599394439863864773280788407 -0.405845151377397166906606412076961463 0.106799923758904576814644402163078189
-0.405845151377397166906606412076961463 -0.405845151377397166906606412076961463 0.145794187468741684267839026334662991
0.0 -0.405845151377397166906606412076961463 0.159589376211119101889460673510494097
0.405845151377397166906606412076961463 -0.405845151377397166906606412076961463 0.145794187468741684267839026334662991
0.741531185599394439863864773280788407 -0.405845151377397166906606412076961463 0.106799923758904576814644402163078189
0.949107912342758524526189684047851262 -0.405845151377397166906606412076961463 0.0494412511719131329231560102359869052
-0.949107912342758524526189684047851262 0.0 0.0541194307579275779220841253319918313
-0.741531185599394439863864773280788407 0.0 0.116905437095926248135144080791000119
-0.405845151377397166906606412076961463 0.0 0.159589376211119101889460673510494097
0.0 0.0 0.174689879216992919616826322365680966
0.405845151377397166906606412076961463 0.0 0.159589376211119101889460673510494097
0.741531185599394439863864773280788407 0.0 0.116905437095926248135144080791000119
0.949107912342758524526189684047851262 0.0 0.0541194307579275779220841253319918313
-0.949107912342758524526189684047851262 0.405845151377397166906606412076961463 0.0494412511719131329231560102359869052
-0.741531185599394439863864773280788407 0.405845151377397166906606412076961463 0.106799923758904576814644402163078189
-0.405845151377397166906606412076961463 0.405845151377397166906606412076961463 0.145794187468741684267839026334662991
0.0 0.405845151377397166906606412076961463 0.159589376211119101889460673510494097
0.405845151377397166906606412076961463 0.405845151377397166906606412076961463 0.145794187468741684267839026334662991
0.741531185599394439863864773280788407 0.405845151377397166906606412076961463 0.106799923758904576814644402163078189
0.949107912342758524526189684047851262 0.405845151377397166906606412076961463 0.0494412511719131329231560102359869052
-0.949107912342758524526189684047851262 0.741531185599394439863864773280788407 0.0362176431542394423747452861524643612
-0.741531185599394439863864773280788407 0.741531185599394439863864773280788407 0.0782351060281695246445060427127369727
-0.405845151377397166906606412076961463 0.741531185599394439863864773280788407 0.106799923758904576814644402163078189
0.0 0.741531185599394439863864773280788407 0.116905437095926248135144080791000119
0.405845151377397166906606412076961463 0.741531185599394439863864773280788407 0.106799923758904576814644402163078189
0.741531185599394439863864773280788407 0.741531185599394439863864773280788407 0.0782351060281695246445060427127369727
0.949107912342758524526189684047851262 0.741531185599394439863864773280788407 0.0362176431542394423747452861524643612
-0.949107912342758524526189684047851262 0.949107912342758524526189684047851262 0.0167663564637533290116680736246348363
-0.741531185599394439863864773280788407 0.949107912342758524526189684047851262 0.0362176431542394423747452861524643612
-0.405845151377397166906606412076961463 0.949107912342758524526189684047851262 0.0494412511719131329231560102359869052
0.0 0.949107912342758524526189684047851262 0.0541194307579275779220841253319918313
0.405845151377397166906606412076961463 0.949107912342758524526189684047851262 0.0494412511719131329231560102359869052
0.741531185599394439863864773280788407 0.949107912342758524526189684047851262 0.0362176431542394423747452861524643612
0.949107912342758524526189684047851262 0.949107912342758524526189684047851262 0.0167663564637533290116680736246348363
