-1.0 -1.0 0.000330578512396694214876033057851239669
-0.934001430408059134332274136099383635 -1.0 0.00199295042303627026293460817418819473
-0.784483473663144418622417816108458104 -1.0 0.0034030887596419128019662094890806349
-0.565235326996205006470963969477751664 -1.0 0.00450996553207324207345608848039768642
-0.295758135586939391431911515559057509 -1.0 0.0052159840868910561578040436969370042
0.0 -1.0 0.00545850173555801261428967056672684378
0.295758135586939391431911515559057509 -1.0 0.0052159840868910561578040436969370042
0.565235326996205006470963969477751664 -1.0 0.00450996553207324207345608848039768642
0.784483473663144418622417816108458104 -1.0 0.0034030887596419128019662094890806349
0.934001430408059134332274136099383635 -1.0 0.00199295042303627026293460817418819473
1.0 -1.0 0.000330578512396694214876033057851239669
-1.0 -0.934001430408059134332274136099383635 0.00199295042303627026293460817418819473
-0.934001430408059134332274136099383635 -0.934001430408059134332274136099383635 0.0120148504507583570171689634058494737
-0.784483473663144418622417816108458104 -0.934001430408059134332274136099383635 0.0205161162290539372732118249814010811
-0.565235326996205006470963969477751664 -0.934001430408059134332274136099383635 0.027189116587948705616173826089973763
-0.295758135586939391431911515559057509 -0.934001430408059134332274136099383635 0.0314454730198729523226924479791274732
0.0 -0.934001430408059134332274136099383635 0.0329075331126492839384435578996214487
0.295758135586939391431911515559057509 -0.934001430408059134332274136099383635 0.0314454730198729523226924479791274732
0.565235326996205006470963969477751664 -0.934001430408059134332274136099383635 0.027189116587948705616173826089973763
0.784483473663144418622417816108458104 -0.934001430408059134332274136099383635 0.0205161162290539372732118249814010811
0.934001430408059134332274136099383635 -0.934001430408059134332274136099383635 0.0120148504507583570171689634058494737
1.0 -0.934001430408059134332274136099383635 0.00199295042303627026293460817418819473
-1.0 -0.784483473663144418622417816108458104 0.0034030887596419128019662094890806349
-0.934001430408059134332274136099383635 -0.784483473663144418622417816108458104 0.0205161162290539372732118249814010811
-0.784483473663144418622417816108458104 -0.784483473663144418622417816108458104 0.0350325646456534260020793311284006564
-0.565235326996205006470963969477751664 -0.784483473663144418622417816108458104 0.0464271343509269987458934966262890391
-0.295758135586939391431911515559057509 -0.784483473663144418622417816108458104 0.0536951318701243692711764111133680069
0.0 -0.784483473663144418622417816108458104 0.0561916918498091200276284971217910025
0.295758135586939391431911515559057509 -0.784483473663144418622417816108458104 0.0536951318701243692711764111133680069
0.565235326996205006470963969477751664 -0.784483473663144418622417816108458104 0.0464271343509269987458934966262890391
0.784483473663144418622417816108458104 -0.784483473663144418622417816108458104 0.0350325646456534260020793311284006564
0.934001430408059134332274136099383635 -0.784483473663144418622417816108458104 0.0205161162290539372732118249814010811
1.0 -0.784483473663144418622417816108458104 0.0034030887596419128019662094890806349
-1.0 -0.565235326996205006470963969477751664 0.00450996553207324207345608848039768642
-0.934001430408059134332274136099383635 -0.565235326996205006470963969477751664 0.027189116587948705616173826089973763
-0.784483473663144418622417816108458104 -0.565235326996205006470963969477751664 0.0464271343509269987458934966262890391
-0.565235326996205006470963969477751664 -0.565235326996205006470963969477751664 0.0615278620289782614696302128449272766
-0.295758135586939391431911515559057509 -0.565235326996205006470963969477751664 0.0711598230543565870462416209830384806
0.0 -0.565235326996205006470963969477751664 0.0744684054194890381773792427944930152
0.295758135586939391431911515559057509 -0.565235326996205006470963969477751664 0.0711598230543565870462416209830384806
0.565235326996205006470963969477751664 -0.565235326996205006470963969477751664 0.0615278620289782614696302128449272766
0.784483473663144418622417816108458104 -0.565235326996205006470963969477751664 0.0464271343509269987458934966262890391
0.934001430408059134332274136099383635 -0.565235326996205006470963969477751664 0.027189116587948705616173826089973763
1.0 -0.565235326996205006470963969477751664 0.00450996553207324207345608848039768642
-1.0 -0.295758135586939391431911515559057509 0.0052159840868910561578040436969370042
-0.934001430408059134332274136099383635 -0.295758135586939391431911515559057509 0.0314454730198729523226924479791274732
-0.784483473663144418622417816108458104 -0.295758135586939391431911515559057509 0.0536951318701243692711764111133680069
-0.565235326996205006470963969477751664 -0.295758135586939391431911515559057509 0.0711598230543565870462416209830384806
-0.295758135586939391431911515559057509 -0.295758135586939391431911515559057509 0.0822996322339696927452728823655062533
0.0 -0.295758135586939391431911515559057509 0.0861261610275868622720699943871160261
0.295758135586939391431911515559057509 -0.295758135586939391431911515559057509 0.0822996322339696927452728823655062533
0.565235326996205006470963969477751664 -0.295758135586939391431911515559057509 0.0711598230543565870462416209830384806
0.784483473663144418622417816108458104 -0.295758135586939391431911515559057509 0.0536951318701243692711764111133680069
0.934001430408059134332274136099383635 -0.295758135586939391431911515559057509 0.0314454730198729523226924479791274732
1.0 -0.295758135586939391431911515559057509 0.0052159840868910561578040436969370042
-1.0 0.0 0.00545850173555801261428967056672684378
-0.934001430408059134332274136099383635 0.0 0.0329075331126492839384435578996214487
-0.784483473663144418622417816108458104 0.0 0.0561916918498091200276284971217910025
-0.565235326996205006470963969477751664 0.0 0.0744684054194890381773792427944930152
-0.295758135586939391431911515559057509 0.0 0.0861261610275868622720699943871160261
0.0 0.0 0.0901306046211967535122418368004561437
0.295758135586939391431911515559057509 0.0 0.0861261610275868622720699943871160261
0.565235326996205006470963969477751664 0.0 0.0744684054194890381773792427944930152
0.784483473663144418622417816108458104 0.0 0.0561916918498091200276284971217910025
0.934001430408059134332274136099383635 0.0 0.0329075331126492839384435578996214487
1.0 0.0 0.00545850173555801261428967056672684378
-1.0 0.295758135586939391431911515559057509 0.0052159840868910561578040436969370042
-0.934001430408059134332274136099383635 0.295758135586939391431911515559057509 0.0314454730198729523226924479791274732
-0.784483473663144418622417816108458104 0.295758135586939391431911515559057509 0.0536951318701243692711764111133680069
-0.565235326996205006470963969477751664 0.295758135586939391431911515559057509 0.0711598230543565870462416209830384806
-0.295758135586939391431911515559057509 0.295758135586939391431911515559057509 0.0822996322339696927452728823655062533
0.0 0.295758135586939391431911515559057509 0.0861261610275868622720699943871160261
0.295758135586939391431911515559057509 0.295758135586939391431911515559057509 0.0822996322339696927452728823655062533
0.565235326996205006470963969477751664 0.295758135586939391431911515559057509 0.0711598230543565870462416209830384806
0.784483473663144418622417816108458104 0.295758135586939391431911515559057509 0.0536951318701243692711764111133680069
0.934001430408059134332274136099383635 0.295758135586939391431911515559057509 0.0314454730198729523226924479791274732
1.0 0.295758135586939391431911515559057509 0.0052159840868910561578040436969370042
-1.0 0.565235326996205006470963969477751664 0.00450996553207324207345608848039768642
-0.934001430408059134332274136099383635 0.565235326996205006470963969477751664 0.027189116587948705616173826089973763
-0.784483473663144418622417816108458104 0.565235326996205006470963969477751664 0.0464271343509269987458934966262890391
-0.565235326996205006470963969477751664 0.565235326996205006470963969477751664 0.0615278620289782614696302128449272766
-0.295758135586939391431911515559057509 0.565235326996205006470963969477751664 0.0711598230543565870462416209830384806
0.0 0.565235326996205006470963969477751664 0.0744684054194890381773792427944930152
0.295758135586939391431911515559057509 0.565235326996205006470963969477751664 0.0711598230543565870462416209830384806
0.565235326996205006470963969477751664 0.565235326996205006470963969477751664 0.0615278620289782614696302128449272766
0.784483473663144418622417816108458104 0.565235326996205006470963969477751664 0.0464271343509269987458934966262890391
0.934001430408059134332274136099383635 0.565235326996205006470963969477751664 0.027189116587948705616173826089973763
1.0 0.565235326996205006470963969477751664 0.00450996553207324207345608848039768642
-1.0 0.784483473663144418622417816108458104 0.0034030887596419128019662094890806349
-0.934001430408059134332274136099383635 0.784483473663144418622417816108458104 0.0205161162290539372732118249814010811
-0.784483473663144418622417816108458104 0.784483473663144418622417816108458104 0.0350325646456534260020793311284006564
-0.565235326996205006470963969477751664 0.784483473663144418622417816108458104 0.0464271343509269987458934966262890391
-0.295758135586939391431911515559057509 0.784483473663144418622417816108458104 0.0536951318701243692711764111133680069
0.0 0.784483473663144418622417816108458104 0.0561916918498091200276284971217910025
0.295758135586939391431911515559057509 0.784483473663144418622417816108458104 0.0536951318701243692711764111133680069
0.565235326996205006470963969477751664 0.784483473663144418622417816108458104 0.0464271343509269987458934966262890391
0.784483473663144418622417816108458104 0.784483473663144418622417816108458104 0.0350325646456534260020793311284006564
0.934001430408059134332274136099383635 0.784483473663144418622417816108458104 0.0205161162290539372732118249814010811
1.0 0.784483473663144418622417816108458104 0.0034030887596419128019662094890806349
-1.0 0.934001430408059134332274136099383635 0.00199295042303627026293460817418819473
-0.934001430408059134332274136099383635 0.934001430408059134332274136099383635 0.0120148504507583570171689634058494737
-0.784483473663144418622417816108458104 0.934001430408059134332274136099383635 0.0205161162290539372732118249814010811
-0.565235326996205006470963969477751664 0.934001430408059134332274136099383635 0.027189116587948705616173826089973763
-0.295758135586939391431911515559057509 0.934001430408059134332274136099383635 0.0314454730198729523226924479791274732
0.0 0.934001430408059134332274136099383635 0.0329075331126492839384435578996214487
0.295758135586939391431911515559057509 0.934001430408059134332274136099383635 0.0314454730198729523226924479791274732
0.565235326996205006470963969477751664 0.934001430408059134332274136099383635 0.027189116587948705616173826089973763
0.784483473663144418622417816108458104 0.934001430408059134332274136099383635 0.0205161162290539372732118249814010811
0.934001430408059134332274136099383635 0.934001430408059134332274136099383635 0.0120148504507583570171689634058494737
1.0 0.934001430408059134332274136099383635 0.00199295042303627026293460817418819473
-1.0 1.0 0.000330578512396694214876033057851239669
-0.934001430408059134332274136099383635 1.0 0.00199295042303627026293460817418819473
-0.784483473663144418622417816108458104 1.0 0.0034030887596419128019662094890806349
-0.565235326996205006470963969477751664 1.0 0.00450996553207324207345608848039768642
-0.295758135586939391431911515559057509 1.0 0.0052159840868910561578040436969370042
0.0 1.0 0.00545850173555801261428967056672684378
0.295758135586939391431911515559057509 1.0 0.0052159840868910561578040436969370042
0.565235326996205006470963969477751664 1.0 0.00450996553207324207345608848039768642
0.784483473663144418622417816108458104 1.0 0.0034030887596419128019662094890806349
0.934001430408059134332274136099383635 1.0 0.00199295042303627026293460817418819473
1.0 1.0 0.000330578512396694214876033057851239669
