-0.986283808696812338841597266704052802 -0.986283808696812338841597266704052802 0.00123337649399349267740316546553236235
-0.928434883663573517336391139377874264 -0.986283808696812338841597266704052802 0.00281510876227630705017903634479856472
-0.827201315069764993189794742650394961 -0.986283808696812338841597266704052802 0.0042676666228450005972498745041730437
-0.687292904811685470148019803019334138 -0.986283808696812338841597266704052802 0.00552089039303793508881110225612105873
-0.515248636358154091965290718551188662 -0.986283808696812338841597266704052802 0.0065160083902432469594362580509921158
-0.319112368927889760435671824168475467 -0.986283808696812338841597266704052802 0.00720645930679646474246689825581926096
-0.108054948707343662066244650219834748 -0.986283808696812338841597266704052802 0.00755995036255941591628654126075537436
0.108054948707343662066244650219834748 -0.986283808696812338841597266704052802 0.00755995036255941591628654126075537436
0.319112368927889760435671824168475467 -0.986283808696812338841597266704052802 0.00720645930679646474246689825581926096
0.515248636358154091965290718551188662 -0.986283808696812338841597266704052802 0.0065160083902432469594362580509921158
0.687292904811685470148019803019334138 -0.986283808696812338841597266704052802 0.00552089039303793508881110225612105873
0.827201315069764993189794742650394961 -0.986283808696812338841597266704052802 0.0042676666228450005972498745041730437
0.928434883663573517336391139377874264 -0.986283808696812338841597266704052802 0.00281510876227630705017903634479856472
0.986283808696812338841597266704052802 -0.986283808696812338841597266704052802 0.00123337649399349267740316546553236235
-0.986283808696812338841597266704052802 -0.928434883663573517336391139377874264 0.00281510876227630705017903634479856472
-0.928434883663573517336391139377874264 -0.928434883663573517336391139377874264 0.00642531893711171461899973526293872352
-0.827201315069764993189794742650394961 -0.928434883663573517336391139377874264 0.00974069618073042567429127112975603348
-0.687292904811685470148019803019334138 -0.928434883663573517336391139377874264 0.0126011051748568310741706976191820618
-0.515248636358154091965290718551188662 -0.928434883663573517336391139377874264 0.014872403036518773162574639154116857
-0.319112368927889760435671824168475467 -0.928434883663573517336391139377874264 0.0164483163400205063913259005070934869
-0.108054948707343662066244650219834748 -0.928434883663573517336391139377874264 0.0172551387282456518340919970449685821
0.108054948707343662066244650219834748 -0.928434883663573517336391139377874264 0.0172551387282456518340919970449685821
0.319112368927889760435671824168475467 -0.928434883663573517336391139377874264 0.0164483163400205063913259005070934869
0.515248636358154091965290718551188662 -0.928434883663573517336391139377874264 0.014872403036518773162574639154116857
0.687292904811685470148019803019334138 -0.928434883663573517336391139377874264 0.0126011051748568310741706976191820618
0.827201315069764993189794742650394961 -0.928434883663573517336391139377874264 0.00974069618073042567429127112975603348
0.928434883663573517336391139377874264 -0.928434883663573517336391139377874264 0.00642531893711171461899973526293872352
0.986283808696812338841597266704052802 -0.928434883663573517336391139377874264 0.00281510876227630705017903634479856472
-0.986283808696812338841597266704052802 -0.827201315069764993189794742650394961 0.0042676666228450005972498745041730437
-0.928434883663573517336391139377874264 -0.827201315069764993189794742650394961 0.00974069618073042567429127112975603348
-0.827201315069764993189794742650394961 -0.827201315069764993189794742650394961 0.0147667630220309230770179549764599129
-0.687292904811685470148019803019334138 -0.827201315069764993189794742650394961 0.0191031041806752014355273486413949335
-0.515248636358154091965290718551188662 -0.827201315069764993189794742650394961 0.0225463608692430641820636600770767767
-0.319112368927889760435671824168475467 -0.827201315069764993189794742650394961 0.0249354240187653970284800154494820452
-0.108054948707343662066244650219834748 -0.827201315069764993189794742650394961 0.0261585557936131726947846842941338805
0.108054948707343662066244650219834748 -0.827201315069764993189794742650394961 0.0261585557936131726947846842941338805
0.319112368927889760435671824168475467 -0.827201315069764993189794742650394961 0.0249354240187653970284800154494820452
0.515248636358154091965290718551188662 -0.827201315069764993189794742650394961 0.0225463608692430641820636600770767767
0.687292904811685470148019803019334138 -0.827201315069764993189794742650394961 0.0191031041806752014355273486413949335
0.827201315069764993189794742650394961 -0.827201315069764993189794742650394961 0.0147667630220309230770179549764599129
0.928434883663573517336391139377874264 -0.827201315069764993189794742650394961 0.00974069618073042567429127112975603348
0.986283808696812338841597266704052802 -0.827201315069764993189794742650394961 0.0042676666228450005972498745041730437
-0.986283808696812338841597266704052802 -0.687292904811685470148019803019334138 0.00552089039303793508881110225612105873
-0.928434883663573517336391139377874264 -0.687292904811685470148019803019334138 0.0126011051748568310741706976191820618
-0.827201315069764993189794742650394961 -0.687292904811685470148019803019334138 0.0191031041806752014355273486413949335
-0.687292904811685470148019803019334138 -0.687292904811685470148019803019334138 0.0247128357645669382915560077416390611
-0.515248636358154091965290718551188662 -0.687292904811685470148019803019334138 0.0291672237129876118446686686647458881
-0.319112368927889760435671824168475467 -0.687292904811685470148019803019334138 0.032257848392983344550945008591777491
-0.108054948707343662066244650219834748 -0.687292904811685470148019803019334138 0.0338401595390856722839231051089816624
0.108054948707343662066244650219834748 -0.687292904811685470148019803019334138 0.0338401595390856722839231051089816624
0.319112368927889760435671824168475467 -0.687292904811685470148019803019334138 0.032257848392983344550945008591777491
0.515248636358154091965290718551188662 -0.687292904811685470148019803019334138 0.0291672237129876118446686686647458881
0.687292904811685470148019803019334138 -0.687292904811685470148019803019334138 0.0247128357645669382915560077416390611
0.827201315069764993189794742650394961 -0.687292904811685470148019803019334138 0.0191031041806752014355273486413949335
0.928434883663573517336391139377874264 -0.687292904811685470148019803019334138 0.0126011051748568310741706976191820618
0.986283808696812338841597266704052802 -0.687292904811685470148019803019334138 0.00552089039303793508881110225612105873
-0.986283808696812338841597266704052802 -0.515248636358154091965290718551188662 0.0065160083902432469594362580509921158
-0.928434883663573517336391139377874264 -0.515248636358154091965290718551188662 0.014872403036518773162574639154116857
-0.827201315069764993189794742650394961 -0.515248636358154091965290718551188662 0.0225463608692430641820636600770767767
-0.687292904811685470148019803019334138 -0.515248636358154091965290718551188662 0.0291672237129876118446686686647458881
-0.515248636358154091965290718551188662 -0.515248636358154091965290718551188662 0.0344244969386812408830698901244671112
-0.319112368927889760435671824168475467 -0.515248636358154091965290718551188662 0.0380721941237839462570993610627731349
-0.108054948707343662066244650219834748 -0.515248636358154091965290718551188662 0.0399397104064799304528041129909851526
0.108054948707343662066244650219834748 -0.515248636358154091965290718551188662 0.0399397104064799304528041129909851526
0.319112368927889760435671824168475467 -0.515248636358154091965290718551188662 0.0380721941237839462570993610627731349
0.515248636358154091965290718551188662 -0.515248636358154091965290718551188662 0.0344244969386812408830698901244671112
0.687292904811685470148019803019334138 -0.515248636358154091965290718551188662 0.0291672237129876118446686686647458881
0.827201315069764993189794742650394961 -0.515248636358154091965290718551188662 0.0225463608692430641820636600770767767
0.928434883663573517336391139377874264 -0.515248636358154091965290718551188662 0.014872403036518773162574639154116857
0.986283808696812338841597266704052802 -0.515248636358154091965290718551188662 0.0065160083902432469594362580509921158
-0.986283808696812338841597266704052802 -0.319112368927889760435671824168475467 0.00720645930679646474246689825581926096
-0.928434883663573517336391139377874264 -0.319112368927889760435671824168475467 0.0164483163400205063913259005070934869
-0.827201315069764993189794742650394961 -0.319112368927889760435671824168475467 0.0249354240187653970284800154494820452
-0.687292904811685470148019803019334138 -0.319112368927889760435671824168475467 0.032257848392983344550945008591777491
-0.515248636358154091965290718551188662 -0.319112368927889760435671824168475467 0.0380721941237839462570993610627731349
-0.319112368927889760435671824168475467 -0.319112368927889760435671824168475467 0.0421064095135798681251959935973532202
-0.108054948707343662066244650219834748 -0.319112368927889760435671824168475467 0.0441718120253660768704108881969194165
0.108054948707343662066244650219834748 -0.319112368927889760435671824168475467 0.0441718120253660768704108881969194165
0.319112368927889760435671824168475467 -0.319112368927889760435671824168475467 0.0421064095135798681251959935973532202
0.515248636358154091965290718551188662 -0.319112368927889760435671824168475467 0.0380721941237839462570993610627731349
0.687292904811685470148019803019334138 -0.319112368927889760435671824168475467 0.032257848392983344550945008591777491
0.827201315069764993189794742650394961 -0.319112368927889760435671824168475467 0.0249354240187653970284800154494820452
0.928434883663573517336391139377874264 -0.319112368927889760435671824168475467 0.0164483163400205063913259005070934869
0.986283808696812338841597266704052802 -0.319112368927889760435671824168475467 0.00720645930679646474246689825581926096
-0.986283808696812338841597266704052802 -0.108054948707343662066244650219834748 0.00755995036255941591628654126075537436
-0.928434883663573517336391139377874264 -0.108054948707343662066244650219834748 0.0172551387282456518340919970449685821
-0.827201315069764993189794742650394961 -0.108054948707343662066244650219834748 0.0261585557936131726947846842941338805
-0.687292904811685470148019803019334138 -0.108054948707343662066244650219834748 0.0338401595390856722839231051089816624
-0.515248636358154091965290718551188662 -0.108054948707343662066244650219834748 0.0399397104064799304528041129909851526
-0.319112368927889760435671824168475467 -0.108054948707343662066244650219834748 0.0441718120253660768704108881969194165
-0.108054948707343662066244650219834748 -0.108054948707343662066244650219834748 0.0463385266078078701435751144195159667
0.108054948707343662066244650219834748 -0.108054948707343662066244650219834748 0.0463385266078078701435751144195159667
0.319112368927889760435671824168475467 -0.108054948707343662066244650219834748 0.0441718120253660768704108881969194165
0.515248636358154091965290718551188662 -0.108054948707343662066244650219834748 0.0399397104064799304528041129909851526
0.687292904811685470148019803019334138 -0.108054948707343662066244650219834748 0.0338401595390856722839231051089816624
0.827201315069764993189794742650394961 -0.108054948707343662066244650219834748 0.0261585557936131726947846842941338805
0.928434883663573517336391139377874264 -0.108054948707343662066244650219834748 0.0172551387282456518340919970449685821
0.986283808696812338841597266704052802 -0.108054948707343662066244650219834748 0.00755995036255941591628654126075537436
-0.986283808696812338841597266704052802 0.108054948707343662066244650219834748 0.00755995036255941591628654126075537436
-0.928434883663573517336391139377874264 0.108054948707343662066244650219834748 0.0172551387282456518340919970449685821
-0.827201315069764993189794742650394961 0.108054948707343662066244650219834748 0.0261585557936131726947846842941338805
-0.687292904811685470148019803019334138 0.108054948707343662066244650219834748 0.0338401595390856722839231051089816624
-0.515248636358154091965290718551188662 0.108054948707343662066244650219834748 0.0399397104064799304528041129909851526
-0.319112368927889760435671824168475467 0.108054948707343662066244650219834748 0.0441718120253660768704108881969194165
-0.108054948707343662066244650219834748 0.108054948707343662066244650219834748 0.0463385266078078701435751144195159667
0.108054948707343662066244650219834748 0.108054948707343662066244650219834748 0.0463385266078078701435751144195159667
0.319112368927889760435671824168475467 0.108054948707343662066244650219834748 0.0441718120253660768704108881969194165
0.515248636358154091965290718551188662 0.108054948707343662066244650219834748 0.0399397104064799304528041129909851526
0.687292904811685470148019803019334138 0.108054948707343662066244650219834748 0.0338401595390856722839231051089816624
0.827201315069764993189794742650394961 0.108054948707343662066244650219834748 0.0261585557936131726947846842941338805
0.928434883663573517336391139377874264 0.108054948707343662066244650219834748 0.0172551387282456518340919970449685821
0.986283808696812338841597266704052802 0.108054948707343662066244650219834748 0.00755995036255941591628654126075537436
-0.986283808696812338841597266704052802 0.319112368927889760435671824168475467 0.00720645930679646474246689825581926096
-0.928434883663573517336391139377874264 0.319112368927889760435671824168475467 0.0164483163400205063913259005070934869
-0.827201315069764993189794742650394961 0.319112368927889760435671824168475467 0.0249354240187653970284800154494820452
-0.687292904811685470148019803019334138 0.319112368927889760435671824168475467 0.032257848392983344550945008591777491
-0.515248636358154091965290718551188662 0.319112368927889760435671824168475467 0.0380721941237839462570993610627731349
-0.319112368927889760435671824168475467 0.319112368927889760435671824168475467 0.0421064095135798681251959935973532202
-0.108054948707343662066244650219834748 0.319112368927889760435671824168475467 0.0441718120253660768704108881969194165
0.108054948707343662066244650219834748 0.319112368927889760435671824168475467 0.0441718120253660768704108881969194165
0.319112368927889760435671824168475467 0.319112368927889760435671824168475467 0.0421064095135798681251959935973532202
0.515248636358154091965290718551188662 0.319112368927889760435671824168475467 0.0380721941237839462570993610627731349
0.687292904811685470148019803019334138 0.319112368927889760435671824168475467 0.032257848392983344550945008591777491
0.827201315069764993189794742650394961 0.319112368927889760435671824168475467 0.0249354240187653970284800154494820452
0.928434883663573517336391139377874264 0.319112368927889760435671824168475467 0.0164483163400205063913259005070934869
0.986283808696812338841597266704052802 0.319112368927889760435671824168475467 0.00720645930679646474246689825581926096
-0.986283808696812338841597266704052802 0.515248636358154091965290718551188662 0.0065160083902432469594362580509921158
-0.928434883663573517336391139377874264 0.515248636358154091965290718551188662 0.014872403036518773162574639154116857
-0.827201315069764993189794742650394961 0.515248636358154091965290718551188662 0.0225463608692430641820636600770767767
-0.687292904811685470148019803019334138 0.515248636358154091965290718551188662 0.0291672237129876118446686686647458881
-0.515248636358154091965290718551188662 0.515248636358154091965290718551188662 0.0344244969386812408830698901244671112
-0.319112368927889760435671824168475467 0.515248636358154091965290718551188662 0.0380721941237839462570993610627731349
-0.108054948707343662066244650219834748 0.515248636358154091965290718551188662 0.0399397104064799304528041129909851526
0.108054948707343662066244650219834748 0.515248636358154091965290718551188662 0.0399397104064799304528041129909851526
0.319112368927889760435671824168475467 0.515248636358154091965290718551188662 0.0380721941237839462570993610627731349
0.515248636358154091965290718551188662 0.515248636358154091965290718551188662 0.0344244969386812408830698901244671112
0.687292904811685470148019803019334138 0.515248636358154091965290718551188662 0.0291672237129876118446686686647458881
0.827201315069764993189794742650394961 0.515248636358154091965290718551188662 0.0225463608692430641820636600770767767
0.928434883663573517336391139377874264 0.515248636358154091965290718551188662 0.014872403036518773162574639154116857
0.986283808696812338841597266704052802 0.515248636358154091965290718551188662 0.0065160083902432469594362580509921158
-0.986283808696812338841597266704052802 0.687292904811685470148019803019334138 0.00552089039303793508881110225612105873
-0.928434883663573517336391139377874264 0.687292904811685470148019803019334138 0.0126011051748568310741706976191820618
-0.827201315069764993189794742650394961 0.687292904811685470148019803019334138 0.0191031041806752014355273486413949335
-0.687292904811685470148019803019334138 0.687292904811685470148019803019334138 0.0247128357645669382915560077416390611
-0.515248636358154091965290718551188662 0.687292904811685470148019803019334138 0.0291672237129876118446686686647458881
-0.319112368927889760435671824168475467 0.687292904811685470148019803019334138 0.032257848392983344550945008591777491
-0.108054948707343662066244650219834748 0.687292904811685470148019803019334138 0.0338401595390856722839231051089816624
0.108054948707343662066244650219834748 0.687292904811685470148019803019334138 0.0338401595390856722839231051089816624
0.319112368927889760435671824168475467 0.687292904811685470148019803019334138 0.032257848392983344550945008591777491
0.515248636358154091965290718551188662 0.687292904811685470148019803019334138 0.0291672237129876118446686686647458881
0.687292904811685470148019803019334138 0.687292904811685470148019803019334138 0.0247128357645669382915560077416390611
0.827201315069764993189794742650394961 0.687292904811685470148019803019334138 0.0191031041806752014355273486413949335
0.928434883663573517336391139377874264 0.687292904811685470148019803019334138 0.0126011051748568310741706976191820618
0.986283808696812338841597266704052802 0.687292904811685470148019803019334138 0.00552089039303793508881110225612105873
-0.986283808696812338841597266704052802 0.827201315069764993189794742650394961 0.0042676666228450005972498745041730437
-0.928434883663573517336391139377874264 0.827201315069764993189794742650394961 0.00974069618073042567429127112975603348
-0.827201315069764993189794742650394961 0.827201315069764993189794742650394961 0.0147667630220309230770179549764599129
-0.687292904811685470148019803019334138 0.827201315069764993189794742650394961 0.0191031041806752014355273486413949335
-0.515248636358154091965290718551188662 0.827201315069764993189794742650394961 0.0225463608692430641820636600770767767
-0.319112368927889760435671824168475467 0.827201315069764993189794742650394961 0.0249354240187653970284800154494820452
-0.108054948707343662066244650219834748 0.827201315069764993189794742650394961 0.0261585557936131726947846842941338805
0.108054948707343662066244650219834748 0.827201315069764993189794742650394961 0.0261585557936131726947846842941338805
0.319112368927889760435671824168475467 0.827201315069764993189794742650394961 0.0249354240187653970284800154494820452
0.515248636358154091965290718551188662 0.827201315069764993189794742650394961 0.0225463608692430641820636600770767767
0.687292904811685470148019803019334138 0.827201315069764993189794742650394961 0.0191031041806752014355273486413949335
0.827201315069764993189794742650394961 0.827201315069764993189794742650394961 0.0147667630220309230770179549764599129
0.928434883663573517336391139377874264 0.827201315069764993189794742650394961 0.00974069618073042567429127112975603348
0.986283808696812338841597266704052802 0.827201315069764993189794742650394961 0.0042676666228450005972498745041730437
-0.986283808696812338841597266704052802 0.928434883663573517336391139377874264 0.00281510876227630705017903634479856472
-0.928434883663573517336391139377874264 0.928434883663573517336391139377874264 0.00642531893711171461899973526293872352
-0.827201315069764993189794742650394961 0.928434883663573517336391139377874264 0.00974069618073042567429127112975603348
-0.687292904811685470148019803019334138 0.928434883663573517336391139377874264 0.0126011051748568310741706976191820618
-0.515248636358154091965290718551188662 0.928434883663573517336391139377874264 0.014872403036518773162574639154116857
-0.319112368927889760435671824168475467 0.928434883663573517336391139377874264 0.0164483163400205063913259005070934869
-0.108054948707343662066244650219834748 0.928434883663573517336391139377874264 0.0172551387282456518340919970449685821
0.108054948707343662066244650219834748 0.928434883663573517336391139377874264 0.0172551387282456518340919970449685821
0.319112368927889760435671824168475467 0.928434883663573517336391139377874264 0.0164483163400205063913259005070934869
0.515248636358154091965290718551188662 0.928434883663573517336391139377874264 0.014872403036518773162574639154116857
0.687292904811685470148019803019334138 0.928434883663573517336391139377874264 0.0126011051748568310741706976191820618
0.827201315069764993189794742650394961 0.928434883663573517336391139377874264 0.00974069618073042567429127112975603348
0.928434883663573517336391139377874264 0.928434883663573517336391139377874264 0.00642531893711171461899973526293872352
0.986283808696812338841597266704052802 0.928434883663573517336391139377874264 0.00281510876227630705017903634479856472
-0.986283808696812338841597266704052802 0.986283808696812338841597266704052802 0.00123337649399349267740316546553236235
-0.928434883663573517336391139377874264 0.986283808696812338841597266704052802 0.00281510876227630705017903634479856472
-0.827201315069764993189794742650394961 0.986283808696812338841597266704052802 0.0042676666228450005972498745041730437
-0.687292904811685470148019803019334138 0.986283808696812338841597266704052802 0.00552089039303793508881110225612105873
-0.515248636358154091965290718551188662 0.986283808696812338841597266704052802 0.0065160083902432469594362580509921158
-0.319112368927889760435671824168475467 0.986283808696812338841597266704052802 0.00720645930679646474246689825581926096
-0.108054948707343662066244650219834748 0.986283808696812338841597266704052802 0.00755995036255941591628654126075537436
0.108054948707343662066244650219834748 0.986283808696812338841597266704052802 0.00755995036255941591628654126075537436
0.319112368927889760435671824168475467 0.986283808696812338841597266704052802 0.00720645930679646474246689825581926096
0.515248636358154091965290718551188662 0.986283808696812338841597266704052802 0.0065160083902432469594362580509921158
0.687292904811685470148019803019334138 0.986283808696812338841597266704052802 0.00552089039303793508881110225612105873
0.827201315069764993189794742650394961 0.986283808696812338841597266704052802 0.0042676666228450005972498745041730437
0.928434883663573517336391139377874264 0.986283808696812338841597266704052802 0.00281510876227630705017903634479856472
0.986283808696812338841597266704052802 0.986283808696812338841597266704052802 0.00123337649399349267740316546553236235
