-0.984183054718588149472829448807109611 -0.984183054718588149472829448807109611 0.00163895464183811884121253988300638206
-0.917598399222977965206547836500719512 -0.984183054718588149472829448807109611 0.00372944723841864450729591633589047115
-0.80157809073330991279420648958285989 -0.984183054718588149472829448807109611 0.00562215584951401005699858568595417265
-0.64234933944034022064398460699551565 -0.984183054718588149472829448807109611 0.0072120627340884822660977124010879361
-0.448492751036446852877912852127639868 -0.984183054718588149472829448807109611 0.0084132258587925054742426402578299239
-0.230458315955134794065528121097988835 -0.984183054718588149472829448807109611 0.00916084934807396397495080353063099104
0.0 -0.984183054718588149472829448807109611 0.00941461818918030879844678821317236629
0.230458315955134794065528121097988835 -0.984183054718588149472829448807109611 0.00916084934807396397495080353063099104
0.448492751036446852877912852127639868 -0.984183054718588149472829448807109611 0.0084132258587925054742426402578299239
0.64234933944034022064398460699551565 -0.984183054718588149472829448807109611 0.0072120627340884822660977124010879361
0.80157809073330991279420648958285989 -0.984183054718588149472829448807109611 0.00562215584951401005699858568595417265
0.917598399222977965206547836500719512 -0.984183054718588149472829448807109611 0.00372944723841864450729591633589047115
0.984183054718588149472829448807109611 -0.984183054718588149472829448807109611 0.00163895464183811884121253988300638206
-0.984183054718588149472829448807109611 -0.917598399222977965206547836500719512 0.00372944723841864450729591633589047115
-0.917598399222977965206547836500719512 -0.917598399222977965206547836500719512 0.00848637073235260245542886788331796942
-0.80157809073330991279420648958285989 -0.917598399222977965206547836500719512 0.0127932360491769100411874064208713895
-0.64234933944034022064398460699551565 -0.917598399222977965206547836500719512 0.0164110749378535595329168271916532139
-0.448492751036446852877912852127639868 -0.917598399222977965206547836500719512 0.0191443259894468415836819049495856156
-0.230458315955134794065528121097988835 -0.917598399222977965206547836500719512 0.0208455459538691650762583504811938585
0.0 -0.917598399222977965206547836500719512 0.0214229978732214494353050053825692057
0.230458315955134794065528121097988835 -0.917598399222977965206547836500719512 0.0208455459538691650762583504811938585
0.448492751036446852877912852127639868 -0.917598399222977965206547836500719512 0.0191443259894468415836819049495856156
0.64234933944034022064398460699551565 -0.917598399222977965206547836500719512 0.0164110749378535595329168271916532139
0.80157809073330991279420648958285989 -0.917598399222977965206547836500719512 0.0127932360491769100411874064208713895
0.917598399222977965206547836500719512 -0.917598399222977965206547836500719512 0.00848637073235260245542886788331796942
0.984183054718588149472829448807109611 -0.917598399222977965206547836500719512 0.00372944723841864450729591633589047115
-0.984183054718588149472829448807109611 -0.80157809073330991279420648958285989 0.00562215584951401005699858568595417265
-0.917598399222977965206547836500719512 -0.80157809073330991279420648958285989 0.0127932360491769100411874064208713895
-0.80157809073330991279420648958285989 -0.80157809073330991279420648958285989 0.0192858518407653505656012021834901332
-0.64234933944034022064398460699551565 -0.80157809073330991279420648958285989 0.0247397576799580922595494296271152051
-0.448492751036446852877912852127639868 -0.80157809073330991279420648958285989 0.0288601440014498759913365323587247721
-0.230458315955134794065528121097988835 -0.80157809073330991279420648958285989 0.031424739546805417568337372925735892
0.0 -0.80157809073330991279420648958285989 0.032295250504235163961182495333959806
0.230458315955134794065528121097988835 -0.80157809073330991279420648958285989 0.031424739546805417568337372925735892
0.448492751036446852877912852127639868 -0.80157809073330991279420648958285989 0.0288601440014498759913365323587247721
0.64234933944034022064398460699551565 -0.80157809073330991279420648958285989 0.0247397576799580922595494296271152051
0.80157809073330991279420648958285989 -0.80157809073330991279420648958285989 0.0192858518407653505656012021834901332
0.917598399222977965206547836500719512 -0.80157809073330991279420648958285989 0.0127932360491769100411874064208713895
0.984183054718588149472829448807109611 -0.80157809073330991279420648958285989 0.00562215584951401005699858568595417265
-0.984183054718588149472829448807109611 -0.64234933944034022064398460699551565 0.0072120627340884822660977124010879361
-0.917598399222977965206547836500719512 -0.64234933944034022064398460699551565 0.0164110749378535595329168271916532139
-0.80157809073330991279420648958285989 -0.64234933944034022064398460699551565 0.0247397576799580922595494296271152051
-0.64234933944034022064398460699551565 -0.64234933944034022064398460699551565 0.0317359904616355410860061728659314781
-0.448492751036446852877912852127639868 -0.64234933944034022064398460699551565 0.0370215936065301401621325039506713743
-0.230458315955134794065528121097988835 -0.64234933944034022064398460699551565 0.0403114390778659910219855764674814336
0.0 -0.64234933944034022064398460699551565 0.0414281245280278639027169389843147089
0.230458315955134794065528121097988835 -0.64234933944034022064398460699551565 0.0403114390778659910219855764674814336
0.448492751036446852877912852127639868 -0.64234933944034022064398460699551565 0.0370215936065301401621325039506713743
0.64234933944034022064398460699551565 -0.64234933944034022064398460699551565 0.0317359904616355410860061728659314781
0.80157809073330991279420648958285989 -0.64234933944034022064398460699551565 0.0247397576799580922595494296271152051
0.917598399222977965206547836500719512 -0.64234933944034022064398460699551565 0.0164110749378535595329168271916532139
0.984183054718588149472829448807109611 -0.64234933944034022064398460699551565 0.0072120627340884822660977124010879361
-0.984183054718588149472829448807109611 -0.448492751036446852877912852127639868 0.0084132258587925054742426402578299239
-0.917598399222977965206547836500719512 -0.448492751036446852877912852127639868 0.0191443259894468415836819049495856156
-0.80157809073330991279420648958285989 -0.448492751036446852877912852127639868 0.0288601440014498759913365323587247721
-0.64234933944034022064398460699551565 -0.448492751036446852877912852127639868 0.0370215936065301401621325039506713743
-0.448492751036446852877912852127639868 -0.448492751036446852877912852127639868 0.0431875096138543017489271319791801871
-0.230458315955134794065528121097988835 -0.448492751036446852877912852127639868 0.0470252761463125626038787519518574241
0.0 -0.448492751036446852877912852127639868 0.0483279446410045494966475077164069325
0.230458315955134794065528121097988835 -0.448492751036446852877912852127639868 0.0470252761463125626038787519518574241
0.448492751036446852877912852127639868 -0.448492751036446852877912852127639868 0.0431875096138543017489271319791801871
0.64234933944034022064398460699551565 -0.448492751036446852877912852127639868 0.0370215936065301401621325039506713743
0.80157809073330991279420648958285989 -0.448492751036446852877912852127639868 0.0288601440014498759913365323587247721
0.917598399222977965206547836500719512 -0.448492751036446852877912852127639868 0.0191443259894468415836819049495856156
0.984183054718588149472829448807109611 -0.448492751036446852877912852127639868 0.0084132258587925054742426402578299239
-0.984183054718588149472829448807109611 -0.230458315955134794065528121097988835 0.00916084934807396397495080353063099104
-0.917598399222977965206547836500719512 -0.230458315955134794065528121097988835 0.0208455459538691650762583504811938585
-0.80157809073330991279420648958285989 -0.230458315955134794065528121097988835 0.031424739546805417568337372925735892
-0.64234933944034022064398460699551565 -0.230458315955134794065528121097988835 0.0403114390778659910219855764674814336
-0.448492751036446852877912852127639868 -0.230458315955134794065528121097988835 0.0470252761463125626038787519518574241
-0.230458315955134794065528121097988835 -0.230458315955134794065528121097988835 0.051204077669890846311326793452447907
0.0 -0.230458315955134794065528121097988835 0.0526225050401585837107050744608582243
0.230458315955134794065528121097988835 -0.230458315955134794065528121097988835 0.051204077669890846311326793452447907
0.448492751036446852877912852127639868 -0.230458315955134794065528121097988835 0.0470252761463125626038787519518574241
0.64234933944034022064398460699551565 -0.230458315955134794065528121097988835 0.0403114390778659910219855764674814336
0.80157809073330991279420648958285989 -0.230458315955134794065528121097988835 0.031424739546805417568337372925735892
0.917598399222977965206547836500719512 -0.230458315955134794065528121097988835 0.0208455459538691650762583504811938585
0.984183054718588149472829448807109611 -0.230458315955134794065528121097988835 0.00916084934807396397495080353063099104
-0.984183054718588149472829448807109611 0.0 0.00941461818918030879844678821317236629
-0.917598399222977965206547836500719512 0.0 0.0214229978732214494353050053825692057
-0.80157809073330991279420648958285989 0.0 0.032295250504235163961182495333959806
-0.64234933944034022064398460699551565 0.0 0.0414281245280278639027169389843147089
-0.448492751036446852877912852127639868 0.0 0.0483279446410045494966475077164069325
-0.230458315955134794065528121097988835 0.0 0.0526225050401585837107050744608582243
0.0 0.0 0.054080224910091981779171410355109409
0.230458315955134794065528121097988835 0.0 0.0526225050401585837107050744608582243
0.448492751036446852877912852127639868 0.0 0.0483279446410045494966475077164069325
0.64234933944034022064398460699551565 0.0 0.0414281245280278639027169389843147089
0.80157809073330991279420648958285989 0.0 0.032295250504235163961182495333959806
0.917598399222977965206547836500719512 0.0 0.0214229978732214494353050053825692057
0.984183054718588149472829448807109611 0.0 0.00941461818918030879844678821317236629
-0.984183054718588149472829448807109611 0.230458315955134794065528121097988835 0.00916084934807396397495080353063099104
-0.917598399222977965206547836500719512 0.230458315955134794065528121097988835 0.0208455459538691650762583504811938585
-0.80157809073330991279420648958285989 0.230458315955134794065528121097988835 0.031424739546805417568337372925735892
-0.64234933944034022064398460699551565 0.230458315955134794065528121097988835 0.0403114390778659910219855764674814336
-0.448492751036446852877912852127639868 0.230458315955134794065528121097988835 0.0470252761463125626038787519518574241
-0.230458315955134794065528121097988835 0.230458315955134794065528121097988835 0.051204077669890846311326793452447907
0.0 0.230458315955134794065528121097988835 0.0526225050401585837107050744608582243
0.230458315955134794065528121097988835 0.230458315955134794065528121097988835 0.051204077669890846311326793452447907
0.448492751036446852877912852127639868 0.230458315955134794065528121097988835 0.0470252761463125626038787519518574241
0.64234933944034022064398460699551565 0.230458315955134794065528121097988835 0.0403114390778659910219855764674814336
0.80157809073330991279420648958285989 0.230458315955134794065528121097988835 0.031424739546805417568337372925735892
0.917598399222977965206547836500719512 0.230458315955134794065528121097988835 0.0208455459538691650762583504811938585
0.984183054718588149472829448807109611 0.230458315955134794065528121097988835 0.00916084934807396397495080353063099104
-0.984183054718588149472829448807109611 0.448492751036446852877912852127639868 0.0084132258587925054742426402578299239
-0.917598399222977965206547836500719512 0.448492751036446852877912852127639868 0.0191443259894468415836819049495856156
-0.80157809073330991279420648958285989 0.448492751036446852877912852127639868 0.0288601440014498759913365323587247721
-0.64234933944034022064398460699551565 0.448492751036446852877912852127639868 0.0370215936065301401621325039506713743
-0.448492751036446852877912852127639868 0.448492751036446852877912852127639868 0.0431875096138543017489271319791801871
-0.230458315955134794065528121097988835 0.448492751036446852877912852127639868 0.0470252761463125626038787519518574241
0.0 0.448492751036446852877912852127639868 0.0483279446410045494966475077164069325
0.230458315955134794065528121097988835 0.448492751036446852877912852127639868 0.0470252761463125626038787519518574241
0.448492751036446852877912852127639868 0.448492751036446852877912852127639868 0.0431875096138543017489271319791801871
0.64234933944034022064398460699551565 0.448492751036446852877912852127639868 0.0370215936065301401621325039506713743
0.80157809073330991279420648958285989 0.448492751036446852877912852127639868 0.0288601440014498759913365323587247721
0.917598399222977965206547836500719512 0.448492751036446852877912852127639868 0.0191443259894468415836819049495856156
0.984183054718588149472829448807109611 0.448492751036446852877912852127639868 0.0084132258587925054742426402578299239
-0.984183054718588149472829448807109611 0.64234933944034022064398460699551565 0.0072120627340884822660977124010879361
-0.917598399222977965206547836500719512 0.64234933944034022064398460699551565 0.0164110749378535595329168271916532139
-0.80157809073330991279420648958285989 0.64234933944034022064398460699551565 0.0247397576799580922595494296271152051
-0.64234933944034022064398460699551565 0.64234933944034022064398460699551565 0.0317359904616355410860061728659314781
-0.448492751036446852877912852127639868 0.64234933944034022064398460699551565 0.0370215936065301401621325039506713743
-0.230458315955134794065528121097988835 0.64234933944034022064398460699551565 0.0403114390778659910219855764674814336
0.0 0.64234933944034022064398460699551565 0.0414281245280278639027169389843147089
0.230458315955134794065528121097988835 0.64234933944034022064398460699551565 0.0403114390778659910219855764674814336
0.448492751036446852877912852127639868 0.64234933944034022064398460699551565 0.0370215936065301401621325039506713743
0.64234933944034022064398460699551565 0.64234933944034022064398460699551565 0.0317359904616355410860061728659314781
0.80157809073330991279420648958285989 0.64234933944034022064398460699551565 0.0247397576799580922595494296271152051
0.917598399222977965206547836500719512 0.64234933944034022064398460699551565 0.0164110749378535595329168271916532139
0.984183054718588149472829448807109611 0.64234933944034022064398460699551565 0.0072120627340884822660977124010879361
-0.984183054718588149472829448807109611 0.80157809073330991279420648958285989 0.00562215584951401005699858568595417265
-0.917598399222977965206547836500719512 0.80157809073330991279420648958285989 0.0127932360491769100411874064208713895
-0.80157809073330991279420648958285989 0.80157809073330991279420648958285989 0.0192858518407653505656012021834901332
-0.64234933944034022064398460699551565 0.80157809073330991279420648958285989 0.0247397576799580922595494296271152051
-0.448492751036446852877912852127639868 0.80157809073330991279420648958285989 0.0288601440014498759913365323587247721
-0.230458315955134794065528121097988835 0.80157809073330991279420648958285989 0.031424739546805417568337372925735892
0.0 0.80157809073330991279420648958285989 0.032295250504235163961182495333959806
0.230458315955134794065528121097988835 0.80157809073330991279420648958285989 0.031424739546805417568337372925735892
0.448492751036446852877912852127639868 0.80157809073330991279420648958285989 0.0288601440014498759913365323587247721
0.64234933944034022064398460699551565 0.80157809073330991279420648958285989 0.0247397576799580922595494296271152051
0.80157809073330991279420648958285989 0.80157809073330991279420648958285989 0.0192858518407653505656012021834901332
0.917598399222977965206547836500719512 0.80157809073330991279420648958285989 0.0127932360491769100411874064208713895
0.984183054718588149472829448807109611 0.80157809073330991279420648958285989 0.00562215584951401005699858568595417265
-0.984183054718588149472829448807109611 0.917598399222977965206547836500719512 0.00372944723841864450729591633589047115
-0.917598399222977965206547836500719512 0.917598399222977965206547836500719512 0.00848637073235260245542886788331796942
-0.80157809073330991279420648958285989 0.917598399222977965206547836500719512 0.0127932360491769100411874064208713895
-0.64234933944034022064398460699551565 0.917598399222977965206547836500719512 0.0164110749378535595329168271916532139
-0.448492751036446852877912852127639868 0.917598399222977965206547836500719512 0.0191443259894468415836819049495856156
-0.230458315955134794065528121097988835 0.917598399222977965206547836500719512 0.0208455459538691650762583504811938585
0.0 0.917598399222977965206547836500719512 0.0214229978732214494353050053825692057
0.230458315955134794065528121097988835 0.917598399222977965206547836500719512 0.0208455459538691650762583504811938585
0.448492751036446852877912852127639868 0.917598399222977965206547836500719512 0.0191443259894468415836819049495856156
0.64234933944034022064398460699551565 0.917598399222977965206547836500719512 0.0164110749378535595329168271916532139
0.80157809073330991279420648958285989 0.917598399222977965206547836500719512 0.0127932360491769100411874064208713895
0.917598399222977965206547836500719512 0.917598399222977965206547836500719512 0.00848637073235260245542886788331796942
0.984183054718588149472829448807109611 0.917598399222977965206547836500719512 0.00372944723841864450729591633589047115
-0.984183054718588149472829448807109611 0.984183054718588149472829448807109611 0.00163895464183811884121253988300638206
-0.917598399222977965206547836500719512 0.984183054718588149472829448807109611 0.00372944723841864450729591633589047115
-0.80157809073330991279420648958285989 0.984183054718588149472829448807109611 0.00562215584951401005699858568595417265
-0.64234933944034022064398460699551565 0.984183054718588149472829448807109611 0.0072120627340884822660977124010879361
-0.448492751036446852877912852127639868 0.984183054718588149472829448807109611 0.0084132258587925054742426402578299239
-0.230458315955134794065528121097988835 0.984183054718588149472829448807109611 0.00916084934807396397495080353063099104
0.0 0.984183054718588149472829448807109611 0.00941461818918030879844678821317236629
0.230458315955134794065528121097988835 0.984183054718588149472829448807109611 0.00916084934807396397495080353063099104
0.448492751036446852877912852127639868 0.984183054718588149472829448807109611 0.0084132258587925054742426402578299239
0.64234933944034022064398460699551565 0.984183054718588149472829448807109611 0.0072120627340884822660977124010879361
0.80157809073330991279420648958285989 0.984183054718588149472829448807109611 0.00562215584951401005699858568595417265
0.917598399222977965206547836500719512 0.984183054718588149472829448807109611 0.00372944723841864450729591633589047115
0.984183054718588149472829448807109611 0.984183054718588149472829448807109611 0.00163895464183811884121253988300638206
