-1.0 -1.0 0.0277777777777777777777777777777777778
-0.447213595499957939281834733746255247 -1.0 0.138888888888888888888888888888888889
0.447213595499957939281834733746255247 -1.0 0.138888888888888888888888888888888889
1.0 -1.0 0.0277777777777777777777777777777777778
-1.0 -0.447213595499957939281834733746255247 0.138888888888888888888888888888888889
-0.447213595499957939281834733746255247 -0.447213595499957939281834733746255247 0.694444444444444444444444444444444444
0.447213595499957939281834733746255247 -0.447213595499957939281834733746255247 0.694444444444444444444444444444444444
1.0 -0.447213595499957939281834733746255247 0.138888888888888888888888888888888889
-1.0 0.447213595499957939281834733746255247 0.138888888888888888888888888888888889
-0.447213595499957939281834733746255247 0.447213595499957939281834733746255247 0.694444444444444444444444444444444444
0.447213595499957939281834733746255247 0.447213595499957939281834733746255247 0.694444444444444444444444444444444444
1.0 0.447213595499957939281834733746255247 0.138888888888888888888888888888888889
-1.0 1.0 0.0277777777777777777777777777777777778
-0.447213595499957939281834733746255247 1.0 0.138888888888888888888888888888888889
0.447213595499957939281834733746255247 1.0 0.138888888888888888888888888888888889
1.0 1.0 0.0277777777777777777777777777777777778
