-1.0 -1.0 0.00226757369614512471655328798185941043
-0.83022389627856692987203221396746514 -1.0 0.0131821927315031403814619241090507759
-0.468848793470714213803771881908766329 -1.0 0.0205593038671363154008510010610172513
0.0 -1.0 0.0232199546485260770975056689342403628
0.468848793470714213803771881908766329 -1.0 0.0205593038671363154008510010610172513
0.83022389627856692987203221396746514 -1.0 0.0131821927315031403814619241090507759
1.0 -1.0 0.00226757369614512471655328798185941043
-1.0 -0.83022389627856692987203221396746514 0.0131821927315031403814619241090507759
-0.83022389627856692987203221396746514 -0.83022389627856692987203221396746514 0.0766326604978279533659493491100224839
-0.468848793470714213803771881908766329 -0.83022389627856692987203221396746514 0.119518367346938775510204081632653061
0.0 -0.83022389627856692987203221396746514 0.134985653570592157506170102876679945
0.468848793470714213803771881908766329 -0.83022389627856692987203221396746514 0.119518367346938775510204081632653061
0.83022389627856692987203221396746514 -0.83022389627856692987203221396746514 0.0766326604978279533659493491100224839
1.0 -0.83022389627856692987203221396746514 0.0131821927315031403814619241090507759
-1.0 -0.468848793470714213803771881908766329 0.0205593038671363154008510010610172513
-0.83022389627856692987203221396746514 -0.468848793470714213803771881908766329 0.119518367346938775510204081632653061
-0.468848793470714213803771881908766329 -0.468848793470714213803771881908766329 0.186404074196049597654458814155283639
0.0 -0.468848793470714213803771881908766329 0.210527271599475869704714250864816654
0.468848793470714213803771881908766329 -0.468848793470714213803771881908766329 0.186404074196049597654458814155283639
0.83022389627856692987203221396746514 -0.468848793470714213803771881908766329 0.119518367346938775510204081632653061
1.0 -0.468848793470714213803771881908766329 0.0205593038671363154008510010610172513
-1.0 0.0 0.0232199546485260770975056689342403628
-0.83022389627856692987203221396746514 0.0 0.134985653570592157506170102876679945
-0.468848793470714213803771881908766329 0.0 0.210527271599475869704714250864816654
0.0 0.0 0.237772335600907029478458049886621315
0.468848793470714213803771881908766329 0.0 0.210527271599475869704714250864816654
0.83022389627856692987203221396746514 0.0 0.134985653570592157506170102876679945
1.0 0.0 0.0232199546485260770975056689342403628
-1.0 0.468848793470714213803771881908766329 0.0205593038671363154008510010610172513
-0.83022389627856692987203221396746514 0.468848793470714213803771881908766329 0.119518367346938775510204081632653061
-0.468848793470714213803771881908766329 0.468848793470714213803771881908766329 0.186404074196049597654458814155283639
0.0 0.468848793470714213803771881908766329 0.210527271599475869704714250864816654
0.468848793470714213803771881908766329 0.468848793470714213803771881908766329 0.186404074196049597654458814155283639
0.83022389627856692987203221396746514 0.468848793470714213803771881908766329 0.119518367346938775510204081632653061
1.0 0.468848793470714213803771881908766329 0.0205593038671363154008510010610172513
-1.0 0.83022389627856692987203221396746514 0.0131821927315031403814619241090507759
-0.83022389627856692987203221396746514 0.83022389627856692987203221396746514 0.0766326604978279533659493491100224839
-0.468848793470714213803771881908766329 0.83022389627856692987203221396746514 0.119518367346938775510204081632653061
0.0 0.83022389627856692987203221396746514 0.134985653570592157506170102876679945
0.468848793470714213803771881908766329 0.83022389627856692987203221396746514 0.119518367346938775510204081632653061
0.83022389627856692987203221396746514 0.83022389627856692987203221396746514 0.0766326604978279533659493491100224839
1.0 0.83022389627856692987203221396746514 0.0131821927315031403814619241090507759
-1.0 1.0 0.00226757369614512471655328798185941043
-0.83022389627856692987203221396746514 1.0 0.0131821927315031403814619241090507759
-0.468848793470714213803771881908766329 1.0 0.0205593038671363154008510010610172513
0.0 1.0 0.0232199546485260770975056689342403628
0.468848793470714213803771881908766329 1.0 0.0205593038671363154008510010610172513
0.83022389627856692987203221396746514 1.0 0.0131821927315031403814619241090507759
1.0 1.0 0.00226757369614512471655328798185941043
