-1.0 -1.0 0.000229568411386593204775022956841138659
-0.944899272222882223407580138303218714 -1.0 0.00138915935474539591921731203233453464
-0.819279321644006678348641581716902661 -1.0 0.00239355614491469871461622822273242831
-0.632876153031860677662404854443655858 -1.0 0.00321982451153062341451972844495251925
-0.399530940965348932264349791566966901 -1.0 0.0038072061090788072771703698810241846
-0.136552932854927554864061855739693897 -1.0 0.00411220061985903298485285361363034607
0.136552932854927554864061855739693897 -1.0 0.00411220061985903298485285361363034607
0.399530940965348932264349791566966901 -1.0 0.0038072061090788072771703698810241846
0.632876153031860677662404854443655858 -1.0 0.00321982451153062341451972844495251925
0.819279321644006678348641581716902661 -1.0 0.00239355614491469871461622822273242831
0.944899272222882223407580138303218714 -1.0 0.00138915935474539591921731203233453464
1.0 -1.0 0.000229568411386593204775022956841138659
-1.0 -0.944899272222882223407580138303218714 0.00138915935474539591921731203233453464
-0.944899272222882223407580138303218714 -0.944899272222882223407580138303218714 0.00840605073329066450392279826671023248
-0.819279321644006678348641581716902661 -0.944899272222882223407580138303218714 0.0144838346431610235007756638457123016
-0.632876153031860677662404854443655858 -0.944899272222882223407580138303218714 0.0194837317286611010922683472154251689
-0.399530940965348932264349791566966901 -0.944899272222882223407580138303218714 0.023038082417028531142731508883674881
-0.136552932854927554864061855739693897 -0.944899272222882223407580138303218714 0.0248836585363094145094269638902221678
0.136552932854927554864061855739693897 -0.944899272222882223407580138303218714 0.0248836585363094145094269638902221678
0.399530940965348932264349791566966901 -0.944899272222882223407580138303218714 0.023038082417028531142731508883674881
0.632876153031860677662404854443655858 -0.944899272222882223407580138303218714 0.0194837317286611010922683472154251689
0.819279321644006678348641581716902661 -0.944899272222882223407580138303218714 0.0144838346431610235007756638457123016
0.944899272222882223407580138303218714 -0.944899272222882223407580138303218714 0.00840605073329066450392279826671023248
1.0 -0.944899272222882223407580138303218714 0.00138915935474539591921731203233453464
-1.0 -0.819279321644006678348641581716902661 0.00239355614491469871461622822273242831
-0.944899272222882223407580138303218714 -0.819279321644006678348641581716902661 0.0144838346431610235007756638457123016
-0.819279321644006678348641581716902661 -0.819279321644006678348641581716902661 0.0249560075981494302264235019952295928
-0.632876153031860677662404854443655858 -0.819279321644006678348641581716902661 0.0335709547257474761419894232816897519
-0.399530940965348932264349791566966901 -0.819279321644006678348641581716902661 0.0396951894309033196055530145786420019
-0.136552932854927554864061855739693897 -0.819279321644006678348641581716902661 0.0428751630214941669753132307763341918
0.136552932854927554864061855739693897 -0.819279321644006678348641581716902661 0.0428751630214941669753132307763341918
0.399530940965348932264349791566966901 -0.819279321644006678348641581716902661 0.0396951894309033196055530145786420019
0.632876153031860677662404854443655858 -0.819279321644006678348641581716902661 0.0335709547257474761419894232816897519
0.819279321644006678348641581716902661 -0.819279321644006678348641581716902661 0.0249560075981494302264235019952295928
0.944899272222882223407580138303218714 -0.819279321644006678348641581716902661 0.0144838346431610235007756638457123016
1.0 -0.819279321644006678348641581716902661 0.00239355614491469871461622822273242831
-1.0 -0.632876153031860677662404854443655858 0.00321982451153062341451972844495251925
-0.944899272222882223407580138303218714 -0.632876153031860677662404854443655858 0.0194837317286611010922683472154251689
-0.819279321644006678348641581716902661 -0.632876153031860677662404854443655858 0.0335709547257474761419894232816897519
-0.632876153031860677662404854443655858 -0.632876153031860677662404854443655858 0.0451598276192926873863925282205504981
-0.399530940965348932264349791566966901 -0.632876153031860677662404854443655858 0.0533981808578084470867450578516982404
-0.136552932854927554864061855739693897 -0.632876153031860677662404854443655858 0.0576758983179808102363869923525500916
0.136552932854927554864061855739693897 -0.632876153031860677662404854443655858 0.0576758983179808102363869923525500916
0.399530940965348932264349791566966901 -0.632876153031860677662404854443655858 0.0533981808578084470867450578516982404
0.632876153031860677662404854443655858 -0.632876153031860677662404854443655858 0.0451598276192926873863925282205504981
0.819279321644006678348641581716902661 -0.632876153031860677662404854443655858 0.0335709547257474761419894232816897519
0.944899272222882223407580138303218714 -0.632876153031860677662404854443655858 0.0194837317286611010922683472154251689
1.0 -0.632876153031860677662404854443655858 0.00321982451153062341451972844495251925
-1.0 -0.399530940965348932264349791566966901 0.0038072061090788072771703698810241846
-0.944899272222882223407580138303218714 -0.399530940965348932264349791566966901 0.023038082417028531142731508883674881
-0.819279321644006678348641581716902661 -0.399530940965348932264349791566966901 0.0396951894309033196055530145786420019
-0.632876153031860677662404854443655858 -0.399530940965348932264349791566966901 0.0533981808578084470867450578516982404
-0.399530940965348932264349791566966901 -0.399530940965348932264349791566966901 0.0631394287631224526877951630480032365
-0.136552932854927554864061855739693897 -0.399530940965348932264349791566966901 0.068197515621259722493249297904553639
0.136552932854927554864061855739693897 -0.399530940965348932264349791566966901 0.068197515621259722493249297904553639
0.399530940965348932264349791566966901 -0.399530940965348932264349791566966901 0.0631394287631224526877951630480032365
0.632876153031860677662404854443655858 -0.399530940965348932264349791566966901 0.0533981808578084470867450578516982404
0.819279321644006678348641581716902661 -0.399530940965348932264349791566966901 0.0396951894309033196055530145786420019
0.944899272222882223407580138303218714 -0.399530940965348932264349791566966901 0.023038082417028531142731508883674881
1.0 -0.399530940965348932264349791566966901 0.0038072061090788072771703698810241846
-1.0 -0.136552932854927554864061855739693897 0.00411220061985903298485285361363034607
-0.944899272222882223407580138303218714 -0.136552932854927554864061855739693897 0.0248836585363094145094269638902221678
-0.819279321644006678348641581716902661 -0.136552932854927554864061855739693897 0.0428751630214941669753132307763341918
-0.632876153031860677662404854443655858 -0.136552932854927554864061855739693897 0.0576758983179808102363869923525500916
-0.399530940965348932264349791566966901 -0.136552932854927554864061855739693897 0.068197515621259722493249297904553639
-0.136552932854927554864061855739693897 -0.136552932854927554864061855739693897 0.0736608047937930298010589999623124041
0.136552932854927554864061855739693897 -0.136552932854927554864061855739693897 0.0736608047937930298010589999623124041
0.399530940965348932264349791566966901 -0.136552932854927554864061855739693897 0.068197515621259722493249297904553639
0.632876153031860677662404854443655858 -0.136552932854927554864061855739693897 0.0576758983179808102363869923525500916
0.819279321644006678348641581716902661 -0.136552932854927554864061855739693897 0.0428751630214941669753132307763341918
0.944899272222882223407580138303218714 -0.136552932854927554864061855739693897 0.0248836585363094145094269638902221678
1.0 -0.136552932854927554864061855739693897 0.00411220061985903298485285361363034607
-1.0 0.136552932854927554864061855739693897 0.00411220061985903298485285361363034607
-0.944899272222882223407580138303218714 0.136552932854927554864061855739693897 0.0248836585363094145094269638902221678
-0.819279321644006678348641581716902661 0.136552932854927554864061855739693897 0.0428751630214941669753132307763341918
-0.632876153031860677662404854443655858 0.136552932854927554864061855739693897 0.0576758983179808102363869923525500916
-0.399530940965348932264349791566966901 0.136552932854927554864061855739693897 0.068197515621259722493249297904553639
-0.136552932854927554864061855739693897 0.136552932854927554864061855739693897 0.0736608047937930298010589999623124041
0.136552932854927554864061855739693897 0.136552932854927554864061855739693897 0.0736608047937930298010589999623124041
0.399530940965348932264349791566966901 0.136552932854927554864061855739693897 0.068197515621259722493249297904553639
0.632876153031860677662404854443655858 0.136552932854927554864061855739693897 0.0576758983179808102363869923525500916
0.819279321644006678348641581716902661 0.136552932854927554864061855739693897 0.0428751630214941669753132307763341918
0.944899272222882223407580138303218714 0.136552932854927554864061855739693897 0.0248836585363094145094269638902221678
1.0 0.136552932854927554864061855739693897 0.00411220061985903298485285361363034607
-1.0 0.399530940965348932264349791566966901 0.0038072061090788072771703698810241846
-0.944899272222882223407580138303218714 0.399530940965348932264349791566966901 0.023038082417028531142731508883674881
-0.819279321644006678348641581716902661 0.399530940965348932264349791566966901 0.0396951894309033196055530145786420019
-0.632876153031860677662404854443655858 0.399530940965348932264349791566966901 0.0533981808578084470867450578516982404
-0.399530940965348932264349791566966901 0.399530940965348932264349791566966901 0.0631394287631224526877951630480032365
-0.136552932854927554864061855739693897 0.399530940965348932264349791566966901 0.068197515621259722493249297904553639
0.136552932854927554864061855739693897 0.399530940965348932264349791566966901 0.068197515621259722493249297904553639
0.399530940965348932264349791566966901 0.399530940965348932264349791566966901 0.0631394287631224526877951630480032365
0.632876153031860677662404854443655858 0.399530940965348932264349791566966901 0.0533981808578084470867450578516982404
0.819279321644006678348641581716902661 0.399530940965348932264349791566966901 0.0396951894309033196055530145786420019
0.944899272222882223407580138303218714 0.399530940965348932264349791566966901 0.023038082417028531142731508883674881
1.0 0.399530940965348932264349791566966901 0.0038072061090788072771703698810241846
-1.0 0.632876153031860677662404854443655858 0.00321982451153062341451972844495251925
-0.944899272222882223407580138303218714 0.632876153031860677662404854443655858 0.0194837317286611010922683472154251689
-0.819279321644006678348641581716902661 0.632876153031860677662404854443655858 0.0335709547257474761419894232816897519
-0.632876153031860677662404854443655858 0.632876153031860677662404854443655858 0.0451598276192926873863925282205504981
-0.399530940965348932264349791566966901 0.632876153031860677662404854443655858 0.0533981808578084470867450578516982404
-0.136552932854927554864061855739693897 0.632876153031860677662404854443655858 0.0576758983179808102363869923525500916
0.136552932854927554864061855739693897 0.632876153031860677662404854443655858 0.0576758983179808102363869923525500916
0.399530940965348932264349791566966901 0.632876153031860677662404854443655858 0.0533981808578084470867450578516982404
0.632876153031860677662404854443655858 0.632876153031860677662404854443655858 0.0451598276192926873863925282205504981
0.819279321644006678348641581716902661 0.632876153031860677662404854443655858 0.0335709547257474761419894232816897519
0.944899272222882223407580138303218714 0.632876153031860677662404854443655858 0.0194837317286611010922683472154251689
1.0 0.632876153031860677662404854443655858 0.00321982451153062341451972844495251925
-1.0 0.819279321644006678348641581716902661 0.00239355614491469871461622822273242831
-0.944899272222882223407580138303218714 0.819279321644006678348641581716902661 0.0144838346431610235007756638457123016
-0.819279321644006678348641581716902661 0.819279321644006678348641581716902661 0.0249560075981494302264235019952295928
-0.632876153031860677662404854443655858 0.819279321644006678348641581716902661 0.0335709547257474761419894232816897519
-0.399530940965348932264349791566966901 0.819279321644006678348641581716902661 0.0396951894309033196055530145786420019
-0.136552932854927554864061855739693897 0.819279321644006678348641581716902661 0.0428751630214941669753132307763341918
0.136552932854927554864061855739693897 0.819279321644006678348641581716902661 0.0428751630214941669753132307763341918
0.399530940965348932264349791566966901 0.819279321644006678348641581716902661 0.0396951894309033196055530145786420019
0.632876153031860677662404854443655858 0.819279321644006678348641581716902661 0.0335709547257474761419894232816897519
0.819279321644006678348641581716902661 0.819279321644006678348641581716902661 0.0249560075981494302264235019952295928
0.944899272222882223407580138303218714 0.819279321644006678348641581716902661 0.0144838346431610235007756638457123016
1.0 0.819279321644006678348641581716902661 0.00239355614491469871461622822273242831
-1.0 0.944899272222882223407580138303218714 0.00138915935474539591921731203233453464
-0.944899272222882223407580138303218714 0.944899272222882223407580138303218714 0.00840605073329066450392279826671023248
-0.819279321644006678348641581716902661 0.944899272222882223407580138303218714 0.0144838346431610235007756638457123016
-0.632876153031860677662404854443655858 0.944899272222882223407580138303218714 0.0194837317286611010922683472154251689
-0.399530940965348932264349791566966901 0.944899272222882223407580138303218714 0.023038082417028531142731508883674881
-0.136552932854927554864061855739693897 0.944899272222882223407580138303218714 0.0248836585363094145094269638902221678
0.136552932854927554864061855739693897 0.944899272222882223407580138303218714 0.0248836585363094145094269638902221678
0.399530940965348932264349791566966901 0.944899272222882223407580138303218714 0.023038082417028531142731508883674881
0.632876153031860677662404854443655858 0.944899272222882223407580138303218714 0.0194837317286611010922683472154251689
0.819279321644006678348641581716902661 0.944899272222882223407580138303218714 0.0144838346431610235007756638457123016
0.944899272222882223407580138303218714 0.944899272222882223407580138303218714 0.00840605073329066450392279826671023248
1.0 0.944899272222882223407580138303218714 0.00138915935474539591921731203233453464
-1.0 1.0 0.000229568411386593204775022956841138659
-0.944899272222882223407580138303218714 1.0 0.00138915935474539591921731203233453464
-0.819279321644006678348641581716902661 1.0 0.00239355614491469871461622822273242831
-0.632876153031860677662404854443655858 1.0 0.00321982451153062341451972844495251925
-0.399530940965348932264349791566966901 1.0 0.0038072061090788072771703698810241846
-0.136552932854927554864061855739693897 1.0 0.00411220061985903298485285361363034607
0.136552932854927554864061855739693897 1.0 0.00411220061985903298485285361363034607
0.399530940965348932264349791566966901 1.0 0.0038072061090788072771703698810241846
0.632876153031860677662404854443655858 1.0 0.00321982451153062341451972844495251925
0.819279321644006678348641581716902661 1.0 0.00239355614491469871461622822273242831
0.944899272222882223407580138303218714 1.0 0.00138915935474539591921731203233453464
1.0 1.0 0.000229568411386593204775022956841138659
