-0.932469514203152027812301554493994609 -0.932469514203152027812301554493994609 0.0293520816889803976347570627325837077
-0.661209386466264513661399595019905347 -0.932469514203152027812301554493994609 0.0618072933723833286174317983609016249
-0.238619186083196908630501721680711935 -0.932469514203152027812301554493994609 0.0801651173178066187881072810792475609
0.238619186083196908630501721680711935 -0.932469514203152027812301554493994609 0.0801651173178066187881072810792475609
0.661209386466264513661399595019905347 -0.932469514203152027812301554493994609 0.0618072933723833286174317983609016249
0.932469514203152027812301554493994609 -0.932469514203152027812301554493994609 0.0293520816889803976347570627325837077
-0.932469514203152027812301554493994609 -0.661209386466264513661399595019905347 0.0618072933723833286174317983609016249
-0.661209386466264513661399595019905347 -0.661209386466264513661399595019905347 0.130148912588167448580163017139185895
-0.238619186083196908630501721680711935 -0.661209386466264513661399595019905347 0.168805367087587830372238698337628592
0.238619186083196908630501721680711935 -0.661209386466264513661399595019905347 0.168805367087587830372238698337628592
0.661209386466264513661399595019905347 -0.661209386466264513661399595019905347 0.130148912588167448580163017139185895
0.932469514203152027812301554493994609 -0.661209386466264513661399595019905347 0.0618072933723833286174317983609016249
-0.932469514203152027812301554493994609 -0.238619186083196908630501721680711935 0.0801651173178066187881072810792475609
-0.661209386466264513661399595019905347 -0.238619186083196908630501721680711935 0.168805367087587830372238698337628592
-0.238619186083196908630501721680711935 -0.238619186083196908630501721680711935 0.218943450167296598229524364572674842
0.238619186083196908630501721680711935 -0.238619186083196908630501721680711935 0.218943450167296598229524364572674842
0.661209386466264513661399595019905347 -0.238619186083196908630501721680711935 0.168805367087587830372238698337628592
0.932469514203152027812301554493994609 -0.238619186083196908630501721680711935 0.0801651173178066187881072810792475609
-0.932469514203152027812301554493994609 0.238619186083196908630501721680711935 0.0801651173178066187881072810792475609
-0.661209386466264513661399595019905347 0.238619186083196908630501721680711935 0.168805367087587830372238698337628592
-0.238619186083196908630501721680711935 0.238619186083196908630501721680711935 0.218943450167296598229524364572674842
0.238619186083196908630501721680711935 0.238619186083196908630501721680711935 0.218943450167296598229524364572674842
0.661209386466264513661399595019905347 0.238619186083196908630501721680711935 0.168805367087587830372238698337628592
0.932469514203152027812301554493994609 0.238619186083196908630501721680711935 0.0801651173178066187881072810792475609
-0.932469514203152027812301554493994609 0.661209386466264513661399595019905347 0.0618072933723833286174317983609016249
-0.661209386466264513661399595019905347 0.661209386466264513661399595019905347 0.130148912588167448580163017139185895
-0.238619186083196908630501721680711935 0.661209386466264513661399595019905347 0.168805367087587830372238698337628592
0.238619186083196908630501721680711935 0.661209386466264513661399595019905347 0.168805367087587830372238698337628592
0.661209386466264513661399595019905347 0.661209386466264513661399595019905347 0.130148912588167448580163017139185895
0.932469514203152027812301554493994609 0.661209386466264513661399595019905347 0.0618072933723833286174317983609016249
-0.932469514203152027812301554493994609 0.932469514203152027812301554493994609 0.0293520816889803976347570627325837077
-0.661209386466264513661399595019905347 0.932469514203152027812301554493994609 0.0618072933723833286174317983609016249
-0.238619186083196908630501721680711935 0.932469514203152027812301554493994609 0.0801651173178066187881072810792475609
0.238619186083196908630501721680711935 0.932469514203152027812301554493994609 0.0801651173178066187881072810792475609
0.661209386466264513661399595019905347 0.932469514203152027812301554493994609 0.0618072933723833286174317983609016249
0.932469514203152027812301554493994609 0.932469514203152027812301554493994609 0.0293520816889803976347570627325837077
