-1.0 -1.0 0.00444444444444444444444444444444444444
-0.76505532392946469285100297395933815 -1.0 0.0252316637531897986877741872141349768
-0.285231516480645096314150994040879072 -1.0 0.0369905584690324235344480350080872454
0.285231516480645096314150994040879072 -1.0 0.0369905584690324235344480350080872454
0.76505532392946469285100297395933815 -1.0 0.0252316637531897986877741872141349768
1.0 -1.0 0.00444444444444444444444444444444444444
-1.0 -0.76505532392946469285100297395933815 0.0252316637531897986877741872141349768
-0.76505532392946469285100297395933815 -0.76505532392946469285100297395933815 0.143243292544657181628838620997889676
-0.285231516480645096314150994040879072 -0.76505532392946469285100297395933815 0.21
0.285231516480645096314150994040879072 -0.76505532392946469285100297395933815 0.21
0.76505532392946469285100297395933815 -0.76505532392946469285100297395933815 0.143243292544657181628838620997889676
1.0 -0.76505532392946469285100297395933815 0.0252316637531897986877741872141349768
-1.0 -0.285231516480645096314150994040879072 0.0369905584690324235344480350080872454
-0.76505532392946469285100297395933815 -0.285231516480645096314150994040879072 0.21
-0.285231516480645096314150994040879072 -0.285231516480645096314150994040879072 0.307867818566453929482272490113221435
0.285231516480645096314150994040879072 -0.285231516480645096314150994040879072 0.307867818566453929482272490113221435
0.76505532392946469285100297395933815 -0.285231516480645096314150994040879072 0.21
1.0 -0.285231516480645096314150994040879072 0.0369905584690324235344480350080872454
-1.0 0.285231516480645096314150994040879072 0.0369905584690324235344480350080872454
-0.76505532392946469285100297395933815 0.285231516480645096314150994040879072 0.21
-0.285231516480645096314150994040879072 0.285231516480645096314150994040879072 0.307867818566453929482272490113221435
0.285231516480645096314150994040879072 0.285231516480645096314150994040879072 0.307867818566453929482272490113221435
0.76505532392946469285100297395933815 0.285231516480645096314150994040879072 0.21
1.0 0.285231516480645096314150994040879072 0.0369905584690324235344480350080872454
-1.0 0.76505532392946469285100297395933815 0.0252316637531897986877741872141349768
-0.76505532392946469285100297395933815 0.76505532392946469285100297395933815 0.143243292544657181628838620997889676
-0.285231516480645096314150994040879072 0.76505532392946469285100297395933815 0.21
0.285231516480645096314150994040879072 0.76505532392946469285100297395933815 0.21
0.76505532392946469285100297395933815 0.76505532392946469285100297395933815 0.143243292544657181628838620997889676
1.0 0.76505532392946469285100297395933815 0.0252316637531897986877741872141349768
-1.0 1.0 0.00444444444444444444444444444444444444
-0.76505532392946469285100297395933815 1.0 0.0252316637531897986877741872141349768
-0.285231516480645096314150994040879072 1.0 0.0369905584690324235344480350080872454
0.285231516480645096314150994040879072 1.0 0.0369905584690324235344480350080872454
0.76505532392946469285100297395933815 1.0 0.0252316637531897986877741872141349768
1.0 1.0 0.00444444444444444444444444444444444444
