-0.96028985649753623168356086856947299 -0.96028985649753623168356086856947299 0.0102472165594920232906530712612075746
-0.796666477413626739591553936475830437 -0.96028985649753623168356086856947299 0.0225113066164548308040213494193918823
-0.525532409916328985817739049189246349 -0.96028985649753623168356086856947299 0.0317560645867819271715420318030853411
-0.183434642495649804939476142360183981 -0.96028985649753623168356086856947299 0.0367139485276474778863149018262773922
0.183434642495649804939476142360183981 -0.96028985649753623168356086856947299 0.0367139485276474778863149018262773922
0.525532409916328985817739049189246349 -0.96028985649753623168356086856947299 0.0317560645867819271715420318030853411
0.796666477413626739591553936475830437 -0.96028985649753623168356086856947299 0.0225113066164548308040213494193918823
0.96028985649753623168356086856947299 -0.96028985649753623168356086856947299 0.0102472165594920232906530712612075746
-0.96028985649753623168356086856947299 -0.796666477413626739591553936475830437 0.0225113066164548308040213494193918823
-0.796666477413626739591553936475830437 -0.796666477413626739591553936475830437 0.0494533244845529233032612683505864905
-0.525532409916328985817739049189246349 -0.796666477413626739591553936475830437 0.0697624084252229971748040687222615135
-0.183434642495649804939476142360183981 -0.796666477413626739591553936475830437 0.0806539949271437192622693079340009982
0.183434642495649804939476142360183981 -0.796666477413626739591553936475830437 0.0806539949271437192622693079340009982
0.525532409916328985817739049189246349 -0.796666477413626739591553936475830437 0.0697624084252229971748040687222615135
0.796666477413626739591553936475830437 -0.796666477413626739591553936475830437 0.0494533244845529233032612683505864905
0.96028985649753623168356086856947299 -0.796666477413626739591553936475830437 0.0225113066164548308040213494193918823
-0.96028985649753623168356086856947299 -0.525532409916328985817739049189246349 0.0317560645867819271715420318030853411
-0.796666477413626739591553936475830437 -0.525532409916328985817739049189246349 0.0697624084252229971748040687222615135
-0.525532409916328985817739049189246349 -0.525532409916328985817739049189246349 0.0984118596679541769685722963136638762
-0.183434642495649804939476142360183981 -0.525532409916328985817739049189246349 0.113776313197928186023043805147590582
0.183434642495649804939476142360183981 -0.525532409916328985817739049189246349 0.113776313197928186023043805147590582
0.525532409916328985817739049189246349 -0.525532409916328985817739049189246349 0.0984118596679541769685722963136638762
0.796666477413626739591553936475830437 -0.525532409916328985817739049189246349 0.0697624084252229971748040687222615135
0.96028985649753623168356086856947299 -0.525532409916328985817739049189246349 0.0317560645867819271715420318030853411
-0.96028985649753623168356086856947299 -0.183434642495649804939476142360183981 0.0367139485276474778863149018262773922
-0.796666477413626739591553936475830437 -0.183434642495649804939476142360183981 0.0806539949271437192622693079340009982
-0.525532409916328985817739049189246349 -0.183434642495649804939476142360183981 0.113776313197928186023043805147590582
-0.183434642495649804939476142360183981 -0.183434642495649804939476142360183981 0.131539526725642599793522434369326639
0.183434642495649804939476142360183981 -0.183434642495649804939476142360183981 0.131539526725642599793522434369326639
0.525532409916328985817739049189246349 -0.183434642495649804939476142360183981 0.113776313197928186023043805147590582
0.796666477413626739591553936475830437 -0.183434642495649804939476142360183981 0.0806539949271437192622693079340009982
0.96028985649753623168356086856947299 -0.183434642495649804939476142360183981 0.0367139485276474778863149018262773922
-0.96028985649753623168356086856947299 0.183434642495649804939476142360183981 0.0367139485276474778863149018262773922
-0.796666477413626739591553936475830437 0.183434642495649804939476142360183981 0.0806539949271437192622693079340009982
-0.525532409916328985817739049189246349 0.183434642495649804939476142360183981 0.113776313197928186023043805147590582
-0.183434642495649804939476142360183981 0.183434642495649804939476142360183981 0.131539526725642599793522434369326639
0.183434642495649804939476142360183981 0.183434642495649804939476142360183981 0.131539526725642599793522434369326639
0.525532409916328985817739049189246349 0.183434642495649804939476142360183981 0.113776313197928186023043805147590582
0.796666477413626739591553936475830437 0.183434642495649804939476142360183981 0.0806539949271437192622693079340009982
0.96028985649753623168356086856947299 0.183434642495649804939476142360183981 0.0367139485276474778863149018262773922
-0.96028985649753623168356086856947299 0.525532409916328985817739049189246349 0.0317560645867819271715420318030853411
-0.796666477413626739591553936475830437 0.525532409916328985817739049189246349 0.0697624084252229971748040687222615135
-0.525532409916328985817739049189246349 0.525532409916328985817739049189246349 0.0984118596679541769685722963136638762
-0.183434642495649804939476142360183981 0.525532409916328985817739049189246349 0.113776313197928186023043805147590582
0.183434642495649804939476142360183981 0.525532409916328985817739049189246349 0.113776313197928186023043805147590582
0.525532409916328985817739049189246349 0.525532409916328985817739049189246349 0.0984118596679541769685722963136638762
0.796666477413626739591553936475830437 0.525532409916328985817739049189246349 0.0697624084252229971748040687222615135
0.96028985649753623168356086856947299 0.525532409916328985817739049189246349 0.0317560645867819271715420318030853411
-0.96028985649753623168356086856947299 0.796666477413626739591553936475830437 0.0225113066164548308040213494193918823
-0.796666477413626739591553936475830437 0.796666477413626739591553936475830437 0.0494533244845529233032612683505864905
-0.525532409916328985817739049189246349 0.796666477413626739591553936475830437 0.0697624084252229971748040687222615135
-0.183434642495649804939476142360183981 0.796666477413626739591553936475830437 0.0806539949271437192622693079340009982
0.183434642495649804939476142360183981 0.796666477413626739591553936475830437 0.0806539949271437192622693079340009982
0.525532409916328985817739049189246349 0.796666477413626739591553936475830437 0.0697624084252229971748040687222615135
0.796666477413626739591553936475830437 0.796666477413626739591553936475830437 0.0494533244845529233032612683505864905
0.96028985649753623168356086856947299 0.796666477413626739591553936475830437 0.0225113066164548308040213494193918823
-0.96028985649753623168356086856947299 0.96028985649753623168356086856947299 0.0102472165594920232906530712612075746
-0.796666477413626739591553936475830437 0.96028985649753623168356086856947299 0.0225113066164548308040213494193918823
-0.525532409916328985817739049189246349 0.96028985649753623168356086856947299 0.0317560645867819271715420318030853411
-0.183434642495649804939476142360183981 0.96028985649753623168356086856947299 0.0367139485276474778863149018262773922
0.183434642495649804939476142360183981 0.96028985649753623168356086856947299 0.0367139485276474778863149018262773922
0.525532409916328985817739049189246349 0.96028985649753623168356086856947299 0.0317560645867819271715420318030853411
0.796666477413626739591553936475830437 0.96028985649753623168356086856947299 0.0225113066164548308040213494193918823
0.96028985649753623168356086856947299 0.96028985649753623168356086856947299 0.0102472165594920232906530712612075746
