-1.0 -1.0 0.000164365548980933596318211702827087442
-0.953309846642163911896905464755449152 -1.0 0.000997457522395114458892166517091456219
-0.84634756465187231686592560709875336 -1.0 0.00173053752166164550153736875114578063
-0.686188469081757426072759039566355553 -1.0 0.00235444698978910374368582383008731696
-0.482909821091336201746937233636933621 -1.0 0.00283035632777064212930171805614610638
-0.249286930106239992568673700374226981 -1.0 0.00312840756803431226228946344051482324
0.0 -1.0 0.00322988268376213764159152104540049928
0.249286930106239992568673700374226981 -1.0 0.00312840756803431226228946344051482324
0.482909821091336201746937233636933621 -1.0 0.00283035632777064212930171805614610638
0.686188469081757426072759039566355553 -1.0 0.00235444698978910374368582383008731696
0.84634756465187231686592560709875336 -1.0 0.00173053752166164550153736875114578063
0.953309846642163911896905464755449152 -1.0 0.000997457522395114458892166517091456219
1.0 -1.0 0.000164365548980933596318211702827087442
-1.0 -0.953309846642163911896905464755449152 0.000997457522395114458892166517091456219
-0.953309846642163911896905464755449152 -0.953309846642163911896905464755449152 0.00605310246065013999584547747747012828
-0.84634756465187231686592560709875336 -0.953309846642163911896905464755449152 0.0105018215767869860030521246905824112
-0.686188469081757426072759039566355553 -0.953309846642163911896905464755449152 0.0142880358786018853076072242370469298
-0.482909821091336201746937233636933621 -0.953309846642163911896905464755449152 0.0171761067188168840414584140691986788
-0.249286930106239992568673700374226981 -0.953309846642163911896905464755449152 0.0189848400787174884703516507386284957
0.0 -0.953309846642163911896905464755449152 0.0196006450217008590327638612062309701
0.249286930106239992568673700374226981 -0.953309846642163911896905464755449152 0.0189848400787174884703516507386284957
0.482909821091336201746937233636933621 -0.953309846642163911896905464755449152 0.0171761067188168840414584140691986788
0.686188469081757426072759039566355553 -0.953309846642163911896905464755449152 0.0142880358786018853076072242370469298
0.84634756465187231686592560709875336 -0.953309846642163911896905464755449152 0.0105018215767869860030521246905824112
0.953309846642163911896905464755449152 -0.953309846642163911896905464755449152 0.00605310246065013999584547747747012828
1.0 -0.953309846642163911896905464755449152 0.000997457522395114458892166517091456219
-1.0 -0.84634756465187231686592560709875336 0.00173053752166164550153736875114578063
-0.953309846642163911896905464755449152 -0.84634756465187231686592560709875336 0.0105018215767869860030521246905824112
-0.84634756465187231686592560709875336 -0.84634756465187231686592560709875336 0.0182201205328388027753326743961863034
-0.686188469081757426072759039566355553 -0.84634756465187231686592560709875336 0.0247890076956819849907164796088389763
-0.482909821091336201746937233636933621 -0.84634756465187231686592560709875336 0.0297996621265672614078224975601033643
-0.249286930106239992568673700374226981 -0.84634756465187231686592560709875336 0.0329377215182826315660197991045859966
0.0 -0.84634756465187231686592560709875336 0.0340061114355780737508676369558561135
0.249286930106239992568673700374226981 -0.84634756465187231686592560709875336 0.0329377215182826315660197991045859966
0.482909821091336201746937233636933621 -0.84634756465187231686592560709875336 0.0297996621265672614078224975601033643
0.686188469081757426072759039566355553 -0.84634756465187231686592560709875336 0.0247890076956819849907164796088389763
0.84634756465187231686592560709875336 -0.84634756465187231686592560709875336 0.0182201205328388027753326743961863034
0.953309846642163911896905464755449152 -0.84634756465187231686592560709875336 0.0105018215767869860030521246905824112
1.0 -0.84634756465187231686592560709875336 0.00173053752166164550153736875114578063
-1.0 -0.686188469081757426072759039566355553 0.00235444698978910374368582383008731696
-0.953309846642163911896905464755449152 -0.686188469081757426072759039566355553 0.0142880358786018853076072242370469298
-0.84634756465187231686592560709875336 -0.686188469081757426072759039566355553 0.0247890076956819849907164796088389763
-0.686188469081757426072759039566355553 -0.686188469081757426072759039566355553 0.0337261710990908975767083942049606143
-0.482909821091336201746937233636933621 -0.686188469081757426072759039566355553 0.0405433132263205922471616495625451525
-0.249286930106239992568673700374226981 -0.686188469081757426072759039566355553 0.0448127349499879380014457773460816962
0.0 -0.686188469081757426072759039566355553 0.0462663107281553802803378199145000745
0.249286930106239992568673700374226981 -0.686188469081757426072759039566355553 0.0448127349499879380014457773460816962
0.482909821091336201746937233636933621 -0.686188469081757426072759039566355553 0.0405433132263205922471616495625451525
0.686188469081757426072759039566355553 -0.686188469081757426072759039566355553 0.0337261710990908975767083942049606143
0.84634756465187231686592560709875336 -0.686188469081757426072759039566355553 0.0247890076956819849907164796088389763
0.953309846642163911896905464755449152 -0.686188469081757426072759039566355553 0.0142880358786018853076072242370469298
1.0 -0.686188469081757426072759039566355553 0.00235444698978910374368582383008731696
-1.0 -0.482909821091336201746937233636933621 0.00283035632777064212930171805614610638
-0.953309846642163911896905464755449152 -0.482909821091336201746937233636933621 0.0171761067188168840414584140691986788
-0.84634756465187231686592560709875336 -0.482909821091336201746937233636933621 0.0297996621265672614078224975601033643
-0.686188469081757426072759039566355553 -0.482909821091336201746937233636933621 0.0405433132263205922471616495625451525
-0.482909821091336201746937233636933621 -0.482909821091336201746937233636933621 0.0487384186760485979207673340804963802
-0.249286930106239992568673700374226981 -0.482909821091336201746937233636933621 0.0538708276212955324373837609132268525
0.0 -0.482909821091336201746937233636933621 0.0556182177385811518032772682753595255
0.249286930106239992568673700374226981 -0.482909821091336201746937233636933621 0.0538708276212955324373837609132268525
0.482909821091336201746937233636933621 -0.482909821091336201746937233636933621 0.0487384186760485979207673340804963802
0.686188469081757426072759039566355553 -0.482909821091336201746937233636933621 0.0405433132263205922471616495625451525
0.84634756465187231686592560709875336 -0.482909821091336201746937233636933621 0.0297996621265672614078224975601033643
0.953309846642163911896905464755449152 -0.482909821091336201746937233636933621 0.0171761067188168840414584140691986788
1.0 -0.482909821091336201746937233636933621 0.00283035632777064212930171805614610638
-1.0 -0.249286930106239992568673700374226981 0.00312840756803431226228946344051482324
-0.953309846642163911896905464755449152 -0.249286930106239992568673700374226981 0.0189848400787174884703516507386284957
-0.84634756465187231686592560709875336 -0.249286930106239992568673700374226981 0.0329377215182826315660197991045859966
-0.686188469081757426072759039566355553 -0.249286930106239992568673700374226981 0.0448127349499879380014457773460816962
-0.482909821091336201746937233636933621 -0.249286930106239992568673700374226981 0.0538708276212955324373837609132268525
-0.249286930106239992568673700374226981 -0.249286930106239992568673700374226981 0.0595437059189918468851734859083903326
0.0 -0.249286930106239992568673700374226981 0.0614751053027332136718284218174560314
0.249286930106239992568673700374226981 -0.249286930106239992568673700374226981 0.0595437059189918468851734859083903326
0.482909821091336201746937233636933621 -0.249286930106239992568673700374226981 0.0538708276212955324373837609132268525
0.686188469081757426072759039566355553 -0.249286930106239992568673700374226981 0.0448127349499879380014457773460816962
0.84634756465187231686592560709875336 -0.249286930106239992568673700374226981 0.0329377215182826315660197991045859966
0.953309846642163911896905464755449152 -0.249286930106239992568673700374226981 0.0189848400787174884703516507386284957
1.0 -0.249286930106239992568673700374226981 0.00312840756803431226228946344051482324
-1.0 0.0 0.00322988268376213764159152104540049928
-0.953309846642163911896905464755449152 0.0 0.0196006450217008590327638612062309701
-0.84634756465187231686592560709875336 0.0 0.0340061114355780737508676369558561135
-0.686188469081757426072759039566355553 0.0 0.0462663107281553802803378199145000745
-0.482909821091336201746937233636933621 0.0 0.0556182177385811518032772682753595255
-0.249286930106239992568673700374226981 0.0 0.0614751053027332136718284218174560314
0.0 0.0 0.0634691528458718397269442246528714592
0.249286930106239992568673700374226981 0.0 0.0614751053027332136718284218174560314
0.482909821091336201746937233636933621 0.0 0.0556182177385811518032772682753595255
0.686188469081757426072759039566355553 0.0 0.0462663107281553802803378199145000745
0.84634756465187231686592560709875336 0.0 0.0340061114355780737508676369558561135
0.953309846642163911896905464755449152 0.0 0.0196006450217008590327638612062309701
1.0 0.0 0.00322988268376213764159152104540049928
-1.0 0.249286930106239992568673700374226981 0.00312840756803431226228946344051482324
-0.953309846642163911896905464755449152 0.249286930106239992568673700374226981 0.0189848400787174884703516507386284957
-0.84634756465187231686592560709875336 0.249286930106239992568673700374226981 0.0329377215182826315660197991045859966
-0.686188469081757426072759039566355553 0.249286930106239992568673700374226981 0.0448127349499879380014457773460816962
-0.482909821091336201746937233636933621 0.249286930106239992568673700374226981 0.0538708276212955324373837609132268525
-0.249286930106239992568673700374226981 0.249286930106239992568673700374226981 0.0595437059189918468851734859083903326
0.0 0.249286930106239992568673700374226981 0.0614751053027332136718284218174560314
0.249286930106239992568673700374226981 0.249286930106239992568673700374226981 0.0595437059189918468851734859083903326
0.482909821091336201746937233636933621 0.249286930106239992568673700374226981 0.0538708276212955324373837609132268525
0.686188469081757426072759039566355553 0.249286930106239992568673700374226981 0.0448127349499879380014457773460816962
0.84634756465187231686592560709875336 0.249286930106239992568673700374226981 0.0329377215182826315660197991045859966
0.953309846642163911896905464755449152 0.249286930106239992568673700374226981 0.0189848400787174884703516507386284957
1.0 0.249286930106239992568673700374226981 0.00312840756803431226228946344051482324
-1.0 0.482909821091336201746937233636933621 0.00283035632777064212930171805614610638
-0.953309846642163911896905464755449152 0.482909821091336201746937233636933621 0.0171761067188168840414584140691986788
-0.84634756465187231686592560709875336 0.482909821091336201746937233636933621 0.0297996621265672614078224975601033643
-0.686188469081757426072759039566355553 0.482909821091336201746937233636933621 0.0405433132263205922471616495625451525
-0.482909821091336201746937233636933621 0.482909821091336201746937233636933621 0.0487384186760485979207673340804963802
-0.249286930106239992568673700374226981 0.482909821091336201746937233636933621 0.0538708276212955324373837609132268525
0.0 0.482909821091336201746937233636933621 0.0556182177385811518032772682753595255
0.249286930106239992568673700374226981 0.482909821091336201746937233636933621 0.0538708276212955324373837609132268525
0.482909821091336201746937233636933621 0.482909821091336201746937233636933621 0.0487384186760485979207673340804963802
0.686188469081757426072759039566355553 0.482909821091336201746937233636933621 0.0405433132263205922471616495625451525
0.84634756465187231686592560709875336 0.482909821091336201746937233636933621 0.0297996621265672614078224975601033643
0.953309846642163911896905464755449152 0.482909821091336201746937233636933621 0.0171761067188168840414584140691986788
1.0 0.482909821091336201746937233636933621 0.00283035632777064212930171805614610638
-1.0 0.686188469081757426072759039566355553 0.00235444698978910374368582383008731696
-0.953309846642163911896905464755449152 0.686188469081757426072759039566355553 0.0142880358786018853076072242370469298
-0.84634756465187231686592560709875336 0.686188469081757426072759039566355553 0.0247890076956819849907164796088389763
-0.686188469081757426072759039566355553 0.686188469081757426072759039566355553 0.0337261710990908975767083942049606143
-0.482909821091336201746937233636933621 0.686188469081757426072759039566355553 0.0405433132263205922471616495625451525
-0.249286930106239992568673700374226981 0.686188469081757426072759039566355553 0.0448127349499879380014457773460816962
0.0 0.686188469081757426072759039566355553 0.0462663107281553802803378199145000745
0.249286930106239992568673700374226981 0.686188469081757426072759039566355553 0.0448127349499879380014457773460816962
0.482909821091336201746937233636933621 0.686188469081757426072759039566355553 0.0405433132263205922471616495625451525
0.686188469081757426072759039566355553 0.686188469081757426072759039566355553 0.0337261710990908975767083942049606143
0.84634756465187231686592560709875336 0.686188469081757426072759039566355553 0.0247890076956819849907164796088389763
0.953309846642163911896905464755449152 0.686188469081757426072759039566355553 0.0142880358786018853076072242370469298
1.0 0.686188469081757426072759039566355553 0.00235444698978910374368582383008731696
-1.0 0.84634756465187231686592560709875336 0.00173053752166164550153736875114578063
-0.953309846642163911896905464755449152 0.84634756465187231686592560709875336 0.0105018215767869860030521246905824112
-0.84634756465187231686592560709875336 0.84634756465187231686592560709875336 0.0182201205328388027753326743961863034
-0.686188469081757426072759039566355553 0.84634756465187231686592560709875336 0.0247890076956819849907164796088389763
-0.482909821091336201746937233636933621 0.84634756465187231686592560709875336 0.0297996621265672614078224975601033643
-0.249286930106239992568673700374226981 0.84634756465187231686592560709875336 0.0329377215182826315660197991045859966
0.0 0.84634756465187231686592560709875336 0.0340061114355780737508676369558561135
0.249286930106239992568673700374226981 0.84634756465187231686592560709875336 0.0329377215182826315660197991045859966
0.482909821091336201746937233636933621 0.84634756465187231686592560709875336 0.0297996621265672614078224975601033643
0.686188469081757426072759039566355553 0.84634756465187231686592560709875336 0.0247890076956819849907164796088389763
0.84634756465187231686592560709875336 0.84634756465187231686592560709875336 0.0182201205328388027753326743961863034
0.953309846642163911896905464755449152 0.84634756465187231686592560709875336 0.0105018215767869860030521246905824112
1.0 0.84634756465187231686592560709875336 0.00173053752166164550153736875114578063
-1.0 0.953309846642163911896905464755449152 0.000997457522395114458892166517091456219
-0.953309846642163911896905464755449152 0.953309846642163911896905464755449152 0.00605310246065013999584547747747012828
-0.84634756465187231686592560709875336 0.953309846642163911896905464755449152 0.0105018215767869860030521246905824112
-0.686188469081757426072759039566355553 0.953309846642163911896905464755449152 0.0142880358786018853076072242370469298
-0.482909821091336201746937233636933621 0.953309846642163911896905464755449152 0.0171761067188168840414584140691986788
-0.249286930106239992568673700374226981 0.953309846642163911896905464755449152 0.0189848400787174884703516507386284957
0.0 0.953309846642163911896905464755449152 0.0196006450217008590327638612062309701
0.249286930106239992568673700374226981 0.953309846642163911896905464755449152 0.0189848400787174884703516507386284957
0.482909821091336201746937233636933621 0.953309846642163911896905464755449152 0.0171761067188168840414584140691986788
0.686188469081757426072759039566355553 0.953309846642163911896905464755449152 0.0142880358786018853076072242370469298
0.84634756465187231686592560709875336 0.953309846642163911896905464755449152 0.0105018215767869860030521246905824112
0.953309846642163911896905464755449152 0.953309846642163911896905464755449152 0.00605310246065013999584547747747012828
1.0 0.953309846642163911896905464755449152 0.000997457522395114458892166517091456219
-1.0 1.0 0.000164365548980933596318211702827087442
-0.953309846642163911896905464755449152 1.0 0.000997457522395114458892166517091456219
-0.84634756465187231686592560709875336 1.0 0.00173053752166164550153736875114578063
-0.686188469081757426072759039566355553 1.0 0.00235444698978910374368582383008731696
-0.482909821091336201746937233636933621 1.0 0.00283035632777064212930171805614610638
-0.249286930106239992568673700374226981 1.0 0.00312840756803431226228946344051482324
0.0 1.0 0.00322988268376213764159152104540049928
0.249286930106239992568673700374226981 1.0 0.00312840756803431226228946344051482324
0.482909821091336201746937233636933621 1.0 0.00283035632777064212930171805614610638
0.686188469081757426072759039566355553 1.0 0.00235444698978910374368582383008731696
0.84634756465187231686592560709875336 1.0 0.00173053752166164550153736875114578063
0.953309846642163911896905464755449152 1.0 0.000997457522395114458892166517091456219
1.0 1.0 0.000164365548980933596318211702827087442
