-1.0 1.0
1.0 -1.0
-1.0 -1.0
-0.566293655878678 0.132587311757356
0.132587311757356 -0.566293655878678
-0.566293655878678 -0.566293655878678
-0.222195622530102 -0.555608754939795
-0.555608754939795 -0.222195622530102
-0.222195622530102 -0.222195622530102
0.0 -1.0
-1.0 0.0
0.0 0.0
0.89975799541146 -0.89975799541146
-1.0 -0.89975799541146
-0.89975799541146 -1.0
0.89975799541146 -1.0
-1.0 0.89975799541146
-0.89975799541146 0.89975799541146
-0.861709494494173 0.723418988988347
0.723418988988347 -0.861709494494173
-0.861709494494173 -0.861709494494173
0.677186279510738 -0.677186279510738
-1.0 -0.677186279510738
-0.677186279510738 -1.0
0.677186279510738 -1.0
-1.0 0.677186279510738
-0.677186279510738 0.677186279510738
0.446014634733999 -0.602621886086653
-0.843392748647346 -0.602621886086653
-0.602621886086653 -0.843392748647346
0.446014634733999 -0.843392748647346
-0.843392748647346 0.446014634733999
-0.602621886086653 0.446014634733999
0.363117463826178 -0.363117463826178
-1.0 -0.363117463826178
-0.363117463826178 -1.0
0.363117463826178 -1.0
-1.0 0.363117463826178
-0.363117463826178 0.363117463826178
0.10143688572376 -0.265044207129911
-0.836392678593849 -0.265044207129911
-0.265044207129911 -0.836392678593849
0.10143688572376 -0.836392678593849
-0.836392678593849 0.10143688572376
-0.265044207129911 0.10143688572376
