-1.0 1.0
1.0 -1.0
-1.0 -1.0
-0.825283816702066 0.650567633404132
0.650567633404132 -0.825283816702066
-0.825283816702066 -0.825283816702066
-0.0989582963347835 -0.802083407330433
-0.802083407330433 -0.0989582963347835
-0.0989582963347835 -0.0989582963347835
-0.466671445131973 -0.0666571097360546
-0.0666571097360546 -0.466671445131973
-0.466671445131973 -0.466671445131973
0.871740148509607 -0.871740148509607
-1.0 -0.871740148509607
-0.871740148509607 -1.0
0.871740148509607 -1.0
-1.0 0.871740148509607
-0.871740148509607 0.871740148509607
0.591700181433142 -0.591700181433142
-1.0 -0.591700181433142
-0.591700181433142 -1.0
0.591700181433142 -1.0
-1.0 0.591700181433142
-0.591700181433142 0.591700181433142
0.30891067581573 -0.502211370361115
-0.806699305454614 -0.502211370361115
-0.502211370361115 -0.806699305454614
0.30891067581573 -0.806699305454614
-0.806699305454614 0.30891067581573
-0.502211370361115 0.30891067581573
0.209299217902479 -0.209299217902479
-1.0 -0.209299217902479
-0.209299217902479 -1.0
0.209299217902479 -1.0
-1.0 0.209299217902479
-0.209299217902479 0.209299217902479
