-1.0 1.0
1.0 -1.0
-1.0 -1.0
-0.68854346464994 0.377086929299879
0.377086929299879 -0.68854346464994
-0.68854346464994 -0.68854346464994
-0.165752193680209 -0.668495612639582
-0.668495612639582 -0.165752193680209
-0.165752193680209 -0.165752193680209
0.765055323929465 -0.765055323929465
-1.0 -0.765055323929465
-0.765055323929465 -1.0
0.765055323929465 -1.0
-1.0 0.765055323929465
-0.765055323929465 0.765055323929465
0.285231516480645 -0.285231516480645
-1.0 -0.285231516480645
-0.285231516480645 -1.0
0.285231516480645 -1.0
-1.0 0.285231516480645
-0.285231516480645 0.285231516480645
