-0.333333333333333 -0.333333333333333
-1.0 1.0
1.0 -1.0
-1.0 -1.0
-0.773622922202284 0.547245844404568
0.547245844404568 -0.773622922202284
-0.773622922202284 -0.773622922202284
0.0 -1.0
-1.0 0.0
0.0 0.0
0.830223896278567 -0.830223896278567
-1.0 -0.830223896278567
-0.830223896278567 -1.0
0.830223896278567 -1.0
-1.0 0.830223896278567
-0.830223896278567 0.830223896278567
0.468848793470714 -0.468848793470714
-1.0 -0.468848793470714
-0.468848793470714 -1.0
0.468848793470714 -1.0
-1.0 0.468848793470714
-0.468848793470714 0.468848793470714
0.119298207804603 -0.360567121835569
-0.758731085969035 -0.360567121835569
-0.360567121835569 -0.758731085969035
0.119298207804603 -0.758731085969035
-0.758731085969035 0.119298207804603
-0.360567121835569 0.119298207804603
