-0.895845867331362 0.791691734662724 0.026451952141012
0.791691734662724 -0.895845867331362 0.026451952141012
-0.895845867331362 -0.895845867331362 0.026451952141012
-0.772586942778008 0.545173885556016 0.034751629277362
0.545173885556016 -0.772586942778008 0.034751629277362
-0.772586942778008 -0.772586942778008 0.034751629277362
-0.565662308452164 0.131324616904328 0.094546156567652
0.131324616904328 -0.565662308452164 0.094546156567652
-0.565662308452164 -0.565662308452164 0.094546156567652
-0.227854451277354 -0.544291097445292 0.106004440942036
-0.544291097445292 -0.227854451277354 0.106004440942036
-0.227854451277354 -0.227854451277354 0.106004440942036
-0.02014813417346 -0.95970373165308 0.037885163927818
-0.95970373165308 -0.02014813417346 0.037885163927818
-0.02014813417346 -0.02014813417346 0.037885163927818
0.669376181231556 -0.703503756777164 0.023875566186922
-0.965872424454392 -0.703503756777164 0.023875566186922
-0.703503756777164 -0.965872424454392 0.023875566186922
0.669376181231556 -0.965872424454392 0.023875566186922
-0.965872424454392 0.669376181231556 0.023875566186922
-0.703503756777164 0.669376181231556 0.023875566186922
0.414495985308496 -0.57957674232286 0.04939584308527
-0.834919242985636 -0.57957674232286 0.04939584308527
-0.57957674232286 -0.834919242985636 0.04939584308527
0.414495985308496 -0.834919242985636 0.04939584308527
-0.834919242985636 0.414495985308496 0.04939584308527
-0.57957674232286 0.414495985308496 0.04939584308527
0.925803833285858 -0.92588151521622 0.004385767267822
-0.999922318069638 -0.92588151521622 0.004385767267822
-0.92588151521622 -0.999922318069638 0.004385767267822
0.925803833285858 -0.999922318069638 0.004385767267822
-0.999922318069638 0.925803833285858 0.004385767267822
-0.92588151521622 0.925803833285858 0.004385767267822
0.348012222825796 -0.38207975901364 0.030875038299906
-0.965932463812156 -0.38207975901364 0.030875038299906
-0.38207975901364 -0.965932463812156 0.030875038299906
0.348012222825796 -0.965932463812156 0.030875038299906
-0.965932463812156 0.348012222825796 0.030875038299906
-0.38207975901364 0.348012222825796 0.030875038299906
0.08389791764566 -0.279351646321358 0.074981447065474
-0.804546271324302 -0.279351646321358 0.074981447065474
-0.279351646321358 -0.804546271324302 0.074981447065474
0.08389791764566 -0.804546271324302 0.074981447065474
-0.804546271324302 0.08389791764566 0.074981447065474
-0.279351646321358 0.08389791764566 0.074981447065474
