-0.333333333333333 -0.333333333333333 0.40308597716946
-0.888871894660414 0.777743789320828 0.083911025993298
0.777743789320828 -0.888871894660414 0.083911025993298
-0.888871894660414 -0.888871894660414 0.083911025993298
0.268421495491446 -0.408932576528214 0.224196824141774
-0.859488918963232 -0.408932576528214 0.224196824141774
-0.408932576528214 -0.859488918963232 0.224196824141774
0.268421495491446 -0.859488918963232 0.224196824141774
-0.859488918963232 0.268421495491446 0.224196824141774
-0.408932576528214 0.268421495491446 0.224196824141774
