-0.95765715444107 0.91531430888214 0.01127824757382
0.91531430888214 -0.95765715444107 0.01127824757382
-0.95765715444107 -0.95765715444107 0.01127824757382
-0.798831205208224 0.597662410416448 0.054297936384556
0.597662410416448 -0.798831205208224 0.054297936384556
-0.798831205208224 -0.798831205208224 0.054297936384556
-0.457923384576136 -0.084153230847728 0.126201825066718
-0.084153230847728 -0.457923384576136 0.126201825066718
-0.457923384576136 -0.457923384576136 0.126201825066718
-0.119617483192336 -0.760765033615328 0.103505591359798
-0.760765033615328 -0.119617483192336 0.103505591359798
-0.119617483192336 -0.119617483192336 0.103505591359798
0.759959282854462 -0.963486641850504 0.019733507149292
-0.796472641003958 -0.963486641850504 0.019733507149292
-0.963486641850504 -0.796472641003958 0.019733507149292
0.759959282854462 -0.796472641003958 0.019733507149292
-0.796472641003958 0.759959282854462 0.019733507149292
-0.963486641850504 0.759959282854462 0.019733507149292
0.165124045727344 -0.211933456660026 0.044016409600294
-0.953190589067318 -0.211933456660026 0.044016409600294
-0.211933456660026 -0.953190589067318 0.044016409600294
0.165124045727344 -0.953190589067318 0.044016409600294
-0.953190589067318 0.165124045727344 0.044016409600294
-0.211933456660026 0.165124045727344 0.044016409600294
0.503061229085564 -0.547508938181542 0.033289140153472
-0.955552290904022 -0.547508938181542 0.033289140153472
-0.547508938181542 -0.955552290904022 0.033289140153472
0.503061229085564 -0.955552290904022 0.033289140153472
-0.955552290904022 0.503061229085564 0.033289140153472
-0.547508938181542 0.503061229085564 0.033289140153472
0.27147436652621 -0.501841544757336 0.088652476237828
-0.769632821768874 -0.501841544757336 0.088652476237828
-0.501841544757336 -0.769632821768874 0.088652476237828
0.27147436652621 -0.769632821768874 0.088652476237828
-0.769632821768874 0.27147436652621 0.088652476237828
-0.501841544757336 0.27147436652621 0.088652476237828
