-0.928258244608532 0.856516489217064 0.035830910024606
0.856516489217064 -0.928258244608532 0.035830910024606
-0.928258244608532 -0.928258244608532 0.035830910024606
-0.516541208464066 0.033082416928132 0.25542439176253
0.033082416928132 -0.516541208464066 0.25542439176253
-0.516541208464066 -0.516541208464066 0.25542439176253
-0.051382424445842 -0.897235151108316 0.15241212477107
-0.897235151108316 -0.051382424445842 0.15241212477107
-0.051382424445842 -0.051382424445842 0.15241212477107
0.502367262212968 -0.5969922362364 0.11149962005423
-0.905375025976568 -0.5969922362364 0.11149962005423
-0.5969922362364 -0.905375025976568 0.11149962005423
0.502367262212968 -0.905375025976568 0.11149962005423
-0.905375025976568 0.502367262212968 0.11149962005423
-0.5969922362364 0.502367262212968 0.11149962005423
