-0.943774095634672 0.887548191269344 0.020718749393076
0.887548191269344 -0.943774095634672 0.020718749393076
-0.943774095634672 -0.943774095634672 0.020718749393076
-0.645721803061366 0.291443606122732 0.150789768653476
0.291443606122732 -0.645721803061366 0.150789768653476
-0.645721803061366 -0.645721803061366 0.150789768653476
-0.188982808265134 -0.622034383469732 0.195095604746484
-0.622034383469732 -0.188982808265134 0.195095604746484
-0.188982808265134 -0.188982808265134 0.195095604746484
0.635801960056998 -0.702868375458226 0.057938538744946
-0.932933584598772 -0.702868375458226 0.057938538744946
-0.702868375458226 -0.932933584598772 0.057938538744946
0.635801960056998 -0.932933584598772 0.057938538744946
-0.932933584598772 0.635801960056998 0.057938538744946
-0.702868375458226 0.635801960056998 0.057938538744946
0.209957823550266 -0.285607402768638 0.09209273319187
-0.924350420781628 -0.285607402768638 0.09209273319187
-0.285607402768638 -0.924350420781628 0.09209273319187
0.209957823550266 -0.924350420781628 0.09209273319187
-0.924350420781628 0.209957823550266 0.09209273319187
-0.285607402768638 0.209957823550266 0.09209273319187
