-0.333333333333333 -0.333333333333333 0.167216424431274
-0.960045625755614 0.920091251511228 0.01054434056099
0.920091251511228 -0.960045625755614 0.01054434056099
-0.960045625755614 -0.960045625755614 0.01054434056099
-0.736556464940004 0.473112929880008 0.089105873359008
0.473112929880008 -0.736556464940004 0.089105873359008
-0.736556464940004 -0.736556464940004 0.089105873359008
-0.029729306413078 -0.940541387173844 0.067631425608396
-0.940541387173844 -0.029729306413078 0.067631425608396
-0.029729306413078 -0.029729306413078 0.067631425608396
0.7358224202359 -0.784096036307978 0.031420922680366
-0.951726383927922 -0.784096036307978 0.031420922680366
-0.784096036307978 -0.951726383927922 0.031420922680366
0.7358224202359 -0.951726383927922 0.031420922680366
-0.951726383927922 0.7358224202359 0.031420922680366
-0.784096036307978 0.7358224202359 0.031420922680366
0.401745140761446 -0.458318454156866 0.056410272561232
-0.94342668660458 -0.458318454156866 0.056410272561232
-0.458318454156866 -0.94342668660458 0.056410272561232
0.401745140761446 -0.94342668660458 0.056410272561232
-0.94342668660458 0.401745140761446 0.056410272561232
-0.458318454156866 0.401745140761446 0.056410272561232
0.073309368412276 -0.366900802310766 0.13399191425566
-0.70640856610151 -0.366900802310766 0.13399191425566
-0.366900802310766 -0.70640856610151 0.13399191425566
0.073309368412276 -0.70640856610151 0.13399191425566
-0.70640856610151 0.073309368412276 0.13399191425566
-0.366900802310766 0.073309368412276 0.13399191425566
