 -0.33333333333333333333333333333333333333   -0.33333333333333333333333333333333333333   0.068938795408024669812026416913714150021
 -0.89495221929758206597048698795512662293    0.78990443859516413194097397591025324585   0.014218513195596261075438194944381222518
  0.78990443859516413194097397591025324585   -0.89495221929758206597048698795512662293   0.014218513195596261075438194944381222518
 -0.89495221929758206597048698795512662293   -0.89495221929758206597048698795512662293   0.014218513195596261075438194944381222518
-0.014974649917326261006204672820750524368   -0.97005070016534747798759065435849895126   0.020643510285888563379375271511299695768
 -0.97005070016534747798759065435849895126  -0.014974649917326261006204672820750524368   0.020643510285888563379375271511299695768
-0.014974649917326261006204672820750524368  -0.014974649917326261006204672820750524368   0.020643510285888563379375271511299695768
 -0.77710225335395724709458940859057135024    0.55420450670791449418917881718114270048   0.030468702186036599162431617970615364518
  0.55420450670791449418917881718114270048   -0.77710225335395724709458940859057135024   0.030468702186036599162431617970615364518
 -0.77710225335395724709458940859057135024   -0.77710225335395724709458940859057135024   0.030468702186036599162431617970615364518
 -0.08161159792091268505961214209837404408   -0.83677680415817462988077571580325191184   0.045967180053483212460620337545594040128
 -0.83677680415817462988077571580325191184   -0.08161159792091268505961214209837404408   0.045967180053483212460620337545594040128
 -0.08161159792091268505961214209837404408   -0.08161159792091268505961214209837404408   0.045967180053483212460620337545594040128
 -0.19206055489619760678392498292764093084   -0.61587889020760478643215003414471813831   0.063075069786309950153050389763287229858
 -0.61587889020760478643215003414471813831   -0.19206055489619760678392498292764093084   0.063075069786309950153050389763287229858
 -0.19206055489619760678392498292764093084   -0.19206055489619760678392498292764093084   0.063075069786309950153050389763287229858
 -0.64365979043647137831445631799854042799    0.28731958087294275662891263599708085598    0.04930382969638170658102716032808733157
  0.28731958087294275662891263599708085598   -0.64365979043647137831445631799854042799    0.04930382969638170658102716032808733157
 -0.64365979043647137831445631799854042799   -0.64365979043647137831445631799854042799    0.04930382969638170658102716032808733157
 -0.97672107763242110615802660011074523649    0.95344215526484221231605320022149047297  0.0035306455528856953194485177898948363749
  0.95344215526484221231605320022149047297   -0.97672107763242110615802660011074523649  0.0035306455528856953194485177898948363749
 -0.97672107763242110615802660011074523649   -0.97672107763242110615802660011074523649  0.0035306455528856953194485177898948363749
 -0.48967673417278460498250110195791340279  -0.020646531654430790034997796084173194424   0.063506038732006153941897444999340725061
-0.020646531654430790034997796084173194424   -0.48967673417278460498250110195791340279   0.063506038732006153941897444999340725061
 -0.48967673417278460498250110195791340279   -0.48967673417278460498250110195791340279   0.063506038732006153941897444999340725061
 -0.73860464746393519086078211530574473521     0.6603129288005507482114383730999627094   0.019390968973710091597859466457133882581
   0.6603129288005507482114383730999627094   -0.73860464746393519086078211530574473521   0.019390968973710091597859466457133882581
 -0.92170828133661555735065625779421797419     0.6603129288005507482114383730999627094   0.019390968973710091597859466457133882581
   0.6603129288005507482114383730999627094   -0.92170828133661555735065625779421797419   0.019390968973710091597859466457133882581
 -0.92170828133661555735065625779421797419   -0.73860464746393519086078211530574473521   0.019390968973710091597859466457133882581
 -0.73860464746393519086078211530574473521   -0.92170828133661555735065625779421797419   0.019390968973710091597859466457133882581
 -0.37736474038091749444973870042603089225    0.11873961144060182831770759671302796842   0.052692643954781466370362997690064596362
  0.11873961144060182831770759671302796842   -0.37736474038091749444973870042603089225   0.052692643954781466370362997690064596362
 -0.74137487105968433386796889628699707617    0.11873961144060182831770759671302796842   0.052692643954781466370362997690064596362
  0.11873961144060182831770759671302796842   -0.74137487105968433386796889628699707617   0.052692643954781466370362997690064596362
 -0.74137487105968433386796889628699707617   -0.37736474038091749444973870042603089225   0.052692643954781466370362997690064596362
 -0.37736474038091749444973870042603089225   -0.74137487105968433386796889628699707617   0.052692643954781466370362997690064596362
 -0.99586214820679038477978859628118904207    0.26662658625756826609373531798200113825   0.006564153103671638511890683462332859992
  0.26662658625756826609373531798200113825   -0.99586214820679038477978859628118904207   0.006564153103671638511890683462332859992
 -0.27076443805077788131394672170081209618    0.26662658625756826609373531798200113825   0.006564153103671638511890683462332859992
  0.26662658625756826609373531798200113825   -0.27076443805077788131394672170081209618   0.006564153103671638511890683462332859992
 -0.27076443805077788131394672170081209618   -0.99586214820679038477978859628118904207   0.006564153103671638511890683462332859992
 -0.99586214820679038477978859628118904207   -0.27076443805077788131394672170081209618   0.006564153103671638511890683462332859992
 -0.85087941079674664292586974917469643186    0.40800963993208421976175838156331845374   0.036215889862424900129305127397133399259
  0.40800963993208421976175838156331845374   -0.85087941079674664292586974917469643186   0.036215889862424900129305127397133399259
 -0.55713022913533757683588863238862202188    0.40800963993208421976175838156331845374   0.036215889862424900129305127397133399259
  0.40800963993208421976175838156331845374   -0.55713022913533757683588863238862202188   0.036215889862424900129305127397133399259
 -0.55713022913533757683588863238862202188   -0.85087941079674664292586974917469643186   0.036215889862424900129305127397133399259
 -0.85087941079674664292586974917469643186   -0.55713022913533757683588863238862202188   0.036215889862424900129305127397133399259
 -0.98998542348529101773301781123483422136    0.70513390875377839935650663034800986154  0.0058526302069404008122936576981139743993
  0.70513390875377839935650663034800986154   -0.98998542348529101773301781123483422136  0.0058526302069404008122936576981139743993
 -0.71514848526848738162348881911317564017    0.70513390875377839935650663034800986154  0.0058526302069404008122936576981139743993
  0.70513390875377839935650663034800986154   -0.71514848526848738162348881911317564017  0.0058526302069404008122936576981139743993
 -0.71514848526848738162348881911317564017   -0.98998542348529101773301781123483422136  0.0058526302069404008122936576981139743993
 -0.98998542348529101773301781123483422136   -0.71514848526848738162348881911317564017  0.0058526302069404008122936576981139743993
 -0.91822397760796624772174420894241076741    0.21016795813741592822569883837786491478   0.032204325528048216419984026965287582219
  0.21016795813741592822569883837786491478   -0.91822397760796624772174420894241076741   0.032204325528048216419984026965287582219
 -0.29194398052944968050395462943545414738    0.21016795813741592822569883837786491478   0.032204325528048216419984026965287582219
  0.21016795813741592822569883837786491478   -0.29194398052944968050395462943545414738   0.032204325528048216419984026965287582219
 -0.29194398052944968050395462943545414738   -0.91822397760796624772174420894241076741   0.032204325528048216419984026965287582219
 -0.91822397760796624772174420894241076741   -0.29194398052944968050395462943545414738   0.032204325528048216419984026965287582219
 -0.51621084207884086284394200561371723534    0.48636273791487271949314123346299601262   0.016911774999072993635042140907181887112
  0.48636273791487271949314123346299601262   -0.51621084207884086284394200561371723534   0.016911774999072993635042140907181887112
 -0.97015189583603185664919922784927877729    0.48636273791487271949314123346299601262   0.016911774999072993635042140907181887112
  0.48636273791487271949314123346299601262   -0.97015189583603185664919922784927877729   0.016911774999072993635042140907181887112
 -0.97015189583603185664919922784927877729   -0.51621084207884086284394200561371723534   0.016911774999072993635042140907181887112
 -0.51621084207884086284394200561371723534   -0.97015189583603185664919922784927877729   0.016911774999072993635042140907181887112
 -0.87982744935538660401520750808428413826    0.86027539775361029331257605015603810029  0.0066544027257187765179463625108825701742
  0.86027539775361029331257605015603810029   -0.87982744935538660401520750808428413826  0.0066544027257187765179463625108825701742
 -0.98044794839822368929736854207175396203    0.86027539775361029331257605015603810029  0.0066544027257187765179463625108825701742
  0.86027539775361029331257605015603810029   -0.98044794839822368929736854207175396203  0.0066544027257187765179463625108825701742
 -0.98044794839822368929736854207175396203   -0.87982744935538660401520750808428413826  0.0066544027257187765179463625108825701742
 -0.87982744935538660401520750808428413826   -0.98044794839822368929736854207175396203  0.0066544027257187765179463625108825701742
