 -0.87382197101699554331933679425836168532    0.74764394203399108663867358851672337064    0.10168981274041363384187361821373796809
  0.74764394203399108663867358851672337064   -0.87382197101699554331933679425836168532    0.10168981274041363384187361821373796809
 -0.87382197101699554331933679425836168532   -0.87382197101699554331933679425836168532    0.10168981274041363384187361821373796809
 -0.50142650965817915741672289378596184782  0.0028530193163583148334457875719236956481    0.23357255145275873205057922277115888265
0.0028530193163583148334457875719236956481   -0.50142650965817915741672289378596184782    0.23357255145275873205057922277115888265
 -0.50142650965817915741672289378596184782   -0.50142650965817915741672289378596184782    0.23357255145275873205057922277115888265
 -0.89370990031036610529350065673720370601    0.27300499824279729446028518882409939961    0.16570215123674715038710691284088490796
  0.27300499824279729446028518882409939961   -0.89370990031036610529350065673720370601    0.16570215123674715038710691284088490796
 -0.37929509793243118916678453208689569359    0.27300499824279729446028518882409939961    0.16570215123674715038710691284088490796
  0.27300499824279729446028518882409939961   -0.37929509793243118916678453208689569359    0.16570215123674715038710691284088490796
 -0.37929509793243118916678453208689569359   -0.89370990031036610529350065673720370601    0.16570215123674715038710691284088490796
 -0.89370990031036610529350065673720370601   -0.37929509793243118916678453208689569359    0.16570215123674715038710691284088490796
