 -0.93253870289082430257005654739836752385     0.8650774057816486051401130947967350477   0.033090100221584262071955896945834891238
   0.8650774057816486051401130947967350477   -0.93253870289082430257005654739836752385   0.033090100221584262071955896945834891238
 -0.93253870289082430257005654739836752385   -0.93253870289082430257005654739836752385   0.033090100221584262071955896945834891238
 -0.51684523480919288209962646032443600082   0.033690469618385764199252920648872001638    0.25588834246031114556580247036929262133
 0.033690469618385764199252920648872001638   -0.51684523480919288209962646032443600082    0.25588834246031114556580247036929262133
 -0.51684523480919288209962646032443600082   -0.51684523480919288209962646032443600082    0.25588834246031114556580247036929262133
-0.051380614990563531580838528101628435036   -0.89723877001887293683832294379674312993    0.15417329237197213566964304166748277293
 -0.89723877001887293683832294379674312993  -0.051380614990563531580838528101628435036    0.15417329237197213566964304166748277293
-0.051380614990563531580838528101628435036  -0.051380614990563531580838528101628435036    0.15417329237197213566964304166748277293
 -0.90592671069480953331718004928623004897    0.50856008110010635471247864925623992738    0.11175746580639956167963262884202819059
  0.50856008110010635471247864925623992738   -0.90592671069480953331718004928623004897    0.11175746580639956167963262884202819059
 -0.60263337040529682139529859997000987842    0.50856008110010635471247864925623992738    0.11175746580639956167963262884202819059
  0.50856008110010635471247864925623992738   -0.60263337040529682139529859997000987842    0.11175746580639956167963262884202819059
 -0.60263337040529682139529859997000987842   -0.90592671069480953331718004928623004897    0.11175746580639956167963262884202819059
 -0.90592671069480953331718004928623004897   -0.60263337040529682139529859997000987842    0.11175746580639956167963262884202819059
