 -0.33333333333333333333333333333333333333   -0.33333333333333333333333333333333333333   0.055640442805812463631566788253898051532
 -0.49084146465332177523029470374523072315  -0.018317070693356449539410592509538553699    0.05633280523008099012864178412473069936
-0.018317070693356449539410592509538553699   -0.49084146465332177523029470374523072315    0.05633280523008099012864178412473069936
 -0.49084146465332177523029470374523072315   -0.49084146465332177523029470374523072315    0.05633280523008099012864178412473069936
 -0.97804771794320447192070397628224037507    0.95609543588640894384140795256448075015  0.0031953631642664794478945847330657770722
  0.95609543588640894384140795256448075015   -0.97804771794320447192070397628224037507  0.0031953631642664794478945847330657770722
 -0.97804771794320447192070397628224037507   -0.97804771794320447192070397628224037507  0.0031953631642664794478945847330657770722
 -0.78123280657657080596625505020033275589    0.56246561315314161193251010040066551178   0.031320923104298133684407003648894203447
  0.56246561315314161193251010040066551178   -0.78123280657657080596625505020033275589   0.031320923104298133684407003648894203447
 -0.78123280657657080596625505020033275589   -0.78123280657657080596625505020033275589   0.031320923104298133684407003648894203447
 -0.62741000451091811445653498388475129105     0.2548200090218362289130699677695025821   0.036693851897011657919252854118138043537
   0.2548200090218362289130699677695025821   -0.62741000451091811445653498388475129105   0.036693851897011657919252854118138043537
 -0.62741000451091811445653498388475129105   -0.62741000451091811445653498388475129105   0.036693851897011657919252854118138043537
 -0.10889788608815036962555544313157118467   -0.78220422782369926074888911373685763067   0.037809599732929790747314162640799596721
 -0.78220422782369926074888911373685763067   -0.10889788608815036962555544313157118467   0.037809599732929790747314162640799596721
 -0.10889788608815036962555544313157118467   -0.10889788608815036962555544313157118467   0.037809599732929790747314162640799596721
 -0.92537823880223061201299256742556755612    0.85075647760446122402598513485113511224   0.008645101642662310104692722157806774508
  0.85075647760446122402598513485113511224   -0.92537823880223061201299256742556755612   0.008645101642662310104692722157806774508
 -0.92537823880223061201299256742556755612   -0.92537823880223061201299256742556755612   0.008645101642662310104692722157806774508
 -0.21314930436580028264207251299344481704   -0.57370139126839943471585497401311036593   0.055152202516281836053550890863277393079
 -0.57370139126839943471585497401311036593   -0.21314930436580028264207251299344481704   0.055152202516281836053550890863277393079
 -0.21314930436580028264207251299344481704   -0.21314930436580028264207251299344481704   0.055152202516281836053550890863277393079
-0.047508776919001973579296255534818088061   -0.90498244616199605284140748893036382388   0.028407301213633761967680465924479290382
 -0.90498244616199605284140748893036382388  -0.047508776919001973579296255534818088061   0.028407301213633761967680465924479290382
-0.047508776919001973579296255534818088061  -0.047508776919001973579296255534818088061   0.028407301213633761967680465924479290382
 -0.98485843899060694347353308294287690802    0.66659102367647249434430238008617319241  0.0088115896742339902561312708157853846482
  0.66659102367647249434430238008617319241   -0.98485843899060694347353308294287690802  0.0088115896742339902561312708157853846482
 -0.68173258468586555087076929714329628438    0.66659102367647249434430238008617319241  0.0088115896742339902561312708157853846482
  0.66659102367647249434430238008617319241   -0.68173258468586555087076929714329628438  0.0088115896742339902561312708157853846482
 -0.68173258468586555087076929714329628438   -0.98485843899060694347353308294287690802  0.0088115896742339902561312708157853846482
 -0.98485843899060694347353308294287690802   -0.68173258468586555087076929714329628438  0.0088115896742339902561312708157853846482
 -0.90687927018467136697246089078946388707     0.5098430057270950102124174847737658903   0.023945594315818760080585256144999165493
   0.5098430057270950102124174847737658903   -0.90687927018467136697246089078946388707   0.023945594315818760080585256144999165493
 -0.60296373554242364323995659398430200323     0.5098430057270950102124174847737658903   0.023945594315818760080585256144999165493
   0.5098430057270950102124174847737658903   -0.60296373554242364323995659398430200323   0.023945594315818760080585256144999165493
 -0.60296373554242364323995659398430200323   -0.90687927018467136697246089078946388707   0.023945594315818760080585256144999165493
 -0.90687927018467136697246089078946388707   -0.60296373554242364323995659398430200323   0.023945594315818760080585256144999165493
 -0.87181882878313187990026866476433962457    0.86210895356788437332353836160651207109  0.0045194784085034621179235150583929560485
  0.86210895356788437332353836160651207109   -0.87181882878313187990026866476433962457  0.0045194784085034621179235150583929560485
 -0.99029012478475249342326969684217244652    0.86210895356788437332353836160651207109  0.0045194784085034621179235150583929560485
  0.86210895356788437332353836160651207109   -0.99029012478475249342326969684217244652  0.0045194784085034621179235150583929560485
 -0.99029012478475249342326969684217244652   -0.87181882878313187990026866476433962457  0.0045194784085034621179235150583929560485
 -0.87181882878313187990026866476433962457   -0.99029012478475249342326969684217244652  0.0045194784085034621179235150583929560485
 -0.89002504171402637873154550296837045792    0.22375540709485139987629530764328543032   0.034668902268877332248730626058035734221
  0.22375540709485139987629530764328543032   -0.89002504171402637873154550296837045792   0.034668902268877332248730626058035734221
  -0.3337303653808250211447498046749149724    0.22375540709485139987629530764328543032   0.034668902268877332248730626058035734221
  0.22375540709485139987629530764328543032    -0.3337303653808250211447498046749149724   0.034668902268877332248730626058035734221
  -0.3337303653808250211447498046749149724   -0.89002504171402637873154550296837045792   0.034668902268877332248730626058035734221
 -0.89002504171402637873154550296837045792    -0.3337303653808250211447498046749149724   0.034668902268877332248730626058035734221
  -0.8000954074237226892341843533057676038    0.72336803787297349848896164841146460112   0.016582846110455430851049450635630476598
  0.72336803787297349848896164841146460112    -0.8000954074237226892341843533057676038   0.016582846110455430851049450635630476598
 -0.92327263044925080925477729510569699731    0.72336803787297349848896164841146460112   0.016582846110455430851049450635630476598
  0.72336803787297349848896164841146460112   -0.92327263044925080925477729510569699731   0.016582846110455430851049450635630476598
 -0.92327263044925080925477729510569699731    -0.8000954074237226892341843533057676038   0.016582846110455430851049450635630476598
  -0.8000954074237226892341843533057676038   -0.92327263044925080925477729510569699731   0.016582846110455430851049450635630476598
 -0.78754559055945991527489139589221510388    0.35633147577927110921599545999123193124   0.030890431288396919377481650650853417183
  0.35633147577927110921599545999123193124   -0.78754559055945991527489139589221510388   0.030890431288396919377481650650853417183
 -0.56878588521981119394110406409901682736    0.35633147577927110921599545999123193124   0.030890431288396919377481650650853417183
  0.35633147577927110921599545999123193124   -0.56878588521981119394110406409901682736   0.030890431288396919377481650650853417183
 -0.56878588521981119394110406409901682736   -0.78754559055945991527489139589221510388   0.030890431288396919377481650650853417183
 -0.78754559055945991527489139589221510388   -0.56878588521981119394110406409901682736   0.030890431288396919377481650650853417183
  -0.1599524823675518407071141661054621128     0.1402893857819467195500916946480886286    0.01478272600102119191287687445277038169
   0.1402893857819467195500916946480886286    -0.1599524823675518407071141661054621128    0.01478272600102119191287687445277038169
  -0.9803369034143948788429775285426265158     0.1402893857819467195500916946480886286    0.01478272600102119191287687445277038169
   0.1402893857819467195500916946480886286    -0.9803369034143948788429775285426265158    0.01478272600102119191287687445277038169
  -0.9803369034143948788429775285426265158    -0.1599524823675518407071141661054621128    0.01478272600102119191287687445277038169
  -0.1599524823675518407071141661054621128    -0.9803369034143948788429775285426265158    0.01478272600102119191287687445277038169
 -0.36427975232845596804806465673948070356   0.084663608344856170859761688802646336641   0.046766982927310947730184310937781849814
 0.084663608344856170859761688802646336641   -0.36427975232845596804806465673948070356   0.046766982927310947730184310937781849814
 -0.72038385601640020281169703206316563308   0.084663608344856170859761688802646336641   0.046766982927310947730184310937781849814
 0.084663608344856170859761688802646336641   -0.72038385601640020281169703206316563308   0.046766982927310947730184310937781849814
 -0.72038385601640020281169703206316563308   -0.36427975232845596804806465673948070356   0.046766982927310947730184310937781849814
 -0.36427975232845596804806465673948070356   -0.72038385601640020281169703206316563308   0.046766982927310947730184310937781849814
 -0.97852557428797782533895087798420844581    0.41736275144064735566397781689608203229   0.014312800953830741459725346431171736663
  0.41736275144064735566397781689608203229   -0.97852557428797782533895087798420844581   0.014312800953830741459725346431171736663
 -0.43883717715266953032502693891187358648    0.41736275144064735566397781689608203229   0.014312800953830741459725346431171736663
  0.41736275144064735566397781689608203229   -0.43883717715266953032502693891187358648   0.014312800953830741459725346431171736663
 -0.43883717715266953032502693891187358648   -0.97852557428797782533895087798420844581   0.014312800953830741459725346431171736663
 -0.97852557428797782533895087798420844581   -0.43883717715266953032502693891187358648   0.014312800953830741459725346431171736663
