 -0.33333333333333333333333333333333333333   -0.33333333333333333333333333333333333333    0.08867077476436815077519868131406480795
 -0.18927557173204904426648777856049828207   -0.62144885653590191146702444287900343586   0.085427563142921134082725838745668360696
 -0.62144885653590191146702444287900343586   -0.18927557173204904426648777856049828207   0.085427563142921134082725838745668360696
 -0.18927557173204904426648777856049828207   -0.18927557173204904426648777856049828207   0.085427563142921134082725838745668360696
 -0.85965289420002796503128049571314279073    0.71930578840005593006256099142628558146    0.03288947512525032753736001737701825892
  0.71930578840005593006256099142628558146   -0.85965289420002796503128049571314279073    0.03288947512525032753736001737701825892
 -0.85965289420002796503128049571314279073   -0.85965289420002796503128049571314279073    0.03288947512525032753736001737701825892
-0.051658637123960416042618609451788188253   -0.89668272575207916791476278109642362349   0.034792296001526829115453101768509506658
 -0.89668272575207916791476278109642362349  -0.051658637123960416042618609451788188253   0.034792296001526829115453101768509506658
-0.051658637123960416042618609451788188253  -0.051658637123960416042618609451788188253   0.034792296001526829115453101768509506658
 -0.54724257315930080341854883783076139455   0.094485146318601606837097675661522789095   0.093566723457419264712537789561548478374
 0.094485146318601606837097675661522789095   -0.54724257315930080341854883783076139455   0.093566723457419264712537789561548478374
 -0.54724257315930080341854883783076139455   -0.54724257315930080341854883783076139455   0.093566723457419264712537789561548478374
-0.010006086461747631524400704632178282105   -0.97998782707650473695119859073564343579   0.019147692364920172413138507253187117414
 -0.97998782707650473695119859073564343579  -0.010006086461747631524400704632178282105   0.019147692364920172413138507253187117414
-0.010006086461747631524400704632178282105  -0.010006086461747631524400704632178282105   0.019147692364920172413138507253187117414
 -0.96837654749802270888209653243226493969    0.93675309499604541776419306486452987938  0.0059215492758107511385526052767298787739
  0.93675309499604541776419306486452987938   -0.96837654749802270888209653243226493969  0.0059215492758107511385526052767298787739
 -0.96837654749802270888209653243226493969   -0.96837654749802270888209653243226493969  0.0059215492758107511385526052767298787739
  -0.9632477752286378160779112088372081634    0.33395128960373617989264707840742420014   0.031205145661151929503549831657000846318
  0.33395128960373617989264707840742420014    -0.9632477752286378160779112088372081634   0.031205145661151929503549831657000846318
 -0.37070351437509836381473586957021603674    0.33395128960373617989264707840742420014   0.031205145661151929503549831657000846318
  0.33395128960373617989264707840742420014   -0.37070351437509836381473586957021603674   0.031205145661151929503549831657000846318
 -0.37070351437509836381473586957021603674    -0.9632477752286378160779112088372081634   0.031205145661151929503549831657000846318
  -0.9632477752286378160779112088372081634   -0.37070351437509836381473586957021603674   0.031205145661151929503549831657000846318
 -0.98172152592538320992689636501802696381    0.83982431545247212980572119059358474792  0.0080597067440361992367286698217130156564
  0.83982431545247212980572119059358474792   -0.98172152592538320992689636501802696381  0.0080597067440361992367286698217130156564
 -0.85810278952708891987882482557555778411    0.83982431545247212980572119059358474792  0.0080597067440361992367286698217130156564
  0.83982431545247212980572119059358474792   -0.85810278952708891987882482557555778411  0.0080597067440361992367286698217130156564
 -0.85810278952708891987882482557555778411   -0.98172152592538320992689636501802696381  0.0080597067440361992367286698217130156564
 -0.98172152592538320992689636501802696381   -0.85810278952708891987882482557555778411  0.0080597067440361992367286698217130156564
  -0.6189288210472121331386195006280717197    0.43044471386290140376795873756746088333   0.057441173850402680461331283343301712008
  0.43044471386290140376795873756746088333    -0.6189288210472121331386195006280717197   0.057441173850402680461331283343301712008
 -0.81151589281568927062933923693938916363    0.43044471386290140376795873756746088333   0.057441173850402680461331283343301712008
  0.43044471386290140376795873756746088333   -0.81151589281568927062933923693938916363   0.057441173850402680461331283343301712008
 -0.81151589281568927062933923693938916363    -0.6189288210472121331386195006280717197   0.057441173850402680461331283343301712008
  -0.6189288210472121331386195006280717197   -0.81151589281568927062933923693938916363   0.057441173850402680461331283343301712008
 -0.66386270955517128907044482283274107879    0.62658528209883853982451662602671593723   0.023345242363151690679154011088673171842
  0.62658528209883853982451662602671593723   -0.66386270955517128907044482283274107879   0.023345242363151690679154011088673171842
 -0.96272257254366725075407180319397485844    0.62658528209883853982451662602671593723   0.023345242363151690679154011088673171842
  0.62658528209883853982451662602671593723   -0.96272257254366725075407180319397485844   0.023345242363151690679154011088673171842
 -0.96272257254366725075407180319397485844   -0.66386270955517128907044482283274107879   0.023345242363151690679154011088673171842
 -0.66386270955517128907044482283274107879   -0.96272257254366725075407180319397485844   0.023345242363151690679154011088673171842
 -0.32209877704944562157081399065909603587    0.13050532975422842890370386873351257506   0.062630952569938568823485827212302985766
  0.13050532975422842890370386873351257506   -0.32209877704944562157081399065909603587   0.062630952569938568823485827212302985766
 -0.80840655270478280733288987807441653919    0.13050532975422842890370386873351257506   0.062630952569938568823485827212302985766
  0.13050532975422842890370386873351257506   -0.80840655270478280733288987807441653919   0.062630952569938568823485827212302985766
 -0.80840655270478280733288987807441653919   -0.32209877704944562157081399065909603587   0.062630952569938568823485827212302985766
 -0.32209877704944562157081399065909603587   -0.80840655270478280733288987807441653919   0.062630952569938568823485827212302985766
