-0.33333333333333333333333333333333333333  -0.33333333333333333333333333333333333333   0.13592007317366328856354884936176975902
-0.02184610709492130019862056181959122469  -0.95630778581015739960275887636081755062  0.047988803857789461547421598901919307449
-0.95630778581015739960275887636081755062  -0.02184610709492130019862056181959122469  0.047988803857789461547421598901919307449
-0.02184610709492130019862056181959122469  -0.02184610709492130019862056181959122469  0.047988803857789461547421598901919307449
-0.55725542741633419869037489058984184448   0.11451085483266839738074978117968368896   0.11655697023839996280953416702667961903
 0.11451085483266839738074978117968368896  -0.55725542741633419869037489058984184448   0.11655697023839996280953416702667961903
-0.55725542741633419869037489058984184448  -0.55725542741633419869037489058984184448   0.11655697023839996280953416702667961903
-0.14611717148039918795837492993725157719  -0.70776565703920162408325014012549684562   0.11120393506090665741451493202092293506
-0.70776565703920162408325014012549684562  -0.14611717148039918795837492993725157719   0.11120393506090665741451493202092293506
-0.14611717148039918795837492993725157719  -0.14611717148039918795837492993725157719   0.11120393506090665741451493202092293506
 -0.9569806377823136322614173729318958348   0.91396127556462726452283474586379166961  0.012104674207078343683585600064581648939
 0.91396127556462726452283474586379166961   -0.9569806377823136322614173729318958348  0.012104674207078343683585600064581648939
 -0.9569806377823136322614173729318958348   -0.9569806377823136322614173729318958348  0.012104674207078343683585600064581648939
-0.82420903393560535081381299499933379777   0.49701423179990439034603719157741930009  0.048358079623187638274891491146121518585
 0.49701423179990439034603719157741930009  -0.82420903393560535081381299499933379777  0.048358079623187638274891491146121518585
-0.67280519786429903953222419657808550232   0.49701423179990439034603719157741930009  0.048358079623187638274891491146121518585
 0.49701423179990439034603719157741930009  -0.67280519786429903953222419657808550232  0.048358079623187638274891491146121518585
-0.67280519786429903953222419657808550232  -0.82420903393560535081381299499933379777  0.048358079623187638274891491146121518585
-0.82420903393560535081381299499933379777  -0.67280519786429903953222419657808550232  0.048358079623187638274891491146121518585
-0.77815591439307320917426090955665095644   0.72941554059088555060509190179138636667  0.029930802210331334526491714265806876009
 0.72941554059088555060509190179138636667  -0.77815591439307320917426090955665095644  0.029930802210331334526491714265806876009
-0.95125962619781234143083099223473541023   0.72941554059088555060509190179138636667  0.029930802210331334526491714265806876009
 0.72941554059088555060509190179138636667  -0.95125962619781234143083099223473541023  0.029930802210331334526491714265806876009
-0.95125962619781234143083099223473541023  -0.77815591439307320917426090955665095644  0.029930802210331334526491714265806876009
-0.77815591439307320917426090955665095644  -0.95125962619781234143083099223473541023  0.029930802210331334526491714265806876009
-0.38311647821576445068305629491750938056   0.24709199110735114163170870637247317166  0.069282552281696740931973657021836440891
 0.24709199110735114163170870637247317166  -0.38311647821576445068305629491750938056  0.069282552281696740931973657021836440891
 -0.8639755128915866909486524114549637911   0.24709199110735114163170870637247317166  0.069282552281696740931973657021836440891
 0.24709199110735114163170870637247317166   -0.8639755128915866909486524114549637911  0.069282552281696740931973657021836440891
 -0.8639755128915866909486524114549637911  -0.38311647821576445068305629491750938056  0.069282552281696740931973657021836440891
-0.38311647821576445068305629491750938056   -0.8639755128915866909486524114549637911  0.069282552281696740931973657021836440891
-0.98974722179523526288134119331774178805   0.44471558624837593052124026460956809725  0.019181362007086525445190180332221782772
 0.44471558624837593052124026460956809725  -0.98974722179523526288134119331774178805  0.019181362007086525445190180332221782772
 -0.4549683644531406676398990712918263092   0.44471558624837593052124026460956809725  0.019181362007086525445190180332221782772
 0.44471558624837593052124026460956809725   -0.4549683644531406676398990712918263092  0.019181362007086525445190180332221782772
 -0.4549683644531406676398990712918263092  -0.98974722179523526288134119331774178805  0.019181362007086525445190180332221782772
-0.98974722179523526288134119331774178805   -0.4549683644531406676398990712918263092  0.019181362007086525445190180332221782772
