  -0.33333333333333333333333333333333333333    -0.33333333333333333333333333333333333333     0.17152235946444843427639825073065398895
  -0.94302916477125618104036726638981901865      0.8860583295425123620807345327796380373    0.020863741025789391746056984197324633703
    0.8860583295425123620807345327796380373    -0.94302916477125618104036726638981901865    0.020863741025789391746056984197324633703
  -0.94302916477125618104036726638981901865    -0.94302916477125618104036726638981901865    0.020863741025789391746056984197324633703
  -0.57956008659364348598387546330841477973     0.15912017318728697196775092661682955946     0.14103136822343315668414771834585673963
   0.15912017318728697196775092661682955946    -0.57956008659364348598387546330841477973     0.14103136822343315668414771834585673963
  -0.57956008659364348598387546330841477973    -0.57956008659364348598387546330841477973     0.14103136822343315668414771834585673963
  -0.79472903457550713910176986023011167594     0.58945806915101427820353972046022335189    0.077261518474038644953267609178802298293
   0.58945806915101427820353972046022335189    -0.79472903457550713910176986023011167594    0.077261518474038644953267609178802298293
  -0.79472903457550713910176986023011167594    -0.79472903457550713910176986023011167594    0.077261518474038644953267609178802298293
-0.0082161980682181738701197619927680147278    -0.98356760386356365225976047601446397054     0.03321254610917073915275167855011212173
  -0.98356760386356365225976047601446397054  -0.0082161980682181738701197619927680147278     0.03321254610917073915275167855011212173
-0.0082161980682181738701197619927680147278  -0.0082161980682181738701197619927680147278     0.03321254610917073915275167855011212173
  -0.12306814647129561795332827431496109166    -0.75386370705740876409334345137007781667     0.13463230815893660239567441124657557177
  -0.75386370705740876409334345137007781667    -0.12306814647129561795332827431496109166     0.13463230815893660239567441124657557177
  -0.12306814647129561795332827431496109166    -0.12306814647129561795332827431496109166     0.13463230815893660239567441124657557177
  -0.70135042269583522760854842424565295474     0.68669956732370632439798287279764986108    0.020580579145906554986161254967959059438
   0.68669956732370632439798287279764986108    -0.70135042269583522760854842424565295474    0.020580579145906554986161254967959059438
  -0.98534914462787109678943444855199690633     0.68669956732370632439798287279764986108    0.020580579145906554986161254967959059438
   0.68669956732370632439798287279764986108    -0.98534914462787109678943444855199690633    0.020580579145906554986161254967959059438
  -0.98534914462787109678943444855199690633    -0.70135042269583522760854842424565295474    0.020580579145906554986161254967959059438
  -0.70135042269583522760854842424565295474    -0.98534914462787109678943444855199690633    0.020580579145906554986161254967959059438
  -0.90797899966914008822008044741026548976      0.3288167483937283948070953526650315723    0.080664953281001105168489835817596259842
    0.3288167483937283948070953526650315723    -0.90797899966914008822008044741026548976    0.080664953281001105168489835817596259842
  -0.42083774872458830658701490525476608254      0.3288167483937283948070953526650315723    0.080664953281001105168489835817596259842
    0.3288167483937283948070953526650315723    -0.42083774872458830658701490525476608254    0.080664953281001105168489835817596259842
  -0.42083774872458830658701490525476608254    -0.90797899966914008822008044741026548976    0.080664953281001105168489835817596259842
  -0.90797899966914008822008044741026548976    -0.42083774872458830658701490525476608254    0.080664953281001105168489835817596259842
