 -0.33333333333333333333333333333333333333   -0.33333333333333333333333333333333333333     0.2886312153555743365021822209781292496
-0.081414823414553687942368971011661355879   -0.83717035317089262411526205797667728824     0.1901832685345692495877922087771686332
 -0.83717035317089262411526205797667728824  -0.081414823414553687942368971011661355879     0.1901832685345692495877922087771686332
-0.081414823414553687942368971011661355879  -0.081414823414553687942368971011661355879     0.1901832685345692495877922087771686332
 -0.65886138449647958675541299701707099796    0.31772276899295917351082599403414199593    0.20643474106943650056358310058425806003
  0.31772276899295917351082599403414199593   -0.65886138449647958675541299701707099796    0.20643474106943650056358310058425806003
 -0.65886138449647958675541299701707099796   -0.65886138449647958675541299701707099796    0.20643474106943650056358310058425806003
 -0.89890554336593804908315289880680210631    0.79781108673187609816630579761360421262   0.064916995246396160621851856683561193593
  0.79781108673187609816630579761360421262   -0.89890554336593804908315289880680210631   0.064916995246396160621851856683561193593
 -0.89890554336593804908315289880680210631   -0.89890554336593804908315289880680210631   0.064916995246396160621851856683561193593
 -0.98321044518008478932557233092141110162    0.45698478591080856248200075835212392604    0.05446062834886998852968938014781784832
  0.45698478591080856248200075835212392604   -0.98321044518008478932557233092141110162    0.05446062834886998852968938014781784832
 -0.47377434073072377315642842743071282442    0.45698478591080856248200075835212392604    0.05446062834886998852968938014781784832
  0.45698478591080856248200075835212392604   -0.47377434073072377315642842743071282442    0.05446062834886998852968938014781784832
 -0.47377434073072377315642842743071282442   -0.98321044518008478932557233092141110162    0.05446062834886998852968938014781784832
 -0.98321044518008478932557233092141110162   -0.47377434073072377315642842743071282442    0.05446062834886998852968938014781784832
