-0.023592498108916896443983752262370486151    -0.9528150037821662071120324954752590277   0.048533676162904066301435945151216167798
  -0.9528150037821662071120324954752590277  -0.023592498108916896443983752262370486151   0.048533676162904066301435945151216167798
-0.023592498108916896443983752262370486151  -0.023592498108916896443983752262370486151   0.048533676162904066301435945151216167798
 -0.78148434468129141883250537599138250938    0.56296868936258283766501075198276501876   0.056972104137755089999388947815030892501
  0.56296868936258283766501075198276501876   -0.78148434468129141883250537599138250938   0.056972104137755089999388947815030892501
 -0.78148434468129141883250537599138250938   -0.78148434468129141883250537599138250938   0.056972104137755089999388947815030892501
 -0.45707498597014783024400810395490980293   -0.08585002805970433951198379209018039414    0.12508242639180552093864756289103967826
 -0.08585002805970433951198379209018039414   -0.45707498597014783024400810395490980293    0.12508242639180552093864756289103967826
 -0.45707498597014783024400810395490980293   -0.45707498597014783024400810395490980293    0.12508242639180552093864756289103967826
  -0.9507072731273288104665376055713308436    0.90141454625465762093307521114266168719   0.015863285019947276918629575811719468968
  0.90141454625465762093307521114266168719    -0.9507072731273288104665376055713308436   0.015863285019947276918629575811719468968
  -0.9507072731273288104665376055713308436    -0.9507072731273288104665376055713308436   0.015863285019947276918629575811719468968
 -0.11977670268281377797309259385418361789   -0.76044659463437244405381481229163276421   0.099836669856121884238103444121988601916
 -0.76044659463437244405381481229163276421   -0.11977670268281377797309259385418361789   0.099836669856121884238103444121988601916
 -0.11977670268281377797309259385418361789   -0.11977670268281377797309259385418361789   0.099836669856121884238103444121988601916
 -0.41668864052331807893217237613211876563     0.3706203278127837999688893722742605014   0.043567170077215115865262872678583643728
   0.3706203278127837999688893722742605014   -0.41668864052331807893217237613211876563   0.043567170077215115865262872678583643728
 -0.95393168728946572103671699614214173577     0.3706203278127837999688893722742605014   0.043567170077215115865262872678583643728
   0.3706203278127837999688893722742605014   -0.95393168728946572103671699614214173577   0.043567170077215115865262872678583643728
 -0.95393168728946572103671699614214173577   -0.41668864052331807893217237613211876563   0.043567170077215115865262872678583643728
 -0.41668864052331807893217237613211876563   -0.95393168728946572103671699614214173577   0.043567170077215115865262872678583643728
  -0.7674079606441468267385037317005977222    0.25649950336711213367579227673445839675    0.08645472731882842109826654183371845927
  0.25649950336711213367579227673445839675    -0.7674079606441468267385037317005977222    0.08645472731882842109826654183371845927
 -0.48909154272296530693728854503386067454    0.25649950336711213367579227673445839675    0.08645472731882842109826654183371845927
  0.25649950336711213367579227673445839675   -0.48909154272296530693728854503386067454    0.08645472731882842109826654183371845927
 -0.48909154272296530693728854503386067454    -0.7674079606441468267385037317005977222    0.08645472731882842109826654183371845927
  -0.7674079606441468267385037317005977222   -0.48909154272296530693728854503386067454    0.08645472731882842109826654183371845927
  0.70267558502048008323600722086411689719   -0.74544056553282126242431625050523532213   0.030167355153022877171701180925533825614
 -0.74544056553282126242431625050523532213    0.70267558502048008323600722086411689719   0.030167355153022877171701180925533825614
 -0.95723501948765882081169097035888157506   -0.74544056553282126242431625050523532213   0.030167355153022877171701180925533825614
 -0.74544056553282126242431625050523532213   -0.95723501948765882081169097035888157506   0.030167355153022877171701180925533825614
 -0.95723501948765882081169097035888157506    0.70267558502048008323600722086411689719   0.030167355153022877171701180925533825614
  0.70267558502048008323600722086411689719   -0.95723501948765882081169097035888157506   0.030167355153022877171701180925533825614
