-0.33333333333333333333333333333333333333  -0.33333333333333333333333333333333333333   0.16348665829257193285623736996835522439
-0.93588925356611297413803082132702052207   0.87177850713222594827606164265404104414  0.026705937626299132551145956798137306994
 0.87177850713222594827606164265404104414  -0.93588925356611297413803082132702052207  0.026705937626299132551145956798137306994
-0.93588925356611297413803082132702052207  -0.93588925356611297413803082132702052207  0.026705937626299132551145956798137306994
-0.71567779788687122981567579361808335656   0.43135559577374245963135158723616671312    0.0919159272094894560275758192650956328
 0.43135559577374245963135158723616671312  -0.71567779788687122981567579361808335656    0.0919159272094894560275758192650956328
-0.71567779788687122981567579361808335656  -0.71567779788687122981567579361808335656    0.0919159272094894560275758192650956328
-0.35637400942232915754980487802790257253  0.060108237854688056554191347891388233782   0.12780981279284809086579746752530664373
0.060108237854688056554191347891388233782  -0.35637400942232915754980487802790257253   0.12780981279284809086579746752530664373
-0.70373422843235889900438646986348566125  0.060108237854688056554191347891388233782   0.12780981279284809086579746752530664373
0.060108237854688056554191347891388233782  -0.70373422843235889900438646986348566125   0.12780981279284809086579746752530664373
-0.70373422843235889900438646986348566125  -0.35637400942232915754980487802790257253   0.12780981279284809086579746752530664373
-0.35637400942232915754980487802790257253  -0.70373422843235889900438646986348566125   0.12780981279284809086579746752530664373
-0.94076022102254046473232746114791439895   0.20246665736691849090948578691737561875  0.068369296325918857257383168082684580517
 0.20246665736691849090948578691737561875  -0.94076022102254046473232746114791439895  0.068369296325918857257383168082684580517
 -0.2617064363443780261771583257694612198   0.20246665736691849090948578691737561875  0.068369296325918857257383168082684580517
 0.20246665736691849090948578691737561875   -0.2617064363443780261771583257694612198  0.068369296325918857257383168082684580517
 -0.2617064363443780261771583257694612198  -0.94076022102254046473232746114791439895  0.068369296325918857257383168082684580517
-0.94076022102254046473232746114791439895   -0.2617064363443780261771583257694612198  0.068369296325918857257383168082684580517
-0.94326466932012312149912848884373958881   0.61586120184575813015989980576348821814  0.050595515414576768778085581365666435125
 0.61586120184575813015989980576348821814  -0.94326466932012312149912848884373958881  0.050595515414576768778085581365666435125
-0.67259653252563500866077131691974862932   0.61586120184575813015989980576348821814  0.050595515414576768778085581365666435125
 0.61586120184575813015989980576348821814  -0.67259653252563500866077131691974862932  0.050595515414576768778085581365666435125
-0.67259653252563500866077131691974862932  -0.94326466932012312149912848884373958881  0.050595515414576768778085581365666435125
-0.94326466932012312149912848884373958881  -0.67259653252563500866077131691974862932  0.050595515414576768778085581365666435125
