 -0.33333333333333333333333333333333333333   -0.33333333333333333333333333333333333333    0.19427159256559766763848396501457725948
 -0.12582081701412672546013927112929005464   -0.74835836597174654907972145774141989072    0.15565508200954855863347871259880791224
 -0.74835836597174654907972145774141989072   -0.12582081701412672546013927112929005464    0.15565508200954855863347871259880791224
 -0.12582081701412672546013927112929005464   -0.12582081701412672546013927112929005464    0.15565508200954855863347871259880791224
 -0.62359292876193453951807743906532886378    0.24718585752386907903615487813065772755     0.1592954778544205060657835485280905465
  0.24718585752386907903615487813065772755   -0.62359292876193453951807743906532886378     0.1592954778544205060657835485280905465
 -0.62359292876193453951807743906532886378   -0.62359292876193453951807743906532886378     0.1592954778544205060657835485280905465
-0.020634961602524744432586150327614401262   -0.95873007679495051113482769934477119748   0.062669400454278141073709662574418630986
 -0.95873007679495051113482769934477119748  -0.020634961602524744432586150327614401262   0.062669400454278141073709662574418630986
-0.020634961602524744432586150327614401262  -0.020634961602524744432586150327614401262   0.062669400454278141073709662574418630986
    -0.91054097321109458026978682006744727       0.82108194642218916053957364013489454   0.051155351317396062523357597117999647955
     0.82108194642218916053957364013489454      -0.91054097321109458026978682006744727   0.051155351317396062523357597117999647955
    -0.91054097321109458026978682006744727      -0.91054097321109458026978682006744727   0.051155351317396062523357597117999647955
 -0.92632317589052743273036480243322979538    0.48239719756899604138015974704684765487   0.086567078754578754578754578754578754579
  0.48239719756899604138015974704684765487   -0.92632317589052743273036480243322979538   0.086567078754578754578754578754578754579
 -0.55607402167846860864979494461361785949    0.48239719756899604138015974704684765487   0.086567078754578754578754578754578754579
  0.48239719756899604138015974704684765487   -0.55607402167846860864979494461361785949   0.086567078754578754578754578754578754579
 -0.55607402167846860864979494461361785949   -0.92632317589052743273036480243322979538   0.086567078754578754578754578754578754579
 -0.92632317589052743273036480243322979538   -0.55607402167846860864979494461361785949   0.086567078754578754578754578754578754579
