 -0.64558893517491312608677861906988184783    0.29117787034982625217355723813976369567   0.084325177473986035076460874648372259691
  0.29117787034982625217355723813976369567   -0.64558893517491312608677861906988184783   0.084325177473986035076460874648372259691
 -0.64558893517491312608677861906988184783   -0.64558893517491312608677861906988184783   0.084325177473986035076460874648372259691
 -0.16471056131909215498111835562871312178   -0.67057887736181569003776328874257375644   0.065576707088250701282621957477250686472
 -0.67057887736181569003776328874257375644   -0.16471056131909215498111835562871312178   0.065576707088250701282621957477250686472
 -0.16471056131909215498111835562871312178   -0.16471056131909215498111835562871312178   0.065576707088250701282621957477250686472
 -0.87640023381825479746504234312612842323    0.75280046763650959493008468625225684647   0.028867399339553335203419842961306633228
  0.75280046763650959493008468625225684647   -0.87640023381825479746504234312612842323   0.028867399339553335203419842961306633228
 -0.87640023381825479746504234312612842323   -0.87640023381825479746504234312612842323   0.028867399339553335203419842961306633228
-0.022072179275642722645247959095219528414   -0.95585564144871455470950408180956094317   0.043767162738857781281689891926651943066
 -0.95585564144871455470950408180956094317  -0.022072179275642722645247959095219528414   0.043767162738857781281689891926651943066
-0.022072179275642722645247959095219528414  -0.022072179275642722645247959095219528414   0.043767162738857781281689891926651943066
 -0.45304494338232268049011143347460288761  -0.093910113235354639019777133050794224782    0.10354820901458317262956982033279280483
-0.093910113235354639019777133050794224782   -0.45304494338232268049011143347460288761    0.10354820901458317262956982033279280483
 -0.45304494338232268049011143347460288761   -0.45304494338232268049011143347460288761    0.10354820901458317262956982033279280483
 -0.96121807750259790364349980989094097785     0.9224361550051958072869996197818819557   0.009846807204800163363652047018084309531
   0.9224361550051958072869996197818819557   -0.96121807750259790364349980989094097785   0.009846807204800163363652047018084309531
 -0.96121807750259790364349980989094097785   -0.96121807750259790364349980989094097785   0.009846807204800163363652047018084309531
 -0.40325423572748449405833696388077454282    0.37396033561617567471725430804062611952   0.028872616227067680992177383998031606893
  0.37396033561617567471725430804062611952   -0.40325423572748449405833696388077454282   0.028872616227067680992177383998031606893
 -0.97070609988869118065891734415985157669    0.37396033561617567471725430804062611952   0.028872616227067680992177383998031606893
  0.37396033561617567471725430804062611952   -0.97070609988869118065891734415985157669   0.028872616227067680992177383998031606893
 -0.97070609988869118065891734415985157669   -0.40325423572748449405833696388077454282   0.028872616227067680992177383998031606893
 -0.40325423572748449405833696388077454282   -0.97070609988869118065891734415985157669   0.028872616227067680992177383998031606893
 -0.88575048519270412192864575156217057937    0.54121710954999296517806654833485591265   0.049331506425127347925750490367272456636
  0.54121710954999296517806654833485591265   -0.88575048519270412192864575156217057937   0.049331506425127347925750490367272456636
 -0.65546662435728884324942079677268533329    0.54121710954999296517806654833485591265   0.049331506425127347925750490367272456636
  0.54121710954999296517806654833485591265   -0.65546662435728884324942079677268533329   0.049331506425127347925750490367272456636
 -0.65546662435728884324942079677268533329   -0.88575048519270412192864575156217057937   0.049331506425127347925750490367272456636
 -0.88575048519270412192864575156217057937   -0.65546662435728884324942079677268533329   0.049331506425127347925750490367272456636
 -0.32627708040730999651188960582214922188    0.14044458169336634699539242672470851928   0.077143021574121366456978055620821718469
  0.14044458169336634699539242672470851928   -0.32627708040730999651188960582214922188   0.077143021574121366456978055620821718469
  -0.8141675012860563504835028209025592974    0.14044458169336634699539242672470851928   0.077143021574121366456978055620821718469
  0.14044458169336634699539242672470851928    -0.8141675012860563504835028209025592974   0.077143021574121366456978055620821718469
  -0.8141675012860563504835028209025592974   -0.32627708040730999651188960582214922188   0.077143021574121366456978055620821718469
 -0.32627708040730999651188960582214922188    -0.8141675012860563504835028209025592974   0.077143021574121366456978055620821718469
 -0.99746333813425594982550719780901461465    0.75951434274034225902914327394920365201   0.010020457677001343539720186164978232925
  0.75951434274034225902914327394920365201   -0.99746333813425594982550719780901461465   0.010020457677001343539720186164978232925
 -0.76205100460608630920363607614018903735    0.75951434274034225902914327394920365201   0.010020457677001343539720186164978232925
  0.75951434274034225902914327394920365201   -0.76205100460608630920363607614018903735   0.010020457677001343539720186164978232925
 -0.76205100460608630920363607614018903735   -0.99746333813425594982550719780901461465   0.010020457677001343539720186164978232925
 -0.99746333813425594982550719780901461465   -0.76205100460608630920363607614018903735   0.010020457677001343539720186164978232925
